"","stat_area","tow_id","survey","year","month","day","doy","tow_duration","lat","lon","catch_n","catch_n_f","catch_n_m","catch_n_a","catch_n_j","vessel","area_swept"
"1",513,"SP01.10","ME",2001,4,25,115,17,43.2783,-70.3802,26,10,16,23,3,"ME",10.54
"2",511,"SP01.100","ME",2001,5,23,143,20,44.4822,-67.3225,17,12,5,11,6,"ME",20.6
"3",511,"SP01.101","ME",2001,5,23,143,20,44.5894,-67.282,85,50,35,33,52,"ME",17.2
"4",511,"SP01.102","ME",2001,5,23,143,20,44.6051,-67.3563,38,18,20,31,7,"ME",16.2
"5",511,"SP01.103","ME",2001,5,23,143,18,44.5423,-67.5018,63,42,21,38,25,"ME",13.5
"6",511,"SP01.104","ME",2001,5,24,144,20,44.4251,-67.1332,2,1,1,2,0,"ME",15.4
"7",511,"SP01.106","ME",2001,5,24,144,11,44.6993,-67.0459,8,5,3,6,2,"ME",7.7
"8",511,"SP01.107","ME",2001,5,24,144,20,44.6618,-67.0857,27,12,15,21,6,"ME",19.2
"9",467,"SP01.108","ME",2001,5,25,145,20,44.7117,-66.9519,2,2,0,2,0,"ME",18.2
"10",513,"SP01.11","ME",2001,4,25,115,20,43.2494,-70.3459,40,16,24,38,2,"ME",13.4
"11",511,"SP01.110","ME",2001,5,25,145,20,44.7137,-67.0976,43,22,21,35,8,"ME",21.2
"12",511,"SP01.111","ME",2001,5,25,145,20,44.684,-67.1283,34,20,14,28,6,"ME",20.2
"13",513,"SP01.12","ME",2001,4,26,116,21,43.2607,-70.5398,15,9,6,9,6,"ME",18.27
"14",513,"SP01.13","ME",2001,4,26,116,20,43.2949,-70.4953,17,3,14,13,4,"ME",14.4
"15",513,"SP01.14","ME",2001,4,26,116,20,43.4343,-70.3116,3,1,2,3,0,"ME",14.4
"16",513,"SP01.15","ME",2001,4,26,116,17,43.456,-70.257,17,17,0,13,4,"ME",11.73
"17",513,"SP01.16","ME",2001,4,27,117,20,43.3997,-70.1286,6,2,4,6,0,"ME",14.4
"18",513,"SP01.17","ME",2001,4,27,117,20,43.3874,-70.2391,38,23,15,33,5,"ME",13.2
"19",513,"SP01.18","ME",2001,4,27,117,20,43.4224,-70.2908,74,39,35,51,23,"ME",15.6
"20",513,"SP01.19","ME",2001,4,27,117,20,43.4634,-70.2536,78,42,36,44,34,"ME",14.6
"21",513,"SP01.2","ME",2001,4,23,113,20,42.8902,-70.6854,20,12,8,16,4,"ME",14.8
"22",513,"SP01.20","ME",2001,4,27,117,20,43.5317,-70.2783,1,1,0,0,1,"ME",15
"23",513,"SP01.21","ME",2001,4,27,117,20,43.5033,-70.2047,123,53,70,77,46,"ME",15.2
"24",513,"SP01.22","ME",2001,4,30,120,20,43.5279,-70.0179,11,3,8,11,0,"ME",15.4
"25",513,"SP01.23","ME",2001,4,30,120,20,43.6585,-70.0847,42,25,17,19,23,"ME",16.8
"26",513,"SP01.24","ME",2001,4,30,120,20,43.7266,-70.1596,6,2,4,4,2,"ME",18.8
"27",513,"SP01.25","ME",2001,5,1,121,20,43.6669,-69.9737,326,169,157,148,178,"ME",15.6
"28",513,"SP01.26","ME",2001,5,1,121,17,43.6901,-69.8886,13,5,8,12,1,"ME",11.9
"29",513,"SP01.27","ME",2001,5,1,121,20,43.6668,-69.9112,208,118,90,106,102,"ME",18.2
"30",513,"SP01.28","ME",2001,5,1,121,20,43.6025,-69.8713,20,7,13,12,8,"ME",15.2
"31",513,"SP01.29","ME",2001,5,1,121,20,43.5808,-69.8088,1,1,0,1,0,"ME",15.8
"32",513,"SP01.3","ME",2001,4,23,113,20,42.932,-70.7506,1,0,1,1,0,"ME",15.6
"33",513,"SP01.30","ME",2001,5,1,121,20,43.6351,-69.7553,4,3,1,4,0,"ME",19.2
"34",513,"SP01.31","ME",2001,5,2,122,20,43.6992,-69.7452,49,22,27,43,6,"ME",19
"35",513,"SP01.32","ME",2001,5,2,122,20,43.6495,-69.8041,11,5,6,11,0,"ME",17.6
"36",513,"SP01.34","ME",2001,5,2,122,20,43.7545,-69.6477,64,30,34,35,29,"ME",16.8
"37",513,"SP01.35","ME",2001,5,2,122,21,43.8061,-69.6433,2,2,0,0,2,"ME",17.64
"38",513,"SP01.36","ME",2001,5,3,123,20,43.9143,-69.447,65,37,28,26,39,"ME",18.2
"39",513,"SP01.37","ME",2001,5,3,123,20,43.8217,-69.488,41,20,21,20,21,"ME",16.4
"40",513,"SP01.38","ME",2001,5,3,123,18,43.8176,-69.451,32,17,15,26,6,"ME",13.5
"41",513,"SP01.39","ME",2001,5,3,123,21,43.7488,-69.4735,3,3,0,1,2,"ME",18.27
"42",513,"SP01.4","ME",2001,4,23,113,20,42.9899,-70.6442,2,1,1,1,1,"ME",16
"43",513,"SP01.40","ME",2001,5,3,123,20,43.8579,-69.5279,28,13,15,18,10,"ME",17.2
"44",513,"SP01.41","ME",2001,5,4,124,20,43.9053,-69.3391,36,23,13,23,13,"ME",16
"45",513,"SP01.42","ME",2001,5,4,124,20,43.7644,-69.3909,12,6,6,9,3,"ME",17.4
"46",513,"SP01.43","ME",2001,5,4,124,17,43.6774,-69.3777,1,1,0,1,0,"ME",11.05
"47",513,"SP01.44","ME",2001,5,4,124,20,43.8005,-69.5445,98,52,46,34,64,"ME",16
"48",512,"SP01.45","ME",2001,5,7,127,15,43.8856,-69.183,37,19,18,32,5,"ME",9.75
"49",512,"SP01.46","ME",2001,5,7,127,20,43.9214,-69.1311,373,167,206,288,85,"ME",15.6
"50",512,"SP01.47","ME",2001,5,7,127,14,43.8619,-69.0843,84,52,32,67,17,"ME",7.28
"51",512,"SP01.48","ME",2001,5,7,127,14,43.8619,-69.0339,120,56,64,76,44,"ME",7.42
"52",512,"SP01.49","ME",2001,5,8,128,20,44.1309,-68.967,12,7,5,10,2,"ME",16.4
"53",513,"SP01.5","ME",2001,4,24,114,20,42.9601,-70.4636,3,2,1,3,0,"ME",15.6
"54",512,"SP01.51","ME",2001,5,8,128,21,44.2895,-68.8848,1,1,0,1,0,"ME",18.69
"55",512,"SP01.53","ME",2001,5,8,128,19,44.2329,-68.9854,3,0,3,3,0,"ME",15.77
"56",512,"SP01.54","ME",2001,5,8,128,20,44.1854,-68.991,2,1,1,2,0,"ME",17.2
"57",513,"SP01.55","ME",2001,5,9,129,16,43.5817,-69.0914,1,0,1,1,0,"ME",10.4
"58",512,"SP01.56","ME",2001,5,9,129,20,43.6156,-68.937,1,1,0,1,0,"ME",17.4
"59",512,"SP01.57","ME",2001,5,10,130,19,43.9325,-68.865,14,6,8,13,1,"ME",15.77
"60",512,"SP01.58","ME",2001,5,10,130,16,43.9789,-68.71,12,6,6,12,0,"ME",10.4
"61",512,"SP01.59","ME",2001,5,10,130,20,44.1116,-68.7837,85,45,40,70,15,"ME",15.6
"62",513,"SP01.6","ME",2001,4,24,114,21,42.9595,-70.5217,20,6,14,18,2,"ME",15.96
"63",512,"SP01.60","ME",2001,5,10,130,20,44.2554,-68.7942,1,0,1,1,0,"ME",15.4
"64",512,"SP01.61","ME",2001,5,10,130,20,44.13,-68.7464,297,150,147,236,61,"ME",17.4
"65",512,"SP01.62","ME",2001,5,11,131,20,43.7727,-68.7237,5,4,1,5,0,"ME",17.8
"66",512,"SP01.63","ME",2001,5,11,131,20,43.8965,-68.6694,3,2,1,3,0,"ME",16.4
"67",512,"SP01.64","ME",2001,5,14,134,21,43.9133,-68.7531,13,9,4,11,2,"ME",18.48
"68",512,"SP01.65","ME",2001,5,14,134,17,43.9104,-68.6221,4,1,3,4,0,"ME",14.11
"69",512,"SP01.66","ME",2001,5,14,134,16,43.9186,-68.6456,6,5,1,6,0,"ME",13.6
"70",512,"SP01.67","ME",2001,5,14,134,20,44.001,-68.4697,5,3,2,5,0,"ME",15.8
"71",512,"SP01.68","ME",2001,5,14,134,16,44.1307,-68.4829,151,63,88,127,24,"ME",9.6
"72",512,"SP01.69","ME",2001,5,15,135,16,44.1675,-68.5296,198,78,120,159,39,"ME",9.76
"73",513,"SP01.7","ME",2001,4,25,115,19,43.1839,-70.4241,22,10,12,17,5,"ME",11.97
"74",512,"SP01.70","ME",2001,5,15,135,20,44.0224,-68.394,4,1,3,4,0,"ME",16
"75",512,"SP01.71","ME",2001,5,15,135,20,43.9917,-68.4197,1,1,0,1,0,"ME",16.6
"76",512,"SP01.72","ME",2001,5,15,135,20,44.0078,-68.5558,12,4,8,10,2,"ME",15
"77",512,"SP01.73","ME",2001,5,15,135,16,43.9549,-68.4123,5,2,3,5,0,"ME",9.6
"78",512,"SP01.74","ME",2001,5,16,136,20,44.2136,-68.4234,92,39,53,76,16,"ME",15.8
"79",512,"SP01.75","ME",2001,5,16,136,20,44.143,-68.2632,61,30,31,45,16,"ME",15
"80",512,"SP01.76","ME",2001,5,16,136,20,44.0419,-68.2636,3,0,3,2,1,"ME",15.2
"81",512,"SP01.77","ME",2001,5,16,136,20,43.9838,-68.3137,3,2,1,3,0,"ME",15.6
"82",512,"SP01.78","ME",2001,5,17,137,20,44.4465,-68.305,1,1,0,1,0,"ME",14.8
"83",512,"SP01.79","ME",2001,5,17,137,20,44.4389,-68.2379,6,4,2,6,0,"ME",15.2
"84",513,"SP01.8","ME",2001,4,25,115,23,43.1454,-70.3905,34,17,16,31,3,"ME",19.55
"85",512,"SP01.80","ME",2001,5,17,137,20,44.4078,-68.2302,6,2,4,5,1,"ME",15.8
"86",512,"SP01.81","ME",2001,5,17,137,19,44.3938,-68.1133,165,85,80,113,52,"ME",15.2
"87",512,"SP01.82","ME",2001,5,17,137,20,44.2884,-68.1328,29,11,18,25,4,"ME",16.2
"88",512,"SP01.83","ME",2001,5,17,137,19,44.2133,-68.0673,6,2,4,3,3,"ME",14.25
"89",512,"SP01.84","ME",2001,5,17,137,21,44.2328,-68.1314,56,25,31,44,12,"ME",18.27
"90",512,"SP01.86","ME",2001,5,18,138,20,44.1598,-67.9554,4,2,2,3,1,"ME",16.6
"91",512,"SP01.87","ME",2001,5,18,138,20,44.2477,-67.9992,9,5,4,7,2,"ME",16
"92",512,"SP01.88","ME",2001,5,18,138,20,44.291,-68.0019,61,26,35,51,10,"ME",15.8
"93",511,"SP01.89","ME",2001,5,21,141,20,44.3185,-67.8508,74,47,27,63,11,"ME",15.6
"94",513,"SP01.9","ME",2001,4,25,115,18,43.1896,-70.384,16,7,9,15,1,"ME",11.88
"95",511,"SP01.90","ME",2001,5,21,141,20,44.3085,-67.872,83,31,52,66,17,"ME",16.8
"96",511,"SP01.91","ME",2001,5,21,141,20,44.3832,-67.9156,289,148,141,247,42,"ME",16.8
"97",511,"SP01.92","ME",2001,5,21,141,17,44.4583,-67.7886,146,63,83,112,34,"ME",15.47
"98",511,"SP01.93","ME",2001,5,22,142,20,44.4517,-67.7265,208,107,101,159,49,"ME",20.2
"99",511,"SP01.95","ME",2001,5,22,142,20,44.3015,-67.6631,1,1,0,1,0,"ME",16.8
"100",511,"SP01.98","ME",2001,5,23,143,20,44.4141,-67.5695,60,32,28,45,15,"ME",16.8
"101",511,"SP01.99","ME",2001,5,23,143,20,44.4259,-67.4499,3,2,1,3,0,"ME",17.4
"102",513,"SP02.1","ME",2002,5,6,126,20,42.865,-70.7443,14,5,9,13,1,"ME",15.4
"103",513,"SP02.10","ME",2002,5,8,128,20,43.1678,-70.3204,5,2,3,5,0,"ME",15
"104",513,"SP02.11","ME",2002,5,8,128,20,43.2943,-70.4965,44,26,18,34,10,"ME",13.8
"105",513,"SP02.12","ME",2002,5,8,128,20,43.2111,-70.554,3,3,0,2,1,"ME",12.8
"106",513,"SP02.13","ME",2002,5,9,129,20,43.3955,-70.1981,4,2,2,4,0,"ME",16.6
"107",513,"SP02.14","ME",2002,5,9,129,20,43.4015,-70.1348,8,6,2,8,0,"ME",15.4
"108",513,"SP02.15","ME",2002,5,9,129,20,43.4227,-70.2907,207,91,116,127,80,"ME",16.4
"109",513,"SP02.16","ME",2002,5,9,129,19,43.4998,-70.3337,23,6,17,18,5,"ME",11.78
"110",513,"SP02.17","ME",2002,5,10,130,20,43.5035,-70.2073,177,86,91,99,78,"ME",15.4
"111",513,"SP02.18","ME",2002,5,10,130,20,43.4841,-70.2079,68,39,29,35,33,"ME",11.6
"112",513,"SP02.19","ME",2002,5,10,130,20,43.4723,-70.3229,81,33,48,59,22,"ME",13.2
"113",513,"SP02.2","ME",2002,5,6,126,23,42.8828,-70.6586,2,0,2,2,0,"ME",19.78
"114",513,"SP02.20","ME",2002,5,13,133,20,43.5218,-70.0253,1,1,0,0,1,"ME",14.2
"115",513,"SP02.21","ME",2002,5,13,133,13,43.655,-70.0561,337,156,181,188,149,"ME",6.5
"116",513,"SP02.22","ME",2002,5,13,133,20,43.6514,-70.0929,61,32,29,28,33,"ME",12.6
"117",513,"SP02.23","ME",2002,5,15,135,21,43.775,-70.0681,158,70,88,86,72,"ME",15.54
"118",513,"SP02.24","ME",2002,5,15,135,20,43.6582,-69.9749,254,129,125,61,193,"ME",15
"119",513,"SP02.25","ME",2002,5,15,135,20,43.5806,-69.9552,13,4,9,9,4,"ME",14.6
"120",513,"SP02.26","ME",2002,5,15,135,20,43.6029,-69.8716,19,9,10,9,10,"ME",15
"121",513,"SP02.27","ME",2002,5,15,135,20,43.6592,-69.7917,41,21,20,38,3,"ME",14.4
"122",513,"SP02.28","ME",2002,5,15,135,20,43.7084,-69.7422,252,117,133,226,26,"ME",14.4
"123",513,"SP02.29","ME",2002,5,16,136,20,43.6274,-69.757,14,7,7,5,9,"ME",13.8
"124",513,"SP02.3","ME",2002,5,6,126,20,42.9117,-70.6452,9,2,7,9,0,"ME",16.2
"125",513,"SP02.30","ME",2002,5,16,136,20,43.6885,-69.6821,82,40,42,61,21,"ME",13.6
"126",513,"SP02.31","ME",2002,5,16,136,16,43.7061,-69.9497,430,195,235,186,244,"ME",8.16
"127",513,"SP02.32","ME",2002,5,16,136,20,43.7214,-69.9113,490,266,224,381,109,"ME",15.4
"128",513,"SP02.33","ME",2002,5,16,136,20,43.8002,-69.6948,462,215,247,142,320,"ME",14
"129",513,"SP02.34","ME",2002,5,17,137,20,43.7548,-69.6494,289,137,152,147,142,"ME",15.6
"130",513,"SP02.35","ME",2002,5,17,137,20,43.7499,-69.7386,11,4,7,9,2,"ME",14.4
"131",513,"SP02.36","ME",2002,5,17,137,20,43.7358,-69.3396,25,10,15,17,8,"ME",15
"132",513,"SP02.37","ME",2002,5,17,137,20,43.845,-69.4056,186,113,73,130,56,"ME",14.4
"133",513,"SP02.38","ME",2002,5,17,137,20,43.8368,-69.4845,166,92,74,55,111,"ME",14.8
"134",512,"SP02.39","ME",2002,5,21,141,20,43.8605,-69.2717,859,400,459,342,517,"ME",14.6
"135",513,"SP02.4","ME",2002,5,6,126,21,42.9292,-70.7543,22,10,12,22,0,"ME",17.01
"136",512,"SP02.40","ME",2002,5,21,141,16,43.77133,-69.1104,7,2,5,6,1,"ME",9.28
"137",512,"SP02.41","ME",2002,5,21,141,18,43.9231,-69.12547,501,226,275,306,195,"ME",10.62
"138",512,"SP02.42","ME",2002,5,21,141,15,43.9346,-69.12515,393,162,231,211,182,"ME",6.6
"139",512,"SP02.43","ME",2002,5,22,142,20,44.14593,-69.0327,19,6,13,16,3,"ME",14.8
"140",512,"SP02.45","ME",2002,5,22,142,20,44.28902,-68.88475,2,1,1,2,0,"ME",15.4
"141",512,"SP02.47","ME",2002,5,22,142,20,44.33012,-68.83423,2,0,2,2,0,"ME",15.8
"142",512,"SP02.48","ME",2002,5,22,142,16,44.22883,-68.9862,2,1,1,2,0,"ME",10.56
"143",512,"SP02.49","ME",2002,5,23,143,20,43.86437,-69.0833,125,69,56,91,34,"ME",15
"144",513,"SP02.5","ME",2002,5,7,127,20,42.9909,-70.6433,39,20,19,34,5,"ME",15.2
"145",512,"SP02.50","ME",2002,5,23,143,20,43.8363,-69.11195,196,99,97,91,105,"ME",9.4
"146",512,"SP02.51","ME",2002,5,23,143,20,43.8887,-68.7906,63,28,35,54,9,"ME",14.6
"147",512,"SP02.52","ME",2002,5,24,144,18,43.90803,-68.62493,10,7,3,10,0,"ME",9.36
"148",512,"SP02.53","ME",2002,5,25,145,20,43.90277,-68.75245,14,9,5,13,1,"ME",16.4
"149",512,"SP02.54","ME",2002,5,25,145,19,43.91812,-68.77043,7,2,5,7,0,"ME",14.25
"150",512,"SP02.55","ME",2002,5,25,145,15,43.9794,-68.71423,10,4,6,10,0,"ME",6.75
"151",512,"SP02.56","ME",2002,5,25,145,20,44.1436,-68.75593,11,5,6,7,4,"ME",14.8
"152",512,"SP02.57","ME",2002,5,25,145,18,44.18628,-68.73725,26,7,19,24,2,"ME",10.08
"153",512,"SP02.58","ME",2002,5,27,147,20,44.01553,-68.54345,34,18,16,26,8,"ME",15
"154",512,"SP02.59","ME",2002,5,27,147,14,44.12443,-68.4795,143,64,79,134,9,"ME",7
"155",513,"SP02.6","ME",2002,5,7,127,20,42.9724,-70.5153,4,3,1,4,0,"ME",14.6
"156",512,"SP02.60","ME",2002,5,27,147,15,44.15798,-68.5409,96,34,62,67,29,"ME",8.7
"157",512,"SP02.61","ME",2002,5,28,148,20,43.92093,-68.58272,6,4,2,6,0,"ME",15.6
"158",512,"SP02.62","ME",2002,5,28,148,20,43.96745,-68.3725,3,2,1,3,0,"ME",17.8
"159",512,"SP02.63","ME",2002,5,28,148,20,44.00093,-68.46567,10,8,2,10,0,"ME",18
"160",512,"SP02.64","ME",2002,5,28,148,20,44.04493,-68.30957,11,7,4,10,1,"ME",17
"161",512,"SP02.66","ME",2002,5,29,149,20,44.3434,-68.47925,1,0,1,1,0,"ME",17.8
"162",512,"SP02.67","ME",2002,5,29,149,20,44.20723,-68.43603,87,41,46,66,21,"ME",13.4
"163",512,"SP02.68","ME",2002,5,29,149,16,44.13687,-68.25547,54,38,16,43,11,"ME",8
"164",512,"SP02.69","ME",2002,5,30,150,20,44.00628,-68.09,6,5,1,5,1,"ME",12.2
"165",513,"SP02.7","ME",2002,5,7,127,21,43.0012,-70.4813,1,0,1,1,0,"ME",18.06
"166",512,"SP02.70","ME",2002,5,30,150,20,44.09012,-68.10523,10,3,7,10,0,"ME",15.2
"167",512,"SP02.71","ME",2002,5,30,150,20,44.18278,-68.04438,9,3,6,6,3,"ME",16.2
"168",512,"SP02.72","ME",2002,5,31,151,20,44.21277,-68.08103,18,7,11,8,10,"ME",17.4
"169",512,"SP02.73","ME",2002,5,31,151,21,44.28535,-68.13123,51,16,35,33,18,"ME",19.74
"170",512,"SP02.74","ME",2002,5,31,151,19,44.38457,-68.11767,244,113,131,140,104,"ME",13.87
"171",512,"SP02.75","ME",2002,5,31,151,20,44.43242,-68.195,11,5,6,11,0,"ME",15
"172",511,"SP02.76","ME",2002,6,3,154,10,44.39412,-67.92497,347,163,184,241,106,"ME",3
"173",511,"SP02.77","ME",2002,6,3,154,20,44.32223,-67.85705,69,33,36,52,17,"ME",10.8
"174",511,"SP02.78","ME",2002,6,3,154,20,44.23587,-67.79763,5,3,2,5,0,"ME",16.4
"175",511,"SP02.79","ME",2002,6,3,154,20,44.30163,-67.66167,12,9,3,12,0,"ME",7.6
"176",513,"SP02.8","ME",2002,5,7,127,20,43.0351,-70.4575,2,2,0,2,0,"ME",17.6
"177",511,"SP02.80","ME",2002,6,4,155,20,44.46157,-67.72425,213,103,110,133,80,"ME",15
"178",511,"SP02.81","ME",2002,6,4,155,15,44.45833,-67.65018,112,59,53,90,22,"ME",10.35
"179",511,"SP02.82","ME",2002,6,4,155,20,44.40232,-67.7299,114,62,52,83,31,"ME",16.4
"180",511,"SP02.83","ME",2002,6,4,155,20,44.37078,-67.67887,106,56,50,98,8,"ME",15.6
"181",511,"SP02.84","ME",2002,6,4,155,20,44.435,-67.53027,41,21,20,32,9,"ME",16
"182",511,"SP02.85","ME",2002,6,5,156,20,44.58763,-67.28667,88,55,33,43,45,"ME",15.8
"183",511,"SP02.86","ME",2002,6,5,156,18,44.54577,-67.33492,47,28,19,37,10,"ME",13.68
"184",511,"SP02.87","ME",2002,6,6,157,20,44.69982,-67.04305,27,11,16,19,8,"ME",15.2
"185",467,"SP02.88","ME",2002,6,6,157,20,44.75112,-66.93453,1,0,1,1,0,"ME",23.8
"186",467,"SP02.89","ME",2002,6,6,157,20,44.70815,-66.95508,3,1,2,3,0,"ME",22
"187",513,"SP02.9","ME",2002,5,8,128,20,43.1471,-70.3882,22,8,14,20,2,"ME",15.2
"188",467,"SP02.90","ME",2002,6,6,157,18,44.71083,-66.9841,8,2,6,6,2,"ME",13.68
"189",511,"SP02.91","ME",2002,6,6,157,16,44.62145,-67.09818,36,15,21,36,0,"ME",12.64
"190",511,"SP02.92","ME",2002,6,7,158,20,44.5014,-67.3961,117,68,49,87,30,"ME",16.4
"191",511,"SP02.93","ME",2002,6,7,158,20,44.42513,-67.13368,2,2,0,2,0,"ME",15
"192",513,"SP03.1","ME",2003,5,5,125,20,42.93685,-70.74628,10,1,9,9,1,"ME",16.8
"193",513,"SP03.10","ME",2003,5,7,127,20,43.15272,-70.37645,16,7,9,14,2,"ME",15.2
"194",467,"SP03.100","ME",2003,6,6,157,21,44.77567,-66.92848,2,0,2,2,0,"ME",17.85
"195",511,"SP03.101","ME",2003,6,6,157,20,44.68058,-67.00647,41,21,20,36,5,"ME",14.8
"196",513,"SP03.11","ME",2003,5,7,127,20,43.20315,-70.2646,1,0,1,1,0,"ME",19
"197",513,"SP03.12","ME",2003,5,7,127,20,43.29133,-70.5084,62,29,33,46,16,"ME",16.8
"198",513,"SP03.14","ME",2003,5,8,128,19,43.39912,-70.1314,5,3,2,5,0,"ME",13.3
"199",513,"SP03.15","ME",2003,5,8,128,20,43.3913,-70.2571,37,18,19,26,11,"ME",14.4
"200",513,"SP03.16","ME",2003,5,8,128,20,43.43333,-70.29,144,61,83,96,48,"ME",13.6
"201",513,"SP03.17","ME",2003,5,9,129,20,43.46215,-70.1904,28,9,19,25,3,"ME",15.6
"202",513,"SP03.18","ME",2003,5,9,129,21,43.51167,-70.19598,173,72,101,78,95,"ME",20.37
"203",513,"SP03.19","ME",2003,5,9,129,20,43.5217,-70.3101,8,5,3,8,0,"ME",15.8
"204",513,"SP03.2","ME",2003,5,5,125,20,42.876,-70.71207,66,30,36,61,5,"ME",17.6
"205",513,"SP03.20","ME",2003,5,9,129,20,43.46857,-70.31467,49,23,26,45,4,"ME",14.6
"206",513,"SP03.21","ME",2003,5,12,132,23,43.52977,-70.0236,2,0,2,2,0,"ME",16.79
"207",513,"SP03.22","ME",2003,5,12,132,20,43.49443,-70.0527,2,2,0,2,0,"ME",14.2
"208",513,"SP03.24","ME",2003,5,13,133,20,43.7136,-70.17493,51,22,29,37,14,"ME",14.6
"209",513,"SP03.25","ME",2003,5,13,133,20,43.69488,-69.97407,189,78,111,97,92,"ME",16.2
"210",513,"SP03.26","ME",2003,5,13,133,20,43.66567,-69.9416,83,38,45,41,42,"ME",15.2
"211",513,"SP03.27","ME",2003,5,13,133,20,43.61188,-69.8702,6,3,3,2,4,"ME",17.6
"212",513,"SP03.28","ME",2003,5,13,133,20,43.65858,-69.80095,47,32,15,45,2,"ME",15
"213",513,"SP03.29","ME",2003,5,14,134,18,43.71198,-69.74395,141,65,76,130,11,"ME",13.14
"214",513,"SP03.3","ME",2003,5,5,125,20,42.93208,-70.67022,39,15,24,31,8,"ME",13.4
"215",513,"SP03.30","ME",2003,5,14,134,20,43.77502,-69.71627,69,28,41,57,12,"ME",16.6
"216",513,"SP03.31","ME",2003,5,14,134,20,43.72195,-69.69667,207,100,107,113,94,"ME",15.8
"217",513,"SP03.32","ME",2003,5,14,134,20,43.75298,-69.6501,185,90,95,97,88,"ME",10.6
"218",513,"SP03.33","ME",2003,5,14,134,20,43.7981,-69.62642,116,57,59,63,53,"ME",15
"219",512,"SP03.34","ME",2003,5,15,135,10,43.69753,-69.2864,5,4,1,4,1,"ME",4
"220",513,"SP03.38","ME",2003,5,16,136,20,43.82442,-69.48893,61,27,34,26,35,"ME",15.8
"221",513,"SP03.39","ME",2003,5,16,136,20,43.75125,-69.43373,7,4,3,6,1,"ME",13.4
"222",513,"SP03.4","ME",2003,5,5,125,20,42.88578,-70.54807,9,4,5,9,0,"ME",13.8
"223",513,"SP03.40","ME",2003,5,16,136,20,43.7649,-69.48705,12,6,6,12,0,"ME",14.6
"224",513,"SP03.41","ME",2003,5,16,136,16,43.86967,-69.53987,24,14,10,16,8,"ME",11.68
"225",512,"SP03.42","ME",2003,5,19,139,20,43.82117,-69.1126,36,20,16,24,12,"ME",15
"226",512,"SP03.43","ME",2003,5,19,139,17,43.87163,-69.24447,314,161,153,188,126,"ME",11.05
"227",512,"SP03.44","ME",2003,5,19,139,20,43.88077,-69.08242,188,80,108,130,58,"ME",19.2
"228",512,"SP03.45","ME",2003,5,19,139,20,43.925,-69.11937,306,131,175,256,50,"ME",14.6
"229",512,"SP03.46","ME",2003,5,20,140,20,44.05938,-69.02052,65,22,43,59,6,"ME",15.6
"230",512,"SP03.47","ME",2003,5,20,140,20,44.13957,-69.01457,1,0,1,1,0,"ME",14.8
"231",513,"SP03.5","ME",2003,5,6,126,20,42.95167,-70.47573,1,0,1,1,0,"ME",18.2
"232",512,"SP03.50","ME",2003,5,20,140,20,44.27725,-68.86122,5,2,3,4,1,"ME",17
"233",512,"SP03.51","ME",2003,5,20,140,15,44.2382,-68.8613,1,1,0,1,0,"ME",8.85
"234",512,"SP03.52","ME",2003,5,20,140,20,43.6191,-68.93308,3,3,0,3,0,"ME",16.2
"235",513,"SP03.53","ME",2003,5,20,140,20,43.60002,-69.11002,5,4,1,5,0,"ME",14.6
"236",512,"SP03.54","ME",2003,5,20,140,20,43.60317,-68.82998,1,1,0,1,0,"ME",15.8
"237",512,"SP03.55","ME",2003,5,22,142,20,43.9072,-68.62377,14,7,7,13,1,"ME",16.4
"238",512,"SP03.56","ME",2003,5,22,142,20,43.89482,-68.66767,12,5,7,11,1,"ME",16.8
"239",512,"SP03.57","ME",2003,5,22,142,20,43.7711,-68.64757,2,2,0,2,0,"ME",16
"240",512,"SP03.58","ME",2003,5,23,143,20,43.91553,-68.75188,21,12,9,21,0,"ME",16.4
"241",512,"SP03.59","ME",2003,5,23,143,20,43.9211,-68.75962,21,13,8,17,4,"ME",14
"242",513,"SP03.6","ME",2003,5,6,126,20,43.00183,-70.33887,1,0,1,1,0,"ME",17.4
"243",512,"SP03.60","ME",2003,5,23,143,20,43.98175,-68.68027,17,11,6,15,2,"ME",15.6
"244",512,"SP03.61","ME",2003,5,23,143,20,44.13348,-68.75567,5,1,4,4,1,"ME",17
"245",512,"SP03.62","ME",2003,5,27,147,21,44.15208,-68.54248,69,31,38,59,10,"ME",14.07
"246",512,"SP03.63","ME",2003,5,27,147,15,44.12065,-68.47208,134,51,83,115,19,"ME",16.2
"247",512,"SP03.64","ME",2003,5,27,147,20,44.01563,-68.5431,27,15,12,26,1,"ME",16
"248",512,"SP03.65","ME",2003,5,27,147,18,43.9421,-68.55028,3,3,0,3,0,"ME",13.32
"249",512,"SP03.66","ME",2003,5,27,147,20,43.93167,-68.44435,3,2,1,3,0,"ME",15.8
"250",512,"SP03.67","ME",2003,5,27,147,18,43.95448,-68.3949,8,5,3,8,0,"ME",13.14
"251",512,"SP03.68","ME",2003,5,28,148,20,43.94213,-68.2897,4,3,1,4,0,"ME",16
"252",512,"SP03.69","ME",2003,5,28,148,20,44.04173,-68.31683,21,11,10,19,2,"ME",14.4
"253",512,"SP03.70","ME",2003,5,28,148,20,44.21933,-68.07702,27,17,10,20,7,"ME",16
"254",512,"SP03.71","ME",2003,5,28,148,20,44.30547,-68.12593,35,15,20,25,10,"ME",16.2
"255",512,"SP03.72","ME",2003,5,29,149,20,44.20547,-68.4244,147,62,85,124,23,"ME",16
"256",512,"SP03.73","ME",2003,5,29,149,20,44.28442,-68.472,3,1,2,3,0,"ME",14.4
"257",512,"SP03.74","ME",2003,5,29,149,20,44.37823,-68.4364,1,1,0,1,0,"ME",17
"258",512,"SP03.75","ME",2003,5,29,149,20,44.05693,-68.05177,7,6,1,7,0,"ME",14.4
"259",512,"SP03.76","ME",2003,5,29,149,20,44.02873,-67.99783,3,3,0,3,0,"ME",14.4
"260",512,"SP03.77","ME",2003,5,30,150,20,44.44047,-68.1608,2,1,1,2,0,"ME",15
"261",512,"SP03.78","ME",2003,5,30,150,20,44.3709,-68.14848,20,6,14,16,4,"ME",15
"262",512,"SP03.79","ME",2003,5,30,150,20,44.31097,-68.0736,67,30,37,53,14,"ME",13.6
"263",513,"SP03.8","ME",2003,5,6,126,20,43.07565,-70.4632,3,2,1,3,0,"ME",15.8
"264",512,"SP03.80","ME",2003,5,30,150,21,44.27157,-68.00747,41,25,16,30,11,"ME",16.59
"265",512,"SP03.81","ME",2003,5,30,150,20,44.18723,-68.03017,14,10,4,12,2,"ME",14.8
"266",511,"SP03.82","ME",2003,6,2,153,20,44.36977,-67.90845,74,36,38,59,15,"ME",14
"267",511,"SP03.83","ME",2003,6,2,153,20,44.3202,-67.85337,61,40,21,51,10,"ME",13.4
"268",511,"SP03.84","ME",2003,6,2,153,18,44.28667,-67.80793,16,10,6,9,7,"ME",14.04
"269",511,"SP03.85","ME",2003,6,2,153,20,44.21503,-67.8017,8,6,2,8,0,"ME",16.8
"270",511,"SP03.86","ME",2003,6,3,154,18,44.46763,-67.725,224,132,92,168,56,"ME",12.6
"271",511,"SP03.87","ME",2003,6,3,154,16,44.44158,-67.78813,65,32,33,52,13,"ME",8.48
"272",511,"SP03.88","ME",2003,6,3,154,20,44.3,-67.68007,6,2,4,5,1,"ME",17.6
"273",511,"SP03.89","ME",2003,6,3,154,20,44.27447,-67.66023,4,2,2,4,0,"ME",15.2
"274",513,"SP03.9","ME",2003,5,6,126,17,43.03332,-70.5593,19,9,10,18,1,"ME",10.54
"275",511,"SP03.90","ME",2003,6,3,154,20,44.26122,-67.58523,3,3,0,3,0,"ME",15
"276",511,"SP03.91","ME",2003,6,4,155,20,44.30085,-67.49437,6,5,1,6,0,"ME",15.4
"277",511,"SP03.92","ME",2003,6,4,155,20,44.33582,-67.34772,3,3,0,3,0,"ME",14
"278",511,"SP03.93","ME",2003,6,4,155,20,44.34478,-67.28427,1,1,0,1,0,"ME",13.8
"279",511,"SP03.94","ME",2003,6,4,155,20,44.42067,-67.44837,48,23,25,42,6,"ME",16.4
"280",511,"SP03.95","ME",2003,6,5,156,20,44.4381,-67.52645,64,32,32,49,15,"ME",15.4
"281",511,"SP03.96","ME",2003,6,5,156,17,44.51737,-67.42603,41,24,17,36,5,"ME",9.69
"282",511,"SP03.97","ME",2003,6,5,156,20,44.6014,-67.43507,90,46,44,72,18,"ME",18.2
"283",511,"SP03.98","ME",2003,6,6,157,20,44.59113,-67.27423,111,63,48,52,59,"ME",14.2
"284",467,"SP03.99","ME",2003,6,6,157,16,44.70425,-66.9535,5,3,2,5,0,"ME",11.04
"285",513,"SP04.1","ME",2004,5,3,124,20,42.92667,-70.7545,4,3,1,4,0,"ME",16
"286",513,"SP04.10","ME",2004,5,5,126,20,43.15427,-70.37777,31,15,16,28,3,"ME",13.8
"287",511,"SP04.100","ME",2004,6,7,159,20,44.566,-67.28417,12,7,5,11,1,"ME",16.4
"288",511,"SP04.101","ME",2004,6,8,160,20,44.60567,-67.36267,101,49,52,89,12,"ME",15.8
"289",511,"SP04.102","ME",2004,6,8,160,20,44.69067,-67.12133,104,66,38,99,5,"ME",19.8
"290",511,"SP04.103","ME",2004,6,8,160,20,44.72883,-67.01917,2,1,1,1,1,"ME",21
"291",513,"SP04.11","ME",2004,5,5,126,20,43.18178,-70.43545,38,21,17,32,6,"ME",16.2
"292",513,"SP04.12","ME",2004,5,5,126,14,43.18842,-70.38387,13,6,7,11,2,"ME",6.3
"293",513,"SP04.13","ME",2004,5,6,127,20,43.26267,-70.537,52,25,27,39,13,"ME",17.6
"294",513,"SP04.14","ME",2004,5,6,127,20,43.28467,-70.50633,32,14,18,29,3,"ME",17.6
"295",513,"SP04.15","ME",2004,5,6,127,20,43.30943,-70.2562,29,9,20,26,3,"ME",15
"296",513,"SP04.16","ME",2004,5,6,127,17,43.27083,-70.171,1,1,0,1,0,"ME",11.9
"297",513,"SP04.17","ME",2004,5,6,127,20,43.40767,-70.12583,5,3,2,5,0,"ME",18.4
"298",513,"SP04.18","ME",2004,5,6,127,20,43.40967,-70.08067,1,1,0,1,0,"ME",15
"299",513,"SP04.19","ME",2004,5,7,128,20,43.421,-70.29067,128,55,73,86,42,"ME",15.4
"300",513,"SP04.2","ME",2004,5,3,124,18,42.96417,-70.65917,6,2,4,6,0,"ME",12.42
"301",513,"SP04.20","ME",2004,5,7,128,20,43.50017,-70.33233,5,1,4,4,1,"ME",18.2
"302",513,"SP04.21","ME",2004,5,7,128,20,43.53033,-70.27917,3,1,2,2,1,"ME",17.2
"303",513,"SP04.22","ME",2004,5,7,128,20,43.509,-70.19333,43,22,21,26,17,"ME",17.4
"304",513,"SP04.23","ME",2004,5,10,131,19,43.763,-70.08233,14,7,7,5,9,"ME",14.06
"305",513,"SP04.24","ME",2004,5,10,131,20,43.79183,-70.01383,13,7,6,10,3,"ME",15
"306",513,"SP04.25","ME",2004,5,10,131,20,43.646,-70.061,225,114,111,166,59,"ME",16.2
"307",513,"SP04.26","ME",2004,5,10,131,20,43.65017,-70.00717,127,61,66,89,38,"ME",14.6
"308",513,"SP04.27","ME",2004,5,11,132,20,43.52783,-70.01733,2,0,2,2,0,"ME",14.4
"309",513,"SP04.3","ME",2004,5,3,124,20,42.9385,-70.66133,14,10,4,10,4,"ME",16.6
"310",513,"SP04.31","ME",2004,5,11,132,20,43.54683,-69.69533,3,3,0,2,1,"ME",14.8
"311",513,"SP04.33","ME",2004,5,12,133,19,43.60933,-69.86383,1,0,1,1,0,"ME",16.91
"312",513,"SP04.34","ME",2004,5,12,133,20,43.6365,-69.85567,63,23,40,42,21,"ME",15.2
"313",513,"SP04.35","ME",2004,5,12,133,20,43.65917,-69.792,37,23,14,34,3,"ME",16
"314",513,"SP04.36","ME",2004,5,12,133,20,43.6786,-69.8682,39,19,20,38,1,"ME",15.6
"315",513,"SP04.37","ME",2004,5,13,134,20,43.8095,-69.64417,115,52,63,65,50,"ME",13.2
"316",513,"SP04.38","ME",2004,5,13,134,20,43.7555,-69.64983,83,49,34,42,41,"ME",15.6
"317",513,"SP04.39","ME",2004,5,13,134,20,43.71383,-69.74233,149,71,78,142,7,"ME",15
"318",513,"SP04.4","ME",2004,5,3,124,20,42.94945,-70.60273,13,7,6,10,3,"ME",15.4
"319",513,"SP04.41","ME",2004,5,14,135,20,43.75267,-69.36067,5,3,2,4,1,"ME",15.4
"320",513,"SP04.42","ME",2004,5,14,135,20,43.7865,-69.38417,12,6,6,8,4,"ME",15.4
"321",513,"SP04.43","ME",2004,5,14,135,20,43.77267,-69.46317,13,8,5,12,1,"ME",14.8
"322",513,"SP04.44","ME",2004,5,14,135,20,43.839,-69.48433,41,20,21,24,17,"ME",15.4
"323",513,"SP04.45","ME",2004,5,14,135,20,43.92467,-69.40067,39,16,23,15,24,"ME",14.6
"324",512,"SP04.46","ME",2004,5,17,138,20,43.77233,-69.22233,25,11,14,13,12,"ME",16.2
"325",512,"SP04.47","ME",2004,5,17,138,20,43.87817,-69.08233,199,91,108,132,67,"ME",14.4
"326",512,"SP04.48","ME",2004,5,17,138,20,43.92717,-69.12667,485,225,259,392,93,"ME",16.2
"327",512,"SP04.49","ME",2004,5,17,138,20,43.96283,-69.15367,76,23,53,56,20,"ME",15.6
"328",513,"SP04.5","ME",2004,5,4,125,21,42.863,-70.47133,1,0,1,1,0,"ME",15.12
"329",512,"SP04.50","ME",2004,5,18,139,20,44.14333,-69.03933,7,4,3,6,1,"ME",15.2
"330",512,"SP04.51","ME",2004,5,19,140,20,44.17917,-68.93883,2,2,0,2,0,"ME",15.2
"331",512,"SP04.54","ME",2004,5,19,140,20,44.14317,-68.76083,7,3,4,7,0,"ME",16
"332",512,"SP04.55","ME",2004,5,19,140,20,44.1775,-68.75417,28,9,19,26,2,"ME",17.2
"333",512,"SP04.56","ME",2004,5,19,140,20,44.17217,-68.80017,5,0,5,5,0,"ME",15.6
"334",512,"SP04.57","ME",2004,5,20,141,20,43.78467,-69.085,4,4,0,4,0,"ME",15.8
"335",512,"SP04.58","ME",2004,5,20,141,20,43.72117,-69.09467,4,3,1,4,0,"ME",15.6
"336",513,"SP04.59","ME",2004,5,20,141,20,43.562,-69.10983,2,1,1,2,0,"ME",15.6
"337",513,"SP04.6","ME",2004,5,5,126,20,42.9785,-70.516,6,5,1,6,0,"ME",13.6
"338",512,"SP04.60","ME",2004,5,20,141,19,43.61583,-68.93733,2,1,1,2,0,"ME",13.68
"339",512,"SP04.61","ME",2004,5,21,142,20,43.9175,-68.7535,5,3,2,4,1,"ME",15.8
"340",512,"SP04.62","ME",2004,5,21,142,20,43.91033,-68.63167,7,5,2,7,0,"ME",15.8
"341",512,"SP04.63","ME",2004,5,21,142,20,43.77167,-68.65283,1,0,1,1,0,"ME",15.8
"342",512,"SP04.64","ME",2004,5,21,142,17,43.789,-68.695,3,2,1,3,0,"ME",10.88
"343",512,"SP04.65","ME",2004,5,24,145,20,44.1645,-68.53333,50,26,24,42,8,"ME",15.4
"344",512,"SP04.66","ME",2004,5,24,145,20,44.00917,-68.55533,21,14,7,21,0,"ME",15.6
"345",512,"SP04.67","ME",2004,5,24,145,20,43.94433,-68.5625,2,1,1,2,0,"ME",14.8
"346",512,"SP04.69","ME",2004,5,25,146,20,43.94933,-68.405,2,1,1,2,0,"ME",14.6
"347",513,"SP04.7","ME",2004,5,5,126,20,42.95707,-70.46027,4,1,3,4,0,"ME",15.2
"348",512,"SP04.71","ME",2004,5,25,146,20,43.94517,-68.28483,5,5,0,5,0,"ME",14.8
"349",512,"SP04.73","ME",2004,5,26,147,20,44.27883,-68.43467,11,0,11,9,2,"ME",16.2
"350",512,"SP04.74","ME",2004,5,26,147,20,44.24333,-68.47367,38,20,18,28,10,"ME",16.8
"351",512,"SP04.75","ME",2004,5,27,148,20,44.2145,-68.42383,91,41,50,84,7,"ME",15.2
"352",512,"SP04.76","ME",2004,5,27,148,13,44.14117,-68.25917,51,25,26,43,8,"ME",6.5
"353",512,"SP04.77","ME",2004,5,27,148,20,44.22283,-68.07517,13,9,4,11,2,"ME",16
"354",512,"SP04.78","ME",2004,5,27,148,20,44.21217,-67.98567,12,7,5,11,1,"ME",15.8
"355",512,"SP04.79","ME",2004,5,27,148,20,44.1275,-68.0195,2,1,1,2,0,"ME",15.6
"356",513,"SP04.8","ME",2004,5,5,126,20,43.06468,-70.45453,2,0,2,2,0,"ME",14.4
"357",512,"SP04.80","ME",2004,5,27,148,20,44.05217,-68.064,2,1,1,2,0,"ME",16
"358",512,"SP04.81","ME",2004,5,28,149,20,44.27567,-68.00967,58,23,35,42,16,"ME",15.4
"359",512,"SP04.82","ME",2004,5,28,149,20,44.31783,-68.10033,93,44,49,85,8,"ME",15
"360",512,"SP04.83","ME",2004,5,28,149,20,44.29567,-68.12667,29,10,19,23,6,"ME",15.4
"361",512,"SP04.84","ME",2004,5,28,149,20,44.27767,-68.27433,25,5,20,22,3,"ME",16
"362",512,"SP04.85","ME",2004,5,31,152,20,44.30367,-67.98833,30,12,18,24,6,"ME",15.6
"363",511,"SP04.86","ME",2004,5,31,152,16,44.25567,-67.86533,4,4,0,4,0,"ME",9.76
"364",511,"SP04.87","ME",2004,5,31,152,20,44.38367,-67.91567,149,80,69,127,22,"ME",16.4
"365",511,"SP04.88","ME",2004,5,31,152,20,44.3305,-67.852,31,14,17,26,5,"ME",15
"366",511,"SP04.89","ME",2004,6,1,153,20,44.4515,-67.72167,264,140,124,204,60,"ME",16.8
"367",513,"SP04.9","ME",2004,5,5,126,20,43.08747,-70.30015,1,0,1,1,0,"ME",15.8
"368",511,"SP04.90","ME",2004,6,1,153,20,44.379,-67.66567,24,12,12,20,4,"ME",15.8
"369",511,"SP04.91","ME",2004,6,1,153,20,44.33467,-67.63183,6,4,2,6,0,"ME",15
"370",511,"SP04.92","ME",2004,6,1,153,20,44.2985,-67.68017,6,3,3,6,0,"ME",15
"371",511,"SP04.93","ME",2004,6,2,154,20,44.344,-67.5055,7,4,3,7,0,"ME",15.4
"372",511,"SP04.95","ME",2004,6,2,154,20,44.34417,-67.29283,3,2,1,3,0,"ME",15.6
"373",467,"SP04.96","ME",2004,6,3,155,20,44.69967,-66.96167,10,5,5,9,1,"ME",16.4
"374",467,"SP04.97","ME",2004,6,3,155,10,44.70067,-66.99033,6,3,3,5,1,"ME",6.1
"375",511,"SP04.98","ME",2004,6,7,159,20,44.42117,-67.45317,15,7,8,11,4,"ME",15.4
"376",511,"SP04.99","ME",2004,6,7,159,20,44.58367,-67.31133,11,7,4,11,0,"ME",15.8
"377",513,"SP05.1","ME",2005,5,2,122,20,42.92733,-70.75217,20,7,13,19,1,"ME",15.52
"378",513,"SP05.10","ME",2005,5,4,124,20,43.0945,-70.473,15,8,7,13,2,"ME",15.28
"379",511,"SP05.100","ME",2005,6,9,160,20,44.61717,-67.17917,18,9,9,15,3,"ME",16.5
"380",511,"SP05.101","ME",2005,6,9,160,19,44.629,-67.2015,45,22,23,37,8,"ME",14.155
"381",511,"SP05.102","ME",2005,6,10,161,20,44.5855,-67.30167,92,52,40,74,18,"ME",18.52
"382",511,"SP05.103","ME",2005,6,10,161,20,44.59083,-67.4565,54,31,23,49,5,"ME",16.12
"383",511,"SP05.104","ME",2005,6,10,161,20,44.51983,-67.45183,165,84,81,125,40,"ME",15.38
"384",513,"SP05.11","ME",2005,5,4,124,20,43.08717,-70.30017,1,0,1,1,0,"ME",15.8
"385",513,"SP05.12","ME",2005,5,4,124,20,43.14783,-70.39033,15,7,8,12,3,"ME",15
"386",513,"SP05.13","ME",2005,5,4,124,20,43.159,-70.40533,23,7,16,18,5,"ME",16.34
"387",513,"SP05.14","ME",2005,5,5,125,20,43.29517,-70.49367,38,18,20,30,8,"ME",15.7
"388",513,"SP05.15","ME",2005,5,5,125,20,43.29833,-70.10583,2,1,1,2,0,"ME",16.02
"389",513,"SP05.16","ME",2005,5,5,125,20,43.40333,-70.13,2,0,2,2,0,"ME",16.32
"390",513,"SP05.17","ME",2005,5,5,125,15,43.48767,-70.27533,86,44,42,75,11,"ME",8.145
"391",513,"SP05.18","ME",2005,5,6,126,19,43.42233,-70.29083,111,39,72,71,40,"ME",13.642
"392",513,"SP05.19","ME",2005,5,10,130,20,43.48117,-70.32183,77,36,41,49,28,"ME",14.2
"393",513,"SP05.2","ME",2005,5,2,122,20,42.898,-70.60167,5,3,2,5,0,"ME",14.86
"394",513,"SP05.20","ME",2005,5,10,130,20,43.51133,-70.19333,120,55,65,47,73,"ME",15.76
"395",513,"SP05.21","ME",2005,5,10,130,20,43.46567,-70.06,1,0,1,1,0,"ME",15.44
"396",513,"SP05.22","ME",2005,5,10,130,20,43.42767,-69.9275,1,1,0,1,0,"ME",15.24
"397",513,"SP05.24","ME",2005,5,10,130,20,43.52883,-70.0185,1,0,1,1,0,"ME",15.72
"398",513,"SP05.25","ME",2005,5,11,131,20,43.61417,-70.20033,79,34,45,55,24,"ME",13.38
"399",513,"SP05.26","ME",2005,5,11,131,10,43.66233,-70.12767,75,29,46,59,16,"ME",3.62
"400",513,"SP05.27","ME",2005,5,11,131,20,43.66233,-69.974,326,173,153,157,169,"ME",15.8
"401",513,"SP05.28","ME",2005,5,11,131,20,43.711,-69.9305,462,217,245,294,168,"ME",15.7
"402",513,"SP05.29","ME",2005,5,11,131,20,43.61183,-69.8625,9,6,3,7,2,"ME",14.64
"403",513,"SP05.3","ME",2005,5,2,122,20,42.86167,-70.75267,25,14,11,23,2,"ME",15.82
"404",513,"SP05.30","ME",2005,5,12,132,20,43.6595,-69.79067,43,26,17,41,2,"ME",16.28
"405",513,"SP05.31","ME",2005,5,12,132,20,43.6875,-69.76617,70,40,30,66,4,"ME",15.42
"406",513,"SP05.32","ME",2005,5,12,132,20,43.69933,-69.747,228,103,125,209,19,"ME",15.76
"407",513,"SP05.33","ME",2005,5,12,132,20,43.78367,-69.70067,343,159,184,136,207,"ME",15
"408",513,"SP05.34","ME",2005,5,12,132,20,43.75517,-69.64883,114,58,56,67,47,"ME",14.3
"409",513,"SP05.35","ME",2005,5,13,133,18,43.83933,-69.483,102,57,45,44,58,"ME",11.7
"410",513,"SP05.36","ME",2005,5,13,133,20,43.945,-69.38017,48,27,21,25,23,"ME",13.4
"411",513,"SP05.37","ME",2005,5,13,133,20,43.796,-69.3635,68,41,27,45,23,"ME",14.96
"412",513,"SP05.38","ME",2005,5,13,133,20,43.76083,-69.4665,4,0,4,3,1,"ME",15.7
"413",513,"SP05.39","ME",2005,5,14,134,19,43.69417,-69.512,2,2,0,2,0,"ME",15.77
"414",513,"SP05.4","ME",2005,5,2,122,20,42.98983,-70.65833,21,9,12,19,2,"ME",15.1
"415",513,"SP05.40","ME",2005,5,14,134,20,43.679,-69.41933,1,0,1,1,0,"ME",15.1
"416",513,"SP05.41","ME",2005,5,14,134,20,43.7485,-69.34383,8,3,5,5,3,"ME",15.58
"417",513,"SP05.42","ME",2005,5,16,136,20,43.78567,-69.38467,18,9,9,12,6,"ME",14.8
"418",512,"SP05.43","ME",2005,5,16,136,20,43.88667,-69.23017,438,219,219,225,213,"ME",16.08
"419",512,"SP05.44","ME",2005,5,16,136,20,43.92583,-69.12,368,163,205,262,106,"ME",15.86
"420",512,"SP05.45","ME",2005,5,16,136,20,43.8645,-69.08217,265,129,136,176,89,"ME",16.3
"421",512,"SP05.46","ME",2005,5,16,136,20,43.872,-69.03583,643,325,318,432,211,"ME",15.96
"422",512,"SP05.47","ME",2005,5,17,137,20,44.16117,-69.0745,69,23,46,45,24,"ME",16.22
"423",512,"SP05.48","ME",2005,5,17,137,20,44.14533,-69.00933,6,4,2,5,1,"ME",16.92
"424",512,"SP05.49","ME",2005,5,17,137,20,44.28983,-68.8865,2,1,1,2,0,"ME",13.46
"425",513,"SP05.5","ME",2005,5,3,123,19,42.91767,-70.46117,2,2,0,2,0,"ME",13.851
"426",512,"SP05.50","ME",2005,5,17,137,20,44.31283,-68.85417,1,1,0,1,0,"ME",16.1
"427",512,"SP05.52","ME",2005,5,18,138,20,43.75967,-69.20983,3,3,0,3,0,"ME",15.4
"428",512,"SP05.53","ME",2005,5,18,138,20,43.7715,-69.10167,10,5,5,9,1,"ME",16
"429",512,"SP05.54","ME",2005,5,18,138,20,43.608,-68.94267,1,1,0,1,0,"ME",15.88
"430",513,"SP05.55","ME",2005,5,18,138,20,43.582,-69.09067,2,2,0,2,0,"ME",17.1
"431",512,"SP05.56","ME",2005,5,19,139,20,43.7785,-68.6375,1,0,1,1,0,"ME",14.54
"432",512,"SP05.57","ME",2005,5,19,139,18,43.787,-68.69867,2,1,1,2,0,"ME",14.742
"433",512,"SP05.58","ME",2005,5,20,140,20,43.91767,-68.62217,6,5,1,6,0,"ME",14.46
"434",512,"SP05.59","ME",2005,5,20,140,20,43.91867,-68.754,13,7,6,13,0,"ME",14.5
"435",513,"SP05.6","ME",2005,5,3,123,20,42.95767,-70.46167,2,2,0,2,0,"ME",15.74
"436",512,"SP05.60","ME",2005,5,20,140,20,43.93267,-68.782,29,16,13,28,1,"ME",15.18
"437",512,"SP05.61","ME",2005,5,20,140,20,44.00917,-68.874,397,193,204,232,165,"ME",16.46
"438",512,"SP05.62","ME",2005,5,20,140,20,44.1325,-68.7555,24,11,13,20,4,"ME",15.52
"439",512,"SP05.63","ME",2005,5,30,150,18,44.16333,-68.53367,94,39,55,74,20,"ME",13.428
"440",512,"SP05.64","ME",2005,5,30,150,20,44.01083,-68.55383,26,15,11,21,5,"ME",16.2
"441",512,"SP05.65","ME",2005,5,30,150,20,44.012,-68.40767,8,4,4,7,1,"ME",15.66
"442",512,"SP05.66","ME",2005,5,30,150,15,43.95167,-68.45183,5,3,2,5,0,"ME",8.79
"443",512,"SP05.67","ME",2005,5,31,151,20,43.97317,-68.30833,7,4,3,7,0,"ME",15
"444",512,"SP05.68","ME",2005,5,31,151,20,43.963,-68.25517,6,5,1,5,1,"ME",15.6
"445",512,"SP05.69","ME",2005,5,31,151,20,43.91167,-68.28583,3,1,2,3,0,"ME",15.82
"446",512,"SP05.70","ME",2005,5,31,151,20,44.0155,-68.1935,6,6,0,6,0,"ME",16.38
"447",512,"SP05.71","ME",2005,6,1,152,20,44.29617,-68.51717,11,3,8,9,2,"ME",17.08
"448",512,"SP05.72","ME",2005,6,1,152,16,44.2795,-68.477,145,55,90,107,38,"ME",10.176
"449",512,"SP05.73","ME",2005,6,1,152,19,44.21283,-68.4265,89,40,49,80,9,"ME",14.155
"450",512,"SP05.74","ME",2005,6,1,152,17,44.13633,-68.25333,159,83,76,123,36,"ME",10.336
"451",512,"SP05.75","ME",2005,6,1,152,18,44.20383,-68.30533,432,208,224,371,61,"ME",12.168
"452",512,"SP05.76","ME",2005,6,2,153,20,44.02133,-67.98867,6,2,4,5,1,"ME",16
"453",512,"SP05.77","ME",2005,6,2,153,20,44.05867,-68.0515,3,2,1,3,0,"ME",16.7
"454",512,"SP05.78","ME",2005,6,2,153,20,44.162,-67.95717,11,8,3,8,3,"ME",15.88
"455",512,"SP05.79","ME",2005,6,2,153,20,44.20533,-67.90067,5,3,2,5,0,"ME",15.88
"456",513,"SP05.8","ME",2005,5,3,123,17,43.02633,-70.56067,24,15,9,22,2,"ME",10.812
"457",512,"SP05.80","ME",2005,6,2,153,20,44.21467,-68.06283,20,9,11,10,10,"ME",16.32
"458",512,"SP05.81","ME",2005,6,3,154,20,44.35317,-68.16633,115,58,57,88,27,"ME",15.3
"459",512,"SP05.82","ME",2005,6,3,154,20,44.29733,-68.12767,26,9,17,11,15,"ME",15.44
"460",512,"SP05.83","ME",2005,6,3,154,20,44.24917,-68.10333,37,21,16,25,12,"ME",15.3
"461",512,"SP05.84","ME",2005,6,3,154,20,44.295,-68.05267,38,21,17,28,10,"ME",15.86
"462",511,"SP05.85","ME",2005,6,6,157,20,44.3685,-67.90833,573,299,274,483,90,"ME",15.26
"463",511,"SP05.86","ME",2005,6,6,157,20,44.317,-67.856,37,23,14,28,9,"ME",14.98
"464",511,"SP05.87","ME",2005,6,6,157,20,44.2535,-67.8685,12,6,6,9,3,"ME",16.48
"465",512,"SP05.88","ME",2005,6,6,157,20,44.205,-67.90267,4,4,0,4,0,"ME",14
"466",511,"SP05.89","ME",2005,6,7,158,20,44.28917,-67.7345,15,10,5,15,0,"ME",14.84
"467",513,"SP05.9","ME",2005,5,4,124,20,43.083,-70.4525,13,4,9,13,0,"ME",16.3
"468",511,"SP05.90","ME",2005,6,7,158,20,44.299,-67.67867,15,11,4,14,1,"ME",15.34
"469",511,"SP05.91","ME",2005,6,7,158,20,44.35883,-67.69517,24,12,12,24,0,"ME",16.4
"470",511,"SP05.92","ME",2005,6,7,158,20,44.452,-67.721,206,114,92,156,50,"ME",14.32
"471",511,"SP05.93","ME",2005,6,8,159,20,44.31983,-67.55483,7,6,1,7,0,"ME",15.74
"472",511,"SP05.94","ME",2005,6,8,159,20,44.29883,-67.499,1,1,0,1,0,"ME",15.62
"473",511,"SP05.95","ME",2005,6,8,159,20,44.27,-67.451,2,2,0,2,0,"ME",15.72
"474",511,"SP05.96","ME",2005,6,8,159,20,44.22333,-67.50733,4,4,0,4,0,"ME",15.5
"475",467,"SP05.98","ME",2005,6,9,160,16,44.70267,-66.959,3,1,2,3,0,"ME",10.864
"476",511,"SP05.99","ME",2005,6,9,160,19,44.61867,-67.09567,18,5,13,15,3,"ME",14.383
"477",513,"SP06.1","ME",2006,5,1,121,20,42.9702,-70.74345,20,8,12,15,5,"ME",16.2
"478",513,"SP06.10","ME",2006,5,4,124,20,43.17962,-70.43505,22,13,9,18,4,"ME",17.04
"479",511,"SP06.100","ME",2006,5,31,151,16,44.46857,-67.797,392,202,190,284,108,"ME",9.696
"480",511,"SP06.101","ME",2006,5,31,151,16,44.45967,-67.72235,429,250,179,344,85,"ME",10.08
"481",511,"SP06.102","ME",2006,6,3,154,20,44.59193,-67.28542,100,54,46,79,21,"ME",16.58
"482",511,"SP06.103","ME",2006,6,3,154,20,44.65067,-67.18023,36,9,27,27,9,"ME",17.32
"483",511,"SP06.104","ME",2006,6,3,154,18,44.66788,-67.11013,12,4,8,10,2,"ME",14.238
"484",467,"SP06.105","ME",2006,6,3,154,20,44.7057,-66.9604,16,7,9,14,2,"ME",17.82
"485",467,"SP06.106","ME",2006,6,3,154,20,44.71942,-66.98062,20,12,8,13,7,"ME",15.16
"486",511,"SP06.107","ME",2006,6,5,156,20,44.48987,-67.28043,22,8,14,19,3,"ME",16.8
"487",511,"SP06.108","ME",2006,6,5,156,20,44.39675,-67.09972,2,2,0,2,0,"ME",16.92
"488",511,"SP06.109","ME",2006,6,5,156,15,44.42585,-67.13097,2,0,2,2,0,"ME",7.305
"489",513,"SP06.11","ME",2006,5,4,124,20,43.15492,-70.3754,32,19,13,22,10,"ME",16.68
"490",513,"SP06.12","ME",2006,5,4,124,20,43.13652,-70.27562,3,0,3,3,0,"ME",17.52
"491",513,"SP06.13","ME",2006,5,4,124,21,43.25018,-70.35497,61,27,34,40,21,"ME",22.89
"492",513,"SP06.14","ME",2006,5,4,124,20,43.28807,-70.53223,126,59,67,74,52,"ME",16.92
"493",513,"SP06.15","ME",2006,5,4,124,16,43.32077,-70.33495,10,4,6,7,3,"ME",11.36
"494",513,"SP06.16","ME",2006,5,5,125,20,43.33272,-70.21447,23,8,15,22,1,"ME",16.58
"495",513,"SP06.17","ME",2006,5,5,125,20,43.38865,-70.20307,23,12,11,16,7,"ME",16.88
"496",513,"SP06.18","ME",2006,5,5,125,20,43.40283,-70.13078,17,11,6,16,1,"ME",17.26
"497",513,"SP06.2","ME",2006,5,1,121,19,42.97378,-70.66443,32,12,20,24,8,"ME",15.086
"498",513,"SP06.20","ME",2006,5,5,125,20,43.43263,-70.09203,4,1,3,4,0,"ME",17.12
"499",513,"SP06.21","ME",2006,5,5,125,20,43.42698,-70.22423,57,26,31,36,21,"ME",16.34
"500",513,"SP06.22","ME",2006,5,5,125,18,43.42375,-70.2899,165,61,104,94,71,"ME",11.916
"501",513,"SP06.23","ME",2006,5,6,126,19,43.54647,-70.28537,139,51,88,72,67,"ME",14.269
"502",513,"SP06.24","ME",2006,5,6,126,20,43.52563,-70.235,316,150,166,168,148,"ME",16.32
"503",513,"SP06.25","ME",2006,5,6,126,20,43.49902,-70.21693,176,82,94,139,37,"ME",17.72
"504",513,"SP06.26","ME",2006,5,8,128,20,43.71273,-70.1747,61,28,33,7,54,"ME",16.24
"505",513,"SP06.27","ME",2006,5,8,128,20,43.63552,-70.17192,53,31,22,30,23,"ME",16.84
"506",513,"SP06.28","ME",2006,5,8,128,20,43.6756,-70.11128,57,26,31,31,26,"ME",16.78
"507",513,"SP06.29","ME",2006,5,8,128,20,43.63488,-70.0579,81,56,25,47,34,"ME",16.26
"508",513,"SP06.3","ME",2006,5,1,121,20,43.03613,-70.5587,24,12,12,22,2,"ME",17.02
"509",513,"SP06.30","ME",2006,5,8,128,20,43.60245,-69.92462,30,15,15,21,9,"ME",16.52
"510",513,"SP06.31","ME",2006,5,9,129,20,43.60967,-69.8645,21,9,12,9,12,"ME",15.34
"511",513,"SP06.32","ME",2006,5,9,129,20,43.5347,-69.76625,1,1,0,1,0,"ME",15.26
"512",513,"SP06.33","ME",2006,5,9,129,20,43.46618,-69.61845,3,3,0,3,0,"ME",16.7
"513",513,"SP06.34","ME",2006,5,10,130,20,43.76103,-69.6954,193,101,92,73,120,"ME",16.46
"514",513,"SP06.35","ME",2006,5,10,130,20,43.79598,-69.69837,227,105,122,60,167,"ME",16.98
"515",513,"SP06.36","ME",2006,5,10,130,20,43.75143,-69.73443,121,56,65,87,34,"ME",16.3
"516",513,"SP06.37","ME",2006,5,10,130,20,43.71547,-69.74228,109,52,57,93,16,"ME",16.64
"517",513,"SP06.38","ME",2006,5,10,130,20,43.69443,-69.68288,118,52,66,63,55,"ME",16.62
"518",513,"SP06.39","ME",2006,5,10,130,20,43.68763,-69.65713,55,25,30,28,27,"ME",16.24
"519",513,"SP06.4","ME",2006,5,1,121,16,43.00325,-70.69762,3,2,1,3,0,"ME",10.256
"520",513,"SP06.40","ME",2006,5,11,131,20,43.74053,-69.4995,13,6,7,9,4,"ME",16.48
"521",513,"SP06.41","ME",2006,5,11,131,20,43.6963,-69.5134,3,3,0,2,1,"ME",16.94
"522",513,"SP06.43","ME",2006,5,11,131,20,43.78675,-69.38422,76,39,37,45,31,"ME",16.72
"523",513,"SP06.44","ME",2006,5,12,132,20,43.82962,-69.57582,362,187,175,166,196,"ME",17.1
"524",513,"SP06.45","ME",2006,5,12,132,20,43.93333,-69.44883,126,62,64,21,105,"ME",16.22
"525",513,"SP06.46","ME",2006,5,15,135,20,43.8386,-69.48467,175,97,78,56,119,"ME",16.4
"526",513,"SP06.47","ME",2006,5,15,135,20,43.8379,-69.40628,196,104,92,114,82,"ME",16.52
"527",512,"SP06.48","ME",2006,5,15,135,20,43.75388,-69.21387,21,12,9,17,4,"ME",15.44
"528",512,"SP06.49","ME",2006,5,15,135,20,43.77843,-69.15082,30,15,15,25,5,"ME",16.2
"529",513,"SP06.5","ME",2006,5,2,122,20,42.87997,-70.69537,21,6,15,17,4,"ME",16.92
"530",512,"SP06.50","ME",2006,5,15,135,16,43.9284,-69.12502,708,304,404,372,336,"ME",11.44
"531",512,"SP06.51","ME",2006,5,15,135,20,43.94097,-69.16333,1139,483,656,460,679,"ME",16
"532",512,"SP06.52","ME",2006,5,16,136,19,44.05892,-69.01938,87,32,55,76,11,"ME",14.63
"533",512,"SP06.53","ME",2006,5,16,136,20,44.12742,-69.01672,103,42,61,78,25,"ME",16.12
"534",512,"SP06.54","ME",2006,5,16,136,17,44.20617,-69.0242,27,12,15,22,5,"ME",11.288
"535",512,"SP06.55","ME",2006,5,16,136,20,44.1766,-68.94087,11,3,8,10,1,"ME",16.02
"536",512,"SP06.56","ME",2006,5,16,136,20,44.20352,-68.94645,2,0,2,2,0,"ME",16.96
"537",512,"SP06.58","ME",2006,5,17,137,18,43.76772,-68.7844,4,1,3,3,1,"ME",13.932
"538",512,"SP06.59","ME",2006,5,17,137,19,43.65187,-68.75542,1,1,0,1,0,"ME",14.383
"539",513,"SP06.6","ME",2006,5,3,123,19,42.90967,-70.65717,33,19,14,23,10,"ME",15.029
"540",512,"SP06.61","ME",2006,5,17,137,20,43.68112,-68.85435,3,3,0,3,0,"ME",15.54
"541",512,"SP06.62","ME",2006,5,18,138,20,43.7839,-68.70683,4,3,1,4,0,"ME",16.16
"542",512,"SP06.63","ME",2006,5,18,138,20,43.82395,-68.56152,3,0,3,3,0,"ME",15.76
"543",512,"SP06.64","ME",2006,5,18,138,21,43.86165,-68.61,6,3,3,6,0,"ME",17.115
"544",512,"SP06.65","ME",2006,5,18,138,20,43.88483,-68.75653,28,17,11,23,5,"ME",16.26
"545",512,"SP06.66","ME",2006,5,18,138,20,43.98772,-68.74067,64,29,35,38,26,"ME",15.38
"546",512,"SP06.67","ME",2006,5,19,139,10,44.13423,-68.7805,97,46,51,49,48,"ME",6.38
"547",512,"SP06.68","ME",2006,5,19,139,20,44.14673,-68.75958,57,27,30,43,14,"ME",15.64
"548",512,"SP06.69","ME",2006,5,22,142,20,44.16523,-68.53128,228,110,118,150,78,"ME",15.88
"549",513,"SP06.7","ME",2006,5,3,123,20,42.88162,-70.60247,4,2,2,4,0,"ME",18.12
"550",512,"SP06.70","ME",2006,5,22,142,20,44.06368,-68.4022,93,44,49,64,29,"ME",15.88
"551",512,"SP06.71","ME",2006,5,22,142,20,44.03855,-68.4057,32,18,14,24,8,"ME",16.28
"552",512,"SP06.72","ME",2006,5,23,143,20,43.90623,-68.45105,4,3,1,4,0,"ME",16.52
"553",512,"SP06.73","ME",2006,5,23,143,20,43.91997,-68.40468,7,6,1,7,0,"ME",17.06
"554",512,"SP06.74","ME",2006,5,23,143,20,43.9509,-68.4029333,1,0,1,1,0,"ME",17.2
"555",512,"SP06.75","ME",2006,5,23,143,20,43.95378,-68.2801,2,1,1,2,0,"ME",16.2
"556",512,"SP06.76","ME",2006,5,23,143,20,43.96013,-68.233,2,2,0,2,0,"ME",16.18
"557",512,"SP06.77","ME",2006,5,23,143,20,44.01565,-68.19485,4,3,1,4,0,"ME",15.86
"558",512,"SP06.78","ME",2006,5,24,144,20,44.36527,-68.54137,1,1,0,0,1,"ME",16.28
"559",513,"SP06.8","ME",2006,5,3,123,20,42.92545,-70.50073,4,4,0,4,0,"ME",15.66
"560",512,"SP06.80","ME",2006,5,24,144,20,44.27717,-68.46958,23,10,13,21,2,"ME",17.44
"561",512,"SP06.81","ME",2006,5,24,144,20,44.20712,-68.30522,547,279,268,402,145,"ME",16.42
"562",512,"SP06.82","ME",2006,5,25,145,20,44.21753,-68.06887,60,26,34,25,35,"ME",17.02
"563",512,"SP06.83","ME",2006,5,25,145,20,44.18363,-68.09707,65,34,31,37,28,"ME",16.52
"564",512,"SP06.84","ME",2006,5,25,145,20,44.20262,-68.01905,19,9,10,15,4,"ME",16.32
"565",512,"SP06.85","ME",2006,5,25,145,20,44.16428,-67.95025,5,0,5,3,2,"ME",17
"566",512,"SP06.86","ME",2006,5,25,145,20,44.0829,-68.03278,3,1,2,3,0,"ME",15.08
"567",512,"SP06.87","ME",2006,5,25,145,20,44.06078,-68.03368,3,2,1,3,0,"ME",16.42
"568",512,"SP06.88","ME",2006,5,26,146,20,44.46425,-68.20633,23,8,15,14,9,"ME",16.8
"569",512,"SP06.89","ME",2006,5,26,146,20,44.42592,-68.15393,34,14,20,22,12,"ME",16.42
"570",513,"SP06.9","ME",2006,5,3,123,20,42.90242,-70.46793,3,3,0,3,0,"ME",17.42
"571",512,"SP06.90","ME",2006,5,26,146,17,44.29415,-68.05065,81,49,32,52,29,"ME",11.203
"572",512,"SP06.91","ME",2006,5,26,146,20,44.28322,-68.12968,107,53,54,69,38,"ME",15.84
"573",512,"SP06.92","ME",2006,5,29,149,20,44.26843,-67.94797,42,27,15,24,18,"ME",16.12
"574",512,"SP06.93","ME",2006,5,29,149,17,44.2313,-67.94598,32,17,15,21,11,"ME",10.914
"575",511,"SP06.94","ME",2006,5,29,149,20,44.33832,-67.74518,56,34,22,32,24,"ME",16.28
"576",511,"SP06.95","ME",2006,5,29,149,20,44.4091,-67.68633,273,150,123,171,102,"ME",16.38
"577",511,"SP06.96","ME",2006,5,30,150,20,44.20227,-67.72002,1,0,1,1,0,"ME",15.9
"578",511,"SP06.97","ME",2006,5,30,150,20,44.23607,-67.66505,6,3,3,4,2,"ME",16.24
"579",511,"SP06.98","ME",2006,5,30,150,20,44.29288,-67.51212,6,2,4,6,0,"ME",17.1
"580",513,"SP07.1","ME",2007,5,7,127,20,42.93688,-70.7453,2,1,1,1,1,"ME",16.4
"581",513,"SP07.10","ME",2007,5,8,128,20,43.07315,-70.53625,22,10,12,18,4,"ME",16.36
"582",511,"SP07.100","ME",2007,6,7,158,20,44.41887,-67.46263,42,24,18,34,8,"ME",16.46
"583",467,"SP07.101","ME",2007,6,8,159,20,44.7723,-66.96408,2,2,0,2,0,"ME",17
"584",511,"SP07.102","ME",2007,6,8,159,20,44.72477,-67.07585,27,12,15,25,2,"ME",17.24
"585",467,"SP07.103","ME",2007,6,8,159,20,44.71315,-66.95775,5,2,3,4,1,"ME",20.4
"586",511,"SP07.104","ME",2007,6,8,159,19,44.63573,-67.06715,100,50,50,41,59,"ME",17.48
"587",511,"SP07.105","ME",2007,6,9,160,20,44.6313,-67.32503,96,44,52,62,34,"ME",16.06
"588",511,"SP07.106","ME",2007,6,9,160,20,44.58982,-67.29557,49,31,18,40,9,"ME",17.6
"589",511,"SP07.107","ME",2007,6,9,160,20,44.53658,-67.43455,157,75,82,102,55,"ME",17.08
"590",511,"SP07.108","ME",2007,6,9,160,20,44.5256,-67.48617,124,68,56,89,35,"ME",16.56
"591",513,"SP07.11","ME",2007,5,9,129,20,43.11487,-70.42372,28,17,11,22,6,"ME",16.7
"592",513,"SP07.12","ME",2007,5,9,129,20,43.15353,-70.3784,36,13,23,28,8,"ME",17.2
"593",513,"SP07.13","ME",2007,5,9,129,20,43.1949,-70.42822,10,5,5,8,2,"ME",15.88
"594",513,"SP07.14","ME",2007,5,9,129,20,43.32922,-70.50463,1,0,1,0,1,"ME",16.1
"595",513,"SP07.15","ME",2007,5,9,129,20,43.42275,-70.28952,92,43,49,64,28,"ME",16.62
"596",513,"SP07.16","ME",2007,5,10,130,20,43.24972,-70.1728,3,1,2,2,1,"ME",17.2
"597",513,"SP07.17","ME",2007,5,10,130,20,43.32507,-70.1965,12,5,7,11,1,"ME",17.32
"598",513,"SP07.18","ME",2007,5,10,130,20,43.40285,-70.13347,14,5,9,14,0,"ME",16.98
"599",513,"SP07.19","ME",2007,5,10,130,20,43.44808,-70.1828,115,47,68,84,31,"ME",17.36
"600",513,"SP07.2","ME",2007,5,7,127,20,42.87555,-70.73122,39,17,22,37,2,"ME",16.82
"601",513,"SP07.20","ME",2007,5,10,130,20,43.41525,-70.23743,108,42,66,66,42,"ME",17.1
"602",513,"SP07.21","ME",2007,5,11,131,20,43.42982,-70.31045,82,41,41,75,7,"ME",16.28
"603",513,"SP07.22","ME",2007,5,11,131,20,43.51413,-70.34505,1,0,1,1,0,"ME",16.3
"604",513,"SP07.23","ME",2007,5,11,131,20,43.5318,-70.25608,6,2,4,4,2,"ME",16.6
"605",513,"SP07.24","ME",2007,5,11,131,20,43.505,-70.23898,49,24,25,25,24,"ME",15.66
"606",513,"SP07.25","ME",2007,5,14,134,12,43.75002,-70.04833,136,67,69,97,39,"ME",10.092
"607",513,"SP07.26","ME",2007,5,14,134,20,43.65977,-69.91297,132,77,55,60,72,"ME",17.2
"608",513,"SP07.27","ME",2007,5,14,134,22,43.55537,-69.9942,29,15,14,18,11,"ME",19.404
"609",513,"SP07.28","ME",2007,5,14,134,20,43.50213,-70.1089,42,25,17,25,17,"ME",17.36
"610",513,"SP07.29","ME",2007,5,14,134,15,43.6277,-70.1264,63,32,31,55,8,"ME",6.795
"611",513,"SP07.3","ME",2007,5,7,127,20,42.87195,-70.5712,5,2,3,5,0,"ME",16.46
"612",513,"SP07.30","ME",2007,5,15,135,12,43.69918,-69.91648,98,36,62,64,34,"ME",5.892
"613",513,"SP07.31","ME",2007,5,15,135,20,43.68358,-69.83345,34,14,20,27,7,"ME",16.12
"614",513,"SP07.32","ME",2007,5,15,135,20,43.63222,-69.70155,18,13,5,16,2,"ME",17.16
"615",513,"SP07.33","ME",2007,5,15,135,20,43.57293,-69.77228,3,2,1,3,0,"ME",16.28
"616",513,"SP07.34","ME",2007,5,15,135,20,43.60803,-69.86385,45,21,24,22,23,"ME",15.86
"617",513,"SP07.35","ME",2007,5,16,136,20,43.51513,-69.7135,4,3,1,4,0,"ME",16.48
"618",513,"SP07.36","ME",2007,5,16,136,18,43.56378,-69.68587,2,1,1,2,0,"ME",13.248
"619",513,"SP07.37","ME",2007,5,16,136,20,43.83922,-69.48475,169,92,77,75,94,"ME",16.76
"620",513,"SP07.38","ME",2007,5,17,137,20,43.91583,-69.44682,110,49,61,46,64,"ME",15.78
"621",513,"SP07.39","ME",2007,5,17,137,20,43.85307,-69.41365,142,66,76,75,67,"ME",18.5
"622",513,"SP07.4","ME",2007,5,7,127,20,42.92358,-70.53308,13,3,10,12,1,"ME",16.4
"623",512,"SP07.40","ME",2007,5,17,137,19,43.88457,-69.324,70,31,39,33,37,"ME",14.25
"624",513,"SP07.41","ME",2007,5,17,137,20,43.80362,-69.36067,176,77,99,94,82,"ME",16
"625",513,"SP07.42","ME",2007,5,17,137,20,43.69403,-69.50942,4,3,1,4,0,"ME",16.88
"626",513,"SP07.43","ME",2007,5,18,138,17,43.70405,-69.80365,76,31,45,63,13,"ME",10.2
"627",513,"SP07.44","ME",2007,5,18,138,20,43.68878,-69.65808,93,44,49,46,47,"ME",16.1
"628",513,"SP07.45","ME",2007,5,18,138,12,43.75352,-69.62628,130,78,52,52,78,"ME",5.388
"629",512,"SP07.46","ME",2007,5,21,141,17,43.7839,-69.23048,118,61,57,49,69,"ME",12.257
"630",512,"SP07.47","ME",2007,5,21,141,20,43.75322,-69.14507,16,8,8,13,3,"ME",15.72
"631",512,"SP07.48","ME",2007,5,21,141,20,43.8095,-69.03423,90,45,45,57,33,"ME",16.06
"632",512,"SP07.49","ME",2007,5,21,141,20,43.92637,-69.12158,545,251,294,385,160,"ME",17.02
"633",513,"SP07.5","ME",2007,5,7,127,20,42.95555,-70.49135,6,3,3,5,1,"ME",16.7
"634",512,"SP07.50","ME",2007,5,22,142,19,44.1358,-68.94132,61,18,43,46,15,"ME",14.801
"635",512,"SP07.51","ME",2007,5,22,142,23,44.24517,-68.90818,2,1,1,2,0,"ME",24.38
"636",512,"SP07.53","ME",2007,5,22,142,20,44.26568,-68.99442,28,11,17,14,14,"ME",18.06
"637",512,"SP07.54","ME",2007,5,22,142,18,44.16808,-69.04498,21,4,17,14,7,"ME",13.842
"638",513,"SP07.55","ME",2007,5,23,143,20,43.61045,-69.042,5,2,3,5,0,"ME",16.28
"639",512,"SP07.56","ME",2007,5,23,143,20,43.60752,-68.94287,5,4,1,5,0,"ME",16.72
"640",512,"SP07.57","ME",2007,5,23,143,20,43.56867,-68.88452,6,5,1,5,1,"ME",15.72
"641",512,"SP07.58","ME",2007,5,24,144,20,43.98842,-68.74398,332,151,181,164,168,"ME",16.9
"642",512,"SP07.59","ME",2007,5,24,144,20,43.9649,-68.71817,96,54,42,75,21,"ME",15.58
"643",513,"SP07.6","ME",2007,5,8,128,20,43.00962,-70.55122,25,9,16,19,6,"ME",17.18
"644",512,"SP07.60","ME",2007,5,24,144,20,43.93045,-68.7997,75,37,38,51,24,"ME",16.06
"645",512,"SP07.61","ME",2007,5,24,144,20,43.90325,-68.75642,44,21,23,39,5,"ME",16.72
"646",512,"SP07.62","ME",2007,5,24,144,18,43.89913,-68.6647,25,11,14,20,5,"ME",13.644
"647",512,"SP07.63","ME",2007,5,24,144,19,43.8501,-68.57938,7,3,4,7,0,"ME",14.288
"648",512,"SP07.64","ME",2007,5,25,145,14,44.04863,-68.6724,176,98,78,106,70,"ME",8.484
"649",512,"SP07.65","ME",2007,5,25,145,20,44.14697,-68.76097,154,81,73,121,33,"ME",17.24
"650",512,"SP07.66","ME",2007,5,25,145,17,44.24663,-68.72398,14,4,10,12,2,"ME",12.206
"651",512,"SP07.68","ME",2007,5,28,148,16,44.1588,-68.54185,134,59,75,103,31,"ME",10.56
"652",512,"SP07.69","ME",2007,5,28,148,20,43.98653,-68.55183,76,40,36,59,17,"ME",16.8
"653",513,"SP07.7","ME",2007,5,8,128,20,42.9846,-70.42235,2,1,1,2,0,"ME",16.88
"654",512,"SP07.70","ME",2007,5,28,148,20,43.95292,-68.57682,30,16,14,28,2,"ME",17.1
"655",512,"SP07.71","ME",2007,5,28,148,20,43.94475,-68.47435,2,2,0,2,0,"ME",15.98
"656",512,"SP07.72","ME",2007,5,29,149,20,43.83162,-68.51708,2,2,0,2,0,"ME",15.78
"657",512,"SP07.73","ME",2007,5,29,149,20,43.86625,-68.37307,1,1,0,1,0,"ME",15.56
"658",512,"SP07.74","ME",2007,5,29,149,20,43.92275,-68.14313,11,10,1,11,0,"ME",15.94
"659",512,"SP07.75","ME",2007,5,29,149,20,44.0175,-68.3475,24,14,10,19,5,"ME",16.58
"660",512,"SP07.76","ME",2007,5,30,150,20,44.27767,-68.51917,6,2,4,5,1,"ME",16.98
"661",512,"SP07.77","ME",2007,5,30,150,20,44.34797,-68.53837,1,1,0,1,0,"ME",16.6
"662",512,"SP07.78","ME",2007,5,30,150,20,44.21642,-68.44343,75,38,37,58,17,"ME",17.76
"663",512,"SP07.79","ME",2007,5,30,150,14,44.20725,-68.36587,75,27,48,57,18,"ME",7.476
"664",512,"SP07.80","ME",2007,5,30,150,20,44.2423,-68.1323,205,103,102,57,148,"ME",19.38
"665",512,"SP07.81","ME",2007,6,3,154,20,44.10262,-68.11232,28,13,15,15,13,"ME",15.92
"666",512,"SP07.82","ME",2007,6,3,154,20,44.05447,-68.06138,7,6,1,7,0,"ME",17.26
"667",512,"SP07.83","ME",2007,6,3,154,20,44.152,-67.90413,5,3,2,5,0,"ME",16.78
"668",512,"SP07.84","ME",2007,6,3,154,20,44.2254,-68.07997,151,77,74,53,98,"ME",16.24
"669",512,"SP07.85","ME",2007,6,3,154,20,44.2995,-68.12928,242,110,132,100,142,"ME",16.84
"670",512,"SP07.86","ME",2007,6,4,155,20,44.44153,-68.2223,18,10,8,10,8,"ME",16.18
"671",512,"SP07.87","ME",2007,6,4,155,20,44.36137,-68.16285,553,262,291,318,235,"ME",17.38
"672",512,"SP07.88","ME",2007,6,4,155,16,44.35637,-68.11547,424,190,234,175,249,"ME",10.672
"673",511,"SP07.89","ME",2007,6,6,157,13,44.473,-67.7596,277,149,128,155,122,"ME",6.89
"674",513,"SP07.9","ME",2007,5,8,128,20,43.09153,-70.28658,2,1,1,2,0,"ME",17.42
"675",511,"SP07.90","ME",2007,6,6,157,20,44.4536,-67.72208,390,216,174,284,106,"ME",16.88
"676",511,"SP07.91","ME",2007,6,6,157,19,44.42198,-67.73778,286,132,154,163,123,"ME",14.668
"677",511,"SP07.92","ME",2007,6,6,157,20,44.33032,-67.77152,77,42,35,49,28,"ME",16.38
"678",511,"SP07.93","ME",2007,6,6,157,20,44.35987,-67.70575,66,31,35,47,19,"ME",16
"679",511,"SP07.94","ME",2007,6,6,157,20,44.33997,-67.66302,24,10,14,24,0,"ME",16.38
"680",511,"SP07.95","ME",2007,6,7,158,20,44.37887,-67.55063,66,43,23,48,18,"ME",17.24
"681",511,"SP07.96","ME",2007,6,7,158,20,44.23553,-67.582,15,9,6,15,0,"ME",16.84
"682",511,"SP07.97","ME",2007,6,7,158,20,44.24813,-67.48313,4,4,0,4,0,"ME",17.34
"683",511,"SP07.98","ME",2007,6,7,158,20,44.29567,-67.50882,1,1,0,1,0,"ME",17.08
"684",511,"SP07.99","ME",2007,6,7,158,14,44.3472,-67.50023,6,6,0,6,0,"ME",8.498
"685",513,"SP08.1","ME",2008,5,5,126,20,42.87223,-70.57597,6,2,4,6,0,"ME",15.34
"686",513,"SP08.10","ME",2008,5,7,128,20,43.09187,-70.30763,2,2,0,2,0,"ME",16.3
"687",511,"SP08.100","ME",2008,6,3,155,20,44.2955,-67.60723,6,6,0,6,0,"ME",17.64
"688",511,"SP08.101","ME",2008,6,4,156,18,44.32883,-67.62658,16,9,7,15,1,"ME",13.968
"689",511,"SP08.102","ME",2008,6,4,156,20,44.42498,-67.54345,67,30,37,51,16,"ME",16.8
"690",511,"SP08.103","ME",2008,6,4,156,20,44.41578,-67.5715,89,48,41,57,32,"ME",16.28
"691",511,"SP08.104","ME",2008,6,4,156,20,44.46712,-67.72625,202,108,94,182,20,"ME",17.54
"692",511,"SP08.105","ME",2008,6,5,157,20,44.58513,-67.30222,51,23,28,42,9,"ME",18.52
"693",511,"SP08.106","ME",2008,6,5,157,20,44.62123,-67.2131,33,18,15,32,1,"ME",17.72
"694",511,"SP08.107","ME",2008,6,5,157,20,44.65793,-67.16414,42,24,18,28,14,"ME",15.74
"695",511,"SP08.108","ME",2008,6,5,157,20,44.62048,-67.17497,20,11,9,16,4,"ME",16.64
"696",511,"SP08.109","ME",2008,6,6,158,20,44.72175,-67.07557,10,3,7,6,4,"ME",18.06
"697",511,"SP08.110","ME",2008,6,6,158,20,44.71813,-67.09575,71,35,36,53,18,"ME",19.4
"698",467,"SP08.111","ME",2008,6,6,158,15,44.69953,-66.96047,5,2,3,4,1,"ME",11.25
"699",467,"SP08.112","ME",2008,6,6,158,20,44.6841,-66.99813,30,9,21,26,4,"ME",15.44
"700",513,"SP08.12","ME",2008,5,7,128,20,43.21978,-70.19377,2,1,1,2,0,"ME",16.66
"701",513,"SP08.13","ME",2008,5,7,128,20,43.15102,-70.24813,2,2,0,2,0,"ME",17.48
"702",513,"SP08.14","ME",2008,5,7,128,20,43.14557,-70.38943,7,4,3,5,2,"ME",17.02
"703",513,"SP08.15","ME",2008,5,7,128,17,43.17678,-70.43615,41,17,24,29,12,"ME",12.427
"704",513,"SP08.16","ME",2008,5,8,129,17,43.3001,-70.54642,36,15,21,26,10,"ME",11.543
"705",513,"SP08.17","ME",2008,5,8,129,16,43.2278,-70.31923,2,1,1,0,2,"ME",10.592
"706",513,"SP08.18","ME",2008,5,8,129,11,43.25148,-70.2681,7,2,5,5,2,"ME",5.093
"707",513,"SP08.19","ME",2008,5,8,129,16,43.28543,-70.28692,7,4,3,7,0,"ME",10.816
"708",513,"SP08.2","ME",2008,5,5,126,20,42.90848,-70.65222,9,4,5,6,3,"ME",16.26
"709",513,"SP08.20","ME",2008,5,8,129,19,43.32118,-70.33833,7,3,4,6,1,"ME",14.212
"710",513,"SP08.21","ME",2008,5,9,130,18,43.40483,-70.13467,5,4,1,4,1,"ME",12.6
"711",513,"SP08.22","ME",2008,5,9,130,20,43.43103,-70.28087,142,62,80,78,64,"ME",17.8
"712",513,"SP08.23","ME",2008,5,9,130,20,43.46728,-70.3192,29,16,13,24,5,"ME",17.08
"713",513,"SP08.24","ME",2008,5,9,130,20,43.51457,-70.24202,116,46,70,59,57,"ME",15.86
"714",513,"SP08.25","ME",2008,5,9,130,20,43.52968,-70.27512,26,8,18,20,6,"ME",16.58
"715",513,"SP08.26","ME",2008,5,12,133,20,43.77743,-70.02355,92,49,43,21,71,"ME",18.18
"716",513,"SP08.27","ME",2008,5,12,133,20,43.66312,-70.07682,94,53,41,44,50,"ME",16.54
"717",513,"SP08.3","ME",2008,5,5,126,20,42.94687,-70.67332,21,11,10,19,2,"ME",16.56
"718",513,"SP08.30","ME",2008,5,13,134,20,43.57333,-69.93453,4,2,2,3,1,"ME",16.72
"719",513,"SP08.31","ME",2008,5,13,134,20,43.60162,-69.87523,9,6,3,5,4,"ME",16.98
"720",513,"SP08.32","ME",2008,5,13,134,20,43.60068,-69.7173,3,2,1,3,0,"ME",17.5
"721",513,"SP08.33","ME",2008,5,14,135,17,43.62768,-69.59768,5,3,2,4,1,"ME",11.424
"722",513,"SP08.34","ME",2008,5,14,135,18,43.68793,-69.65567,21,10,11,14,7,"ME",14.508
"723",513,"SP08.35","ME",2008,5,14,135,20,43.70837,-69.74238,171,78,93,151,20,"ME",15.92
"724",513,"SP08.36","ME",2008,5,14,135,20,43.71048,-69.77782,101,48,53,84,17,"ME",16.4
"725",513,"SP08.37","ME",2008,5,15,136,20,43.95595,-69.37887,59,31,28,13,46,"ME",16.46
"726",512,"SP08.38","ME",2008,5,15,136,20,43.88013,-69.32633,163,77,86,83,80,"ME",16.62
"727",512,"SP08.39","ME",2008,5,15,136,15,43.83537,-69.3087,235,110,125,79,156,"ME",8.94
"728",513,"SP08.4","ME",2008,5,5,126,20,42.93622,-70.74542,10,6,4,9,1,"ME",16.26
"729",513,"SP08.41","ME",2008,5,15,136,20,43.83883,-69.48473,175,98,77,51,124,"ME",16.42
"730",513,"SP08.42","ME",2008,5,16,137,20,43.77215,-69.4894,18,9,9,10,8,"ME",17.74
"731",513,"SP08.43","ME",2008,5,16,137,17,43.71852,-69.45202,1,1,0,1,0,"ME",11.832
"732",512,"SP08.47","ME",2008,5,19,140,17,43.83375,-69.0605,136,66,70,84,52,"ME",12.223
"733",512,"SP08.48","ME",2008,5,19,140,20,43.9169,-69.13567,448,217,231,369,79,"ME",17.32
"734",512,"SP08.49","ME",2008,5,19,140,20,43.94532,-69.16723,166,71,95,74,92,"ME",17.04
"735",513,"SP08.5","ME",2008,5,6,127,20,42.97752,-70.64992,34,14,20,26,8,"ME",16.98
"736",512,"SP08.50","ME",2008,5,19,140,20,44.11687,-69.05345,34,8,26,25,9,"ME",17.18
"737",512,"SP08.51","ME",2008,5,20,141,14,44.2558,-68.8314,3,0,3,2,1,"ME",8.092
"738",512,"SP08.52","ME",2008,5,20,141,20,44.21588,-68.91252,2,0,2,2,0,"ME",17.52
"739",512,"SP08.53","ME",2008,5,20,141,20,44.18008,-68.9351,14,5,9,11,3,"ME",16.86
"740",512,"SP08.54","ME",2008,5,20,141,20,44.08875,-68.9927,42,23,19,33,9,"ME",17.1
"741",512,"SP08.55","ME",2008,5,21,142,20,43.7686,-69.15643,33,14,19,23,10,"ME",16.74
"742",512,"SP08.58","ME",2008,5,21,142,20,43.62135,-68.84477,2,1,1,2,0,"ME",16.04
"743",512,"SP08.59","ME",2008,5,22,143,20,43.76745,-68.72287,1,1,0,1,0,"ME",16.4
"744",513,"SP08.6","ME",2008,5,6,127,17,42.93552,-70.45435,4,3,1,4,0,"ME",11.849
"745",512,"SP08.60","ME",2008,5,22,143,20,43.88512,-68.663,17,12,5,12,5,"ME",17.04
"746",512,"SP08.61","ME",2008,5,22,143,20,43.91555,-68.75467,36,21,15,21,15,"ME",17.16
"747",512,"SP08.62","ME",2008,5,22,143,20,43.92453,-68.78793,54,29,25,42,12,"ME",16.88
"748",512,"SP08.63","ME",2008,5,22,143,18,43.98737,-68.75372,373,166,207,181,192,"ME",12.798
"749",512,"SP08.64","ME",2008,5,23,144,16,44.32042,-68.76465,2,1,1,2,0,"ME",10.048
"750",512,"SP08.65","ME",2008,5,23,144,18,44.18097,-68.7643,71,34,37,61,10,"ME",13.806
"751",512,"SP08.66","ME",2008,5,23,144,20,44.16498,-68.75955,274,133,141,222,52,"ME",16.9
"752",512,"SP08.67","ME",2008,5,23,144,20,44.13383,-68.75623,228,93,135,185,43,"ME",16.22
"753",512,"SP08.68","ME",2008,5,26,147,20,44.0194,-68.53987,251,126,125,134,117,"ME",16.7
"754",512,"SP08.69","ME",2008,5,26,147,15,44.11057,-68.58803,73,33,40,46,27,"ME",9.84
"755",513,"SP08.7","ME",2008,5,6,127,20,42.93783,-70.35403,2,2,0,2,0,"ME",16.34
"756",512,"SP08.70","ME",2008,5,26,147,14,44.15392,-68.54533,61,24,37,24,37,"ME",8.148
"757",512,"SP08.71","ME",2008,5,26,147,20,44.23295,-68.50747,113,44,69,88,25,"ME",16.1
"758",512,"SP08.72","ME",2008,5,27,148,20,44.38957,-68.51485,2,0,2,2,0,"ME",16.32
"759",512,"SP08.73","ME",2008,5,27,148,20,44.33042,-68.54772,3,0,3,2,1,"ME",17
"760",512,"SP08.74","ME",2008,5,27,148,20,44.3078,-68.46873,7,2,5,6,1,"ME",15.54
"761",512,"SP08.75","ME",2008,5,28,149,20,43.91263,-68.51948,1,1,0,1,0,"ME",16.84
"762",512,"SP08.76","ME",2008,5,28,149,20,43.99407,-68.44078,11,5,6,10,1,"ME",17.02
"763",512,"SP08.77","ME",2008,5,28,149,20,43.92078,-68.26047,3,3,0,3,0,"ME",17.78
"764",512,"SP08.78","ME",2008,5,28,149,20,43.96118,-68.2348,4,4,0,4,0,"ME",17.58
"765",512,"SP08.79","ME",2008,5,28,149,20,44.00618,-68.29982,6,3,3,4,2,"ME",16.78
"766",513,"SP08.8","ME",2008,5,6,127,19,43.0035,-70.51002,5,2,3,5,0,"ME",15.029
"767",512,"SP08.80","ME",2008,5,28,149,20,44.18445,-68.28335,151,69,82,115,36,"ME",16.12
"768",512,"SP08.81","ME",2008,5,29,150,20,44.07423,-68.1212,15,9,6,12,3,"ME",16.46
"769",512,"SP08.82","ME",2008,5,29,150,20,44.05808,-68.05215,1,1,0,1,0,"ME",16.64
"770",512,"SP08.83","ME",2008,5,29,150,20,44.1199,-67.95312,15,8,7,12,3,"ME",16.52
"771",512,"SP08.84","ME",2008,5,29,150,20,44.12592,-67.88135,6,3,3,6,0,"ME",15.6
"772",512,"SP08.85","ME",2008,5,29,150,20,44.18437,-68.03487,17,9,8,13,4,"ME",15.6
"773",512,"SP08.86","ME",2008,5,30,151,13,44.40797,-68.23335,30,17,13,27,3,"ME",6.578
"774",512,"SP08.87","ME",2008,5,30,151,20,44.21763,-68.06902,52,27,25,19,33,"ME",16.2
"775",512,"SP08.88","ME",2008,5,30,151,20,44.28763,-68.08597,352,189,163,202,150,"ME",18.14
"776",512,"SP08.89","ME",2008,5,30,151,20,44.28563,-68.12987,85,32,53,33,52,"ME",17.34
"777",513,"SP08.9","ME",2008,5,6,127,20,43.21268,-70.5714,41,17,24,29,12,"ME",16.64
"778",511,"SP08.90","ME",2008,6,2,154,14,44.39133,-67.93002,932,448,484,697,235,"ME",8.75
"779",511,"SP08.91","ME",2008,6,2,154,19,44.3604,-67.89378,342,179,163,286,56,"ME",14.763
"780",511,"SP08.92","ME",2008,6,2,154,20,44.28617,-67.84013,28,14,14,24,4,"ME",17.22
"781",511,"SP08.93","ME",2008,6,2,154,20,44.27445,-67.77885,8,3,5,7,1,"ME",16.48
"782",511,"SP08.94","ME",2008,6,2,154,20,44.31452,-67.73667,5,2,3,5,0,"ME",18
"783",511,"SP08.95","ME",2008,6,3,155,20,44.2331,-67.67477,5,4,1,5,0,"ME",17.16
"784",511,"SP08.97","ME",2008,6,3,155,20,44.25388,-67.4584,1,1,0,1,0,"ME",16.7
"785",511,"SP08.98","ME",2008,6,3,155,20,44.30073,-67.49645,3,2,1,3,0,"ME",17.2
"786",511,"SP08.99","ME",2008,6,3,155,20,44.35488,-67.47117,6,2,4,6,0,"ME",18.22
"787",513,"SP09.1","ME",2009,5,4,124,15,42.94808,-70.6007,30,13,17,24,6,"ME",10.035
"788",513,"SP09.10","ME",2009,5,5,125,20,43.20703,-70.40545,62,28,34,39,23,"ME",17.46
"789",511,"SP09.100","ME",2009,6,3,154,20,44.42348,-67.12935,6,3,3,5,1,"ME",16.28
"790",511,"SP09.101","ME",2009,6,3,154,14,44.55155,-67.18302,64,32,32,49,15,"ME",7.854
"791",511,"SP09.102","ME",2009,6,3,154,19,44.50255,-67.28778,38,25,13,37,1,"ME",15.371
"792",511,"SP09.103","ME",2009,6,3,154,20,44.34835,-67.4238,2,2,0,2,0,"ME",13.86
"793",511,"SP09.105","ME",2009,6,4,155,13,44.63972,-67.10353,82,39,43,69,13,"ME",7.072
"794",511,"SP09.106","ME",2009,6,4,155,20,44.66328,-67.04928,211,116,95,110,101,"ME",16.34
"795",467,"SP09.107","ME",2009,6,4,155,20,44.71062,-66.95472,20,7,13,14,6,"ME",17.3
"796",511,"SP09.108","ME",2009,6,4,155,20,44.74402,-67.01045,17,9,8,14,3,"ME",18.66
"797",511,"SP09.109","ME",2009,6,4,155,20,44.69947,-67.11623,50,24,26,44,6,"ME",18.12
"798",513,"SP09.11","ME",2009,5,6,126,20,43.21963,-70.47925,43,26,17,26,17,"ME",15.12
"799",511,"SP09.110","ME",2009,6,4,155,16,44.62383,-67.34987,27,13,14,24,3,"ME",10.768
"800",511,"SP09.111","ME",2009,6,5,156,18,44.59318,-67.28942,41,20,21,40,1,"ME",11.79
"801",511,"SP09.112","ME",2009,6,5,156,19,44.48088,-67.50875,230,115,115,117,113,"ME",14.592
"802",513,"SP09.12","ME",2009,5,6,126,20,43.30322,-70.35112,84,45,39,63,21,"ME",17.24
"803",513,"SP09.13","ME",2009,5,6,126,20,43.2969,-70.49487,27,9,18,24,3,"ME",16.42
"804",513,"SP09.14","ME",2009,5,6,126,20,43.20023,-70.57428,44,25,19,35,9,"ME",16.5
"805",513,"SP09.15","ME",2009,5,7,127,20,43.11498,-70.23658,5,4,1,4,1,"ME",15.82
"806",513,"SP09.17","ME",2009,5,7,127,20,43.22682,-70.14993,2,1,1,2,0,"ME",15.6
"807",513,"SP09.18","ME",2009,5,7,127,20,43.31007,-70.2639,24,7,17,23,1,"ME",16.78
"808",513,"SP09.19","ME",2009,5,7,127,20,43.39283,-70.11852,9,5,4,9,0,"ME",15.32
"809",513,"SP09.2","ME",2009,5,4,124,20,42.86992,-70.6838,23,15,8,12,11,"ME",16.94
"810",513,"SP09.20","ME",2009,5,8,128,20,43.44522,-70.09122,2,0,2,1,1,"ME",16.4
"811",513,"SP09.21","ME",2009,5,8,128,20,43.42295,-70.1475,9,3,6,9,0,"ME",16.06
"812",513,"SP09.22","ME",2009,5,8,128,20,43.43102,-70.28135,219,96,123,143,76,"ME",16.06
"813",513,"SP09.23","ME",2009,5,8,128,20,43.42937,-70.31115,572,286,286,537,35,"ME",15.46
"814",513,"SP09.24","ME",2009,5,8,128,20,43.51343,-70.2425,31,13,18,21,10,"ME",16.12
"815",513,"SP09.25","ME",2009,5,11,131,20,43.45877,-69.91387,1,1,0,1,0,"ME",17.1
"816",513,"SP09.26","ME",2009,5,11,131,20,43.5147,-69.91857,1,1,0,1,0,"ME",16.3
"817",513,"SP09.27","ME",2009,5,11,131,18,43.59272,-69.83887,7,3,4,5,2,"ME",12.978
"818",513,"SP09.28","ME",2009,5,11,131,20,43.6018,-69.874,13,6,7,9,4,"ME",16.3
"819",513,"SP09.29","ME",2009,5,11,131,20,43.64345,-69.85095,147,65,82,74,73,"ME",15.54
"820",513,"SP09.3","ME",2009,5,4,124,16,42.90577,-70.8009,1,0,1,1,0,"ME",10.32
"821",513,"SP09.30","ME",2009,5,11,131,20,43.66897,-70.12995,79,33,46,50,29,"ME",16.36
"822",513,"SP09.31","ME",2009,5,12,132,17,43.657,-69.99948,199,124,75,144,55,"ME",12.903
"823",513,"SP09.32","ME",2009,5,12,132,20,43.66693,-69.90622,124,64,60,68,56,"ME",16.06
"824",513,"SP09.33","ME",2009,5,12,132,20,43.74682,-69.87613,65,33,32,38,27,"ME",16
"825",513,"SP09.34","ME",2009,5,12,132,20,43.6832,-69.83588,139,65,74,117,22,"ME",16.92
"826",513,"SP09.35","ME",2009,5,12,132,20,43.71088,-69.79963,376,169,207,329,47,"ME",16.04
"827",513,"SP09.36","ME",2009,5,13,133,20,43.53515,-69.69738,3,2,1,3,0,"ME",17.26
"828",513,"SP09.37","ME",2009,5,13,133,20,43.62702,-69.70725,5,3,2,5,0,"ME",16.18
"829",513,"SP09.38","ME",2009,5,13,133,20,43.61467,-69.75978,11,7,4,7,4,"ME",16.62
"830",513,"SP09.39","ME",2009,5,13,133,20,43.69727,-69.74743,722,376,346,630,92,"ME",15
"831",513,"SP09.4","ME",2009,5,4,124,20,42.94137,-70.74868,13,6,7,11,2,"ME",15.74
"832",513,"SP09.40","ME",2009,5,13,133,20,43.7294,-69.67748,149,83,66,63,86,"ME",15.62
"833",513,"SP09.41","ME",2009,5,14,134,20,43.76753,-69.38557,59,37,22,44,15,"ME",14.16
"834",513,"SP09.42","ME",2009,5,14,134,20,43.76583,-69.35513,36,24,12,20,16,"ME",16.08
"835",513,"SP09.43","ME",2009,5,14,134,20,43.66087,-69.45023,2,2,0,2,0,"ME",15.8
"836",513,"SP09.44","ME",2009,5,14,134,20,43.68265,-69.51292,1,1,0,1,0,"ME",15.6
"837",513,"SP09.45","ME",2009,5,15,135,20,43.94817,-69.38513,270,118,152,110,160,"ME",15.62
"838",513,"SP09.46","ME",2009,5,15,135,20,43.82792,-69.48813,225,98,127,70,155,"ME",16.34
"839",513,"SP09.47","ME",2009,5,15,135,20,43.85607,-69.5312,177,77,100,92,85,"ME",15.82
"840",512,"SP09.48","ME",2009,5,18,138,20,43.75238,-69.1444,11,8,3,9,2,"ME",16.42
"841",512,"SP09.49","ME",2009,5,18,138,20,43.77592,-69.18305,48,27,21,25,23,"ME",16.1
"842",513,"SP09.5","ME",2009,5,4,124,16,42.94447,-70.72508,29,23,6,22,7,"ME",10.256
"843",512,"SP09.50","ME",2009,5,18,138,18,43.88,-69.03888,887,399,488,284,603,"ME",13.392
"844",512,"SP09.51","ME",2009,5,18,138,20,43.92852,-69.1247,898,425,473,641,257,"ME",15.42
"845",512,"SP09.52","ME",2009,5,18,138,20,43.96818,-69.13407,1825,774,1048,514,1311,"ME",16.64
"846",512,"SP09.53","ME",2009,5,19,139,16,44.3138,-68.9234,35,12,23,18,17,"ME",10.016
"847",512,"SP09.54","ME",2009,5,19,139,20,44.30397,-68.85533,2,1,1,2,0,"ME",17.58
"848",512,"SP09.56","ME",2009,5,19,139,20,44.15968,-69.00918,42,8,34,27,15,"ME",16.42
"849",512,"SP09.57","ME",2009,5,19,139,20,44.10773,-69.05172,100,52,48,68,32,"ME",16.06
"850",512,"SP09.58","ME",2009,5,19,139,16,43.9863,-69.04072,771,331,440,409,362,"ME",11.008
"851",512,"SP09.59","ME",2009,5,20,140,20,43.58013,-68.84427,11,10,1,11,0,"ME",15.06
"852",513,"SP09.6","ME",2009,5,5,125,20,42.95508,-70.49445,15,7,8,14,1,"ME",15.8
"853",512,"SP09.60","ME",2009,5,20,140,20,43.53575,-68.96582,1,1,0,1,0,"ME",15.8
"854",512,"SP09.61","ME",2009,5,20,140,20,43.6165,-68.93742,1,0,1,1,0,"ME",16.3
"855",512,"SP09.62","ME",2009,5,20,140,20,43.80022,-69.04253,49,25,24,30,19,"ME",15.72
"856",512,"SP09.63","ME",2009,5,21,141,20,43.75802,-68.7269,6,3,3,6,0,"ME",15.08
"857",512,"SP09.64","ME",2009,5,21,141,20,43.9022,-68.75742,57,27,30,34,23,"ME",15.88
"858",512,"SP09.65","ME",2009,5,21,141,20,43.9338,-68.78892,43,22,21,24,19,"ME",14.9
"859",512,"SP09.66","ME",2009,5,21,141,20,43.9535,-68.71552,86,40,46,49,37,"ME",15.42
"860",512,"SP09.67","ME",2009,5,22,142,20,44.27478,-68.77707,3,2,1,2,1,"ME",16.44
"861",512,"SP09.68","ME",2009,5,22,142,20,44.1723,-68.79888,25,13,12,19,6,"ME",16.28
"862",512,"SP09.69","ME",2009,5,22,142,20,44.13373,-68.75568,102,51,51,77,25,"ME",15.24
"863",513,"SP09.7","ME",2009,5,5,125,20,43.07937,-70.37507,5,3,2,5,0,"ME",16.88
"864",512,"SP09.70","ME",2009,5,25,145,20,43.92945,-68.5532,10,5,5,10,0,"ME",17.06
"865",512,"SP09.71","ME",2009,5,25,145,20,43.99647,-68.5548,72,34,38,42,30,"ME",17.12
"866",512,"SP09.72","ME",2009,5,25,145,20,44.1524,-68.54443,192,111,81,116,76,"ME",17.34
"867",512,"SP09.73","ME",2009,5,25,145,14,44.11027,-68.59047,141,65,76,74,67,"ME",8.078
"868",512,"SP09.74","ME",2009,5,26,146,20,43.92048,-68.40632,2,1,1,2,0,"ME",16.66
"869",512,"SP09.75","ME",2009,5,26,146,20,43.95307,-68.3165,5,1,4,5,0,"ME",16.28
"870",512,"SP09.76","ME",2009,5,26,146,20,43.9997,-68.31843,3,2,1,3,0,"ME",17.88
"871",512,"SP09.77","ME",2009,5,26,146,20,44.01205,-68.2577,3,1,2,3,0,"ME",14.52
"872",512,"SP09.78","ME",2009,5,26,146,20,44.06612,-68.40143,152,66,85,101,51,"ME",16.4
"873",512,"SP09.79","ME",2009,5,27,147,20,44.1482,-68.1062,99,52,47,36,63,"ME",14.86
"874",513,"SP09.8","ME",2009,5,5,125,20,43.13108,-70.36783,11,5,6,11,0,"ME",16.36
"875",512,"SP09.80","ME",2009,5,27,147,20,44.24532,-68.43072,132,54,78,75,57,"ME",17.06
"876",512,"SP09.81","ME",2009,5,27,147,20,44.30055,-68.49838,71,31,40,20,51,"ME",16.94
"877",512,"SP09.82","ME",2009,5,27,147,20,44.2902,-68.51975,30,14,16,14,16,"ME",17.16
"878",512,"SP09.83","ME",2009,5,28,148,19,44.06915,-67.91995,2,1,1,2,0,"ME",14.668
"879",512,"SP09.84","ME",2009,5,29,149,20,44.05823,-68.05292,9,4,5,9,0,"ME",16.28
"880",512,"SP09.85","ME",2009,5,29,149,18,44.08988,-68.04638,3,3,0,3,0,"ME",12.69
"881",512,"SP09.86","ME",2009,5,29,149,20,44.13018,-68.01992,11,5,6,11,0,"ME",15.72
"882",512,"SP09.87","ME",2009,5,29,149,20,44.22622,-68.08192,94,37,57,30,64,"ME",15.26
"883",512,"SP09.88","ME",2009,5,29,149,20,44.34427,-68.11493,341,168,173,85,256,"ME",16.46
"884",512,"SP09.89","ME",2009,5,29,149,20,44.36095,-68.16337,694,304,390,298,396,"ME",16
"885",513,"SP09.9","ME",2009,5,5,125,20,43.14762,-70.38918,14,7,7,13,1,"ME",15.78
"886",512,"SP09.90","ME",2009,5,29,149,20,44.29683,-68.12913,364,172,192,100,264,"ME",16.22
"887",511,"SP09.91","ME",2009,6,1,152,20,44.16278,-67.80695,1,0,1,1,0,"ME",17.32
"888",511,"SP09.92","ME",2009,6,1,152,20,44.20568,-67.77017,1,1,0,1,0,"ME",15.92
"889",511,"SP09.93","ME",2009,6,1,152,20,44.2631,-67.7895,11,4,7,8,3,"ME",16.4
"890",511,"SP09.94","ME",2009,6,1,152,20,44.26567,-67.7372,2,2,0,2,0,"ME",16.76
"891",511,"SP09.95","ME",2009,6,2,153,20,44.415,-67.56937,204,102,102,149,55,"ME",16.72
"892",511,"SP09.96","ME",2009,6,2,153,20,44.3947,-67.53062,70,35,35,62,8,"ME",16.46
"893",511,"SP09.97","ME",2009,6,2,153,10,44.37212,-67.66995,39,19,20,37,2,"ME",4.34
"894",511,"SP09.98","ME",2009,6,2,153,15,44.46625,-67.7607,377,213,164,283,94,"ME",9.72
"895",511,"SP09.99","ME",2009,6,2,153,20,44.45623,-67.72258,562,292,270,395,167,"ME",16.96
"896",513,"SP10.1","ME",2010,5,3,123,20,42.8989,-70.5963,17,10,7,13,4,"ME",17.064
"897",513,"SP10.10","ME",2010,5,4,124,20,43.15338,-70.37748,61,22,39,43,18,"ME",16.774
"898",511,"SP10.100","ME",2010,5,31,151,20,44.42407,-67.79162,158,93,65,101,57,"ME",16.242
"899",511,"SP10.101","ME",2010,6,1,152,20,44.46607,-67.726,487,269,218,313,174,"ME",16.5368
"900",511,"SP10.102","ME",2010,6,1,152,20,44.3044,-67.68435,19,13,6,18,1,"ME",16.6472
"901",511,"SP10.103","ME",2010,6,2,153,20,44.25372,-67.66887,4,3,1,4,0,"ME",14.7662
"902",511,"SP10.104","ME",2010,6,2,153,20,44.22507,-67.50063,3,1,2,3,0,"ME",17.1676
"903",511,"SP10.105","ME",2010,6,2,153,20,44.30008,-67.49858,8,6,2,8,0,"ME",15.6082
"904",511,"SP10.106","ME",2010,6,2,153,20,44.2711,-67.57157,5,3,2,5,0,"ME",14.942
"905",511,"SP10.107","ME",2010,6,2,153,20,44.32917,-67.5559,23,20,3,21,2,"ME",13.7754
"906",511,"SP10.108","ME",2010,6,2,153,18,44.35445,-67.69398,49,24,25,44,5,"ME",14.1975
"907",511,"SP10.109","ME",2010,6,3,154,20,44.51337,-67.5128,338,168,170,164,174,"ME",16.211
"908",513,"SP10.11","ME",2010,5,5,125,20,43.2122,-70.57152,37,22,15,29,8,"ME",17.536
"909",511,"SP10.110","ME",2010,6,3,154,20,44.49548,-67.41082,121,61,60,92,29,"ME",16.0956
"910",511,"SP10.111","ME",2010,6,3,154,20,44.46232,-67.3695,60,31,29,49,11,"ME",16.5276
"911",511,"SP10.112","ME",2010,6,3,154,20,44.57163,-67.28747,168,72,96,125,43,"ME",17.5512
"912",511,"SP10.113","ME",2010,6,3,154,20,44.58492,-67.30907,65,34,31,62,3,"ME",16.7578
"913",511,"SP10.114","ME",2010,6,3,154,20,44.63737,-67.3208,175,74,101,109,66,"ME",15.4328
"914",467,"SP10.115","ME",2010,6,4,155,20,44.7084,-66.95567,31,18,13,24,7,"ME",18.5862
"915",511,"SP10.116","ME",2010,6,4,155,20,44.64102,-67.1546,155,85,70,119,36,"ME",16.749
"916",511,"SP10.117","ME",2010,6,4,155,20,44.62072,-67.09298,114,57,57,84,30,"ME",15.7956
"917",513,"SP10.12","ME",2010,5,5,125,20,43.28108,-70.51855,138,62,76,103,35,"ME",16.436
"918",513,"SP10.13","ME",2010,5,5,125,17,43.2909,-70.34665,50,28,22,36,14,"ME",11.2999
"919",513,"SP10.14","ME",2010,5,5,125,20,43.34697,-70.21897,36,15,21,34,2,"ME",16.18
"920",513,"SP10.15","ME",2010,5,5,125,20,43.43207,-70.28145,145,66,79,97,48,"ME",16.336
"921",513,"SP10.16","ME",2010,5,6,126,20,43.39207,-70.11937,10,7,3,9,1,"ME",15.138
"922",513,"SP10.18","ME",2010,5,6,126,20,43.32773,-70.10252,2,2,0,2,0,"ME",15.506
"923",513,"SP10.19","ME",2010,5,6,126,20,43.41618,-70.08995,6,3,3,6,0,"ME",16.492
"924",513,"SP10.2","ME",2010,5,3,123,20,43.0297,-70.43572,19,9,10,19,0,"ME",16.526
"925",513,"SP10.20","ME",2010,5,7,127,20,43.47748,-70.21737,276,125,151,139,137,"ME",16.02
"926",513,"SP10.21","ME",2010,5,7,127,20,43.51525,-70.2214,272,99,173,128,144,"ME",16.3
"927",513,"SP10.22","ME",2010,5,7,127,20,43.5004,-70.36552,3,1,2,1,2,"ME",15.98
"928",513,"SP10.23","ME",2010,5,7,127,20,43.53108,-70.27132,6,3,3,4,2,"ME",15.878
"929",513,"SP10.24","ME",2010,5,10,130,20,43.56542,-69.95328,37,23,14,29,8,"ME",16.246
"930",513,"SP10.25","ME",2010,5,10,130,20,43.51535,-69.91478,6,6,0,6,0,"ME",16.354
"931",513,"SP10.26","ME",2010,5,10,130,20,43.4631,-69.78683,3,3,0,3,0,"ME",16.508
"932",513,"SP10.27","ME",2010,5,10,130,20,43.60182,-69.87277,36,18,18,17,19,"ME",16.174
"933",513,"SP10.28","ME",2010,5,11,131,20,43.72373,-70.16272,32,12,20,9,23,"ME",15.882
"934",513,"SP10.29","ME",2010,5,11,131,20,43.77528,-70.06885,30,18,12,7,23,"ME",16.424
"935",513,"SP10.3","ME",2010,5,3,123,20,42.98113,-70.66103,41,16,25,34,7,"ME",16.472
"936",513,"SP10.30","ME",2010,5,11,131,20,43.68512,-69.94212,186,84,102,77,109,"ME",16.08734
"937",513,"SP10.31","ME",2010,5,11,131,20,43.70533,-69.87033,104,52,52,87,17,"ME",15.352
"938",513,"SP10.32","ME",2010,5,11,131,20,43.69858,-69.74625,210,85,125,190,20,"ME",16.33
"939",513,"SP10.33","ME",2010,5,11,131,20,43.76007,-69.65595,176,76,100,66,110,"ME",16.128
"940",513,"SP10.34","ME",2010,5,12,132,20,43.79062,-69.61455,219,117,102,59,160,"ME",16.232
"941",513,"SP10.35","ME",2010,5,12,132,20,43.61471667,-69.76143,33,13,20,25,8,"ME",16.182
"942",513,"SP10.36","ME",2010,5,12,132,20,43.54673,-69.69123,3,1,2,3,0,"ME",17.064
"943",513,"SP10.37","ME",2010,5,12,132,20,43.68575,-69.65527,104,50,54,41,63,"ME",15.426
"944",512,"SP10.38","ME",2010,5,13,133,20,43.8605,-69.27093,462,217,245,126,336,"ME",16.326
"945",513,"SP10.39","ME",2010,5,13,133,20,43.95142,-69.38663,45,22,23,5,40,"ME",16.596
"946",513,"SP10.4","ME",2010,5,3,123,20,42.87293,-70.71278,74,47,27,65,9,"ME",17.332
"947",513,"SP10.40","ME",2010,5,13,133,20,43.9148,-69.44753,67,36,31,21,46,"ME",15.678
"948",513,"SP10.41","ME",2010,5,13,133,17,43.88035,-69.46845,186,92,94,68,118,"ME",12.3896
"949",513,"SP10.42","ME",2010,5,13,133,20,43.83852,-69.48493,227,106,121,78,149,"ME",16.838
"950",513,"SP10.43","ME",2010,5,14,134,20,43.68517,-69.5133,11,7,4,7,4,"ME",16.132
"951",513,"SP10.44","ME",2010,5,14,134,20,43.7571,-69.50222,44,20,24,23,21,"ME",16.24
"952",513,"SP10.45","ME",2010,5,14,134,20,43.74877,-69.43323,37,18,19,24,13,"ME",17.194
"953",513,"SP10.46","ME",2010,5,14,134,20,43.68642,-69.41705,4,4,0,3,1,"ME",16.72
"954",513,"SP10.47","ME",2010,5,14,134,20,43.67627,-69.47137,3,1,2,3,0,"ME",16.002
"955",512,"SP10.48","ME",2010,5,17,137,19,43.91668,-69.25082,173,75,98,45,128,"ME",14.0942
"956",512,"SP10.49","ME",2010,5,17,137,20,43.85432,-69.11362,268,133,135,70,198,"ME",16.058
"957",513,"SP10.5","ME",2010,5,3,123,20,42.92945,-70.75162,25,16,9,22,3,"ME",16.072
"958",512,"SP10.50","ME",2010,5,17,137,20,43.8912,-69.08725,524,252,272,216,308,"ME",16.384
"959",512,"SP10.51","ME",2010,5,17,137,20,43.91905,-69.13468,1225,623,602,695,530,"ME",16.3148
"960",512,"SP10.52","ME",2010,5,17,137,20,43.9642,-69.13525,181,85,96,80,101,"ME",16.2232
"961",512,"SP10.53","ME",2010,5,17,137,20,44.13078,-69.03955,286,139,147,111,175,"ME",16.9176
"962",512,"SP10.54","ME",2010,5,18,138,20,43.7416,-69.16612,18,8,10,16,2,"ME",16.046
"963",513,"SP10.55","ME",2010,5,18,138,20,43.64622,-69.1291,1,0,1,1,0,"ME",16.1458
"964",513,"SP10.56","ME",2010,5,18,138,20,43.61075,-69.03827,2,1,1,2,0,"ME",16.4292
"965",512,"SP10.57","ME",2010,5,18,138,20,43.53757,-68.96233,4,2,2,4,0,"ME",15.0226
"966",512,"SP10.58","ME",2010,5,18,138,20,43.56598,-68.91415,4,4,0,4,0,"ME",15.3748
"967",512,"SP10.59","ME",2010,5,18,138,20,43.60472,-68.94472,5,3,2,5,0,"ME",17.0216
"968",513,"SP10.6","ME",2010,5,4,124,20,43.03322,-70.35338,10,6,4,10,0,"ME",16.47
"969",512,"SP10.60","ME",2010,5,19,139,20,44.15565,-69.00583,228,99,129,118,110,"ME",15.7556
"970",512,"SP10.61","ME",2010,5,19,139,20,44.24733,-68.87773,3,2,1,3,0,"ME",17.3218
"971",512,"SP10.62","ME",2010,5,19,139,20,44.23033,-68.85783,29,11,18,17,12,"ME",16.4128
"972",512,"SP10.64","ME",2010,5,20,140,20,43.76802,-68.65422,1,1,0,1,0,"ME",17.2398
"973",512,"SP10.65","ME",2010,5,20,140,14,43.84545,-68.62808,7,5,2,6,1,"ME",8.456
"974",512,"SP10.66","ME",2010,5,20,140,20,43.88492,-68.68762,63,40,23,39,24,"ME",16.7458
"975",512,"SP10.67","ME",2010,5,20,140,20,43.90197,-68.65877,25,16,9,12,13,"ME",15.8828
"976",512,"SP10.68","ME",2010,5,21,141,20,43.90215,-68.75712,99,52,47,44,55,"ME",16.2982
"977",512,"SP10.69","ME",2010,5,21,141,20,43.95318,-68.71543,177,84,93,90,87,"ME",15.0376
"978",513,"SP10.7","ME",2010,5,4,124,20,43.11183,-70.36847,16,8,8,16,0,"ME",17.002
"979",512,"SP10.70","ME",2010,5,21,141,20,44.13393,-68.75683,208,82,126,146,62,"ME",16.5092
"980",512,"SP10.71","ME",2010,5,21,141,20,44.1148,-68.78348,298,146,152,139,159,"ME",16.1882
"981",512,"SP10.72","ME",2010,5,24,144,20,43.9332,-68.55272,10,8,2,8,2,"ME",17.4196
"982",512,"SP10.73","ME",2010,5,24,144,18,43.86828,-68.49732,4,2,2,4,0,"ME",13.36806
"983",512,"SP10.74","ME",2010,5,24,144,20,43.94248,-68.44712,6,5,1,5,1,"ME",16.581
"984",512,"SP10.75","ME",2010,5,24,144,15,43.97762,-68.51785,54,25,29,25,29,"ME",9.1884
"985",512,"SP10.76","ME",2010,5,24,144,20,44.02737,-68.54547,535,266,269,285,250,"ME",15.8866
"986",512,"SP10.77","ME",2010,5,25,145,19,44.11262,-68.5835,726,401,325,329,397,"ME",14.33949
"987",512,"SP10.78","ME",2010,5,25,145,19,44.15297,-68.54595,249,113,136,158,91,"ME",14.34101
"988",512,"SP10.79","ME",2010,5,25,145,20,44.23197,-68.4612,237,107,130,69,168,"ME",16.0798
"989",513,"SP10.8","ME",2010,5,4,124,18,43.1648,-70.30427,10,3,7,10,0,"ME",13.2318
"990",512,"SP10.80","ME",2010,5,25,145,20,44.27423,-68.507,16,5,11,10,6,"ME",16.5262
"991",512,"SP10.81","ME",2010,5,25,145,18,44.29305,-68.47855,10,2,8,9,1,"ME",13.48974
"992",512,"SP10.82","ME",2010,5,26,146,20,44.00267,-68.2755,10,8,2,9,1,"ME",16.0696
"993",512,"SP10.83","ME",2010,5,26,146,20,43.9528,-68.34942,12,12,0,12,0,"ME",16.0968
"994",512,"SP10.84","ME",2010,5,26,146,20,43.89538,-68.29763,2,1,1,2,0,"ME",15.616
"995",512,"SP10.85","ME",2010,5,26,146,20,44.05392,-68.06088,8,5,3,8,0,"ME",15.4896
"996",512,"SP10.86","ME",2010,5,26,146,20,44.06527,-68.12453,9,4,5,7,2,"ME",16.3532
"997",512,"SP10.87","ME",2010,5,27,147,20,44.12688,-67.9063,12,7,5,12,0,"ME",16.9128
"998",512,"SP10.88","ME",2010,5,27,147,20,44.12867,-68.01215,12,11,1,12,0,"ME",17.0878
"999",512,"SP10.89","ME",2010,5,27,147,20,44.12275,-68.04658,15,9,6,14,1,"ME",15.6544
"1000",513,"SP10.9","ME",2010,5,4,124,17,43.20583,-70.36192,27,10,17,21,6,"ME",11.1401
"1001",512,"SP10.90","ME",2010,5,27,147,20,44.20975,-68.03977,92,41,51,43,49,"ME",15.8416
"1002",512,"SP10.91","ME",2010,5,27,147,20,44.22262,-68.07405,156,68,88,64,92,"ME",15.8106
"1003",512,"SP10.92","ME",2010,5,27,147,20,44.23022,-68.13392,346,170,176,83,263,"ME",16.1014
"1004",512,"SP10.93","ME",2010,5,28,148,20,44.28752,-68.12958,374,183,191,111,263,"ME",16.6904
"1005",512,"SP10.94","ME",2010,5,28,148,20,44.40877,-68.23085,108,50,58,64,44,"ME",16.3816
"1006",512,"SP10.95","ME",2010,5,28,148,20,44.43592,-68.15257,123,64,59,68,55,"ME",14.7752
"1007",512,"SP10.96","ME",2010,5,28,148,20,44.37128,-68.15463,212,98,114,104,108,"ME",16.0952
"1008",511,"SP10.97","ME",2010,5,31,151,20,44.25213,-67.8497,42,20,22,32,10,"ME",16.1122
"1009",511,"SP10.98","ME",2010,5,31,151,19,44.19897,-67.8037,4,3,1,4,0,"ME",15.77779
"1010",511,"SP10.99","ME",2010,5,31,151,20,44.37928,-67.91157,365,190,175,234,131,"ME",16.0326
"1011",513,"SP11.1","ME",2011,5,2,122,19,42.95741667,-70.72121667,28,14,14,20,8,"ME",13.9346
"1012",513,"SP11.10","ME",2011,5,3,123,17,43.21823333,-70.33246667,23,11,12,19,4,"ME",11.7657
"1013",511,"SP11.100","ME",2011,5,31,151,18,44.34323333,-67.66053333,252,120,132,213,39,"ME",12.8466
"1014",511,"SP11.101","ME",2011,5,31,151,20,44.3743,-67.66326667,394,176,218,305,89,"ME",16.29
"1015",511,"SP11.102","ME",2011,5,31,151,20,44.45201667,-67.72166667,1767,997,770,1067,700,"ME",16.458
"1016",511,"SP11.103","ME",2011,5,31,151,19,44.46783333,-67.75886667,1080,618,462,645,435,"ME",14.4153
"1017",511,"SP11.104","ME",2011,6,1,152,20,44.25136667,-67.5907,13,12,1,13,0,"ME",17.46
"1018",511,"SP11.105","ME",2011,6,1,152,20,44.29418333,-67.50926667,17,12,5,17,0,"ME",17.016
"1019",511,"SP11.106","ME",2011,6,1,152,20,44.27948333,-67.50111667,6,5,1,6,0,"ME",15.44
"1020",511,"SP11.108","ME",2011,6,2,153,20,44.59683333,-67.43733333,98,40,58,71,27,"ME",15.738
"1021",511,"SP11.109","ME",2011,6,2,153,15,44.50315,-67.39588333,196,112,84,132,64,"ME",9.3225
"1022",513,"SP11.11","ME",2011,5,3,123,20,43.20593333,-70.28716667,29,15,14,28,1,"ME",15.968
"1023",511,"SP11.110","ME",2011,6,2,153,16,44.54353333,-67.41746667,240,136,104,155,85,"ME",10.032
"1024",511,"SP11.111","ME",2011,6,2,153,16,44.4327,-67.19261667,4,4,0,4,0,"ME",10.1376
"1025",511,"SP11.112","ME",2011,6,2,153,20,44.5904,-67.28596667,190,92,98,113,77,"ME",16.978
"1026",511,"SP11.113","ME",2011,6,3,154,20,44.55635,-67.18531667,99,49,50,57,42,"ME",16.308
"1027",467,"SP11.114","ME",2011,6,3,154,20,44.69733333,-66.963,64,28,36,40,24,"ME",18.238
"1028",511,"SP11.115","ME",2011,6,3,154,20,44.74413333,-67.00083333,41,17,24,29,12,"ME",16.054
"1029",511,"SP11.116","ME",2011,6,3,154,16,44.6553,-67.09048333,177,82,95,119,58,"ME",11.8688
"1030",513,"SP11.12","ME",2011,5,3,123,20,43.12105,-70.27086667,14,4,10,13,1,"ME",16.062
"1031",513,"SP11.13","ME",2011,5,3,123,20,43.02958333,-70.29916667,12,6,6,12,0,"ME",16.588
"1032",513,"SP11.14","ME",2011,5,4,124,20,43.20481667,-70.50151667,54,31,23,47,7,"ME",15.45
"1033",513,"SP11.15","ME",2011,5,4,124,20,43.2877,-70.5138,49,25,24,30,19,"ME",15.832
"1034",513,"SP11.16","ME",2011,5,4,124,19,43.25791667,-70.57745,3,1,2,0,3,"ME",14.6832
"1035",513,"SP11.17","ME",2011,5,5,125,20,43.33286667,-70.21293333,35,14,21,34,1,"ME",16.09
"1036",513,"SP11.18","ME",2011,5,5,125,20,43.30883333,-70.1421,10,5,5,9,1,"ME",15.222
"1037",513,"SP11.19","ME",2011,5,5,125,20,43.40195,-70.12961667,32,14,18,29,3,"ME",15.25
"1038",513,"SP11.2","ME",2011,5,2,122,20,42.92916667,-70.75375,21,7,14,19,2,"ME",13.416
"1039",513,"SP11.20","ME",2011,5,5,125,20,43.4584,-70.08235,33,18,15,28,5,"ME",16.368
"1040",513,"SP11.21","ME",2011,5,6,126,20,43.473,-70.23015,153,57,96,72,81,"ME",16.332
"1041",513,"SP11.22","ME",2011,5,6,126,20,43.43021667,-70.28296667,148,68,80,88,60,"ME",14.852
"1042",513,"SP11.23","ME",2011,5,6,126,20,43.52238333,-70.292,6,0,6,5,1,"ME",16.204
"1043",513,"SP11.24","ME",2011,5,6,126,20,43.5076,-70.23456667,298,136,162,152,146,"ME",16.52
"1044",513,"SP11.25","ME",2011,5,9,129,20,43.72686667,-70.15591667,17,4,13,13,4,"ME",16.31
"1045",513,"SP11.26","ME",2011,5,9,129,20,43.77875,-70.02571667,25,12,13,10,15,"ME",16.1
"1046",513,"SP11.27","ME",2011,5,9,129,20,43.65258333,-70.05568333,666,336,330,345,321,"ME",16.396
"1047",513,"SP11.28","ME",2011,5,9,129,20,43.68705,-70.13428333,55,17,38,40,15,"ME",16.96
"1048",513,"SP11.29","ME",2011,5,9,129,20,43.64895,-70.16736667,55,17,38,48,7,"ME",17.012
"1049",513,"SP11.3","ME",2011,5,2,122,20,42.94166667,-70.65793333,91,48,43,40,51,"ME",17.116
"1050",513,"SP11.30","ME",2011,5,11,131,20,43.4829,-69.96265,6,4,2,6,0,"ME",16.744
"1051",513,"SP11.31","ME",2011,5,11,131,20,43.49751667,-69.91913333,8,6,2,6,2,"ME",15.69
"1052",513,"SP11.32","ME",2011,5,11,131,20,43.54468333,-69.95508333,25,14,11,20,5,"ME",17.22
"1053",513,"SP11.33","ME",2011,5,11,131,20,43.59986667,-69.87653333,46,28,18,26,20,"ME",15.504
"1054",513,"SP11.34","ME",2011,5,11,131,20,43.587,-69.81035,25,15,10,24,1,"ME",17.192
"1055",513,"SP11.35","ME",2011,5,11,131,20,43.62356667,-69.76091667,71,30,41,54,17,"ME",15.486
"1056",513,"SP11.36","ME",2011,5,11,131,20,43.7066,-69.69331667,273,138,135,107,166,"ME",17.06
"1057",513,"SP11.37","ME",2011,5,12,132,20,43.69498333,-69.74846667,257,126,131,216,41,"ME",15.708
"1058",513,"SP11.38","ME",2011,5,12,132,20,43.75298333,-69.7347,149,69,80,101,48,"ME",17.558
"1059",513,"SP11.39","ME",2011,5,12,132,20,43.77771667,-69.69993333,260,123,137,99,161,"ME",16.996
"1060",513,"SP11.4","ME",2011,5,2,122,20,42.89141667,-70.47473333,3,1,2,3,0,"ME",14.158
"1061",513,"SP11.40","ME",2011,5,12,132,20,43.80461667,-69.6434,186,78,108,58,128,"ME",16.376
"1062",513,"SP11.41","ME",2011,5,13,133,20,43.69556667,-69.51165,31,13,18,23,8,"ME",17.73
"1063",513,"SP11.42","ME",2011,5,13,133,20,43.66498333,-69.40155,7,5,2,6,1,"ME",16.686
"1064",513,"SP11.43","ME",2011,5,13,133,20,43.66796667,-69.44191667,16,9,7,15,1,"ME",16.888
"1065",513,"SP11.44","ME",2011,5,13,133,16,43.72911667,-69.45118333,49,23,26,39,10,"ME",10.7616
"1066",513,"SP11.45","ME",2011,5,13,133,20,43.76376667,-69.50495,143,68,75,59,84,"ME",15.266
"1067",513,"SP11.46","ME",2011,5,13,133,20,43.83995,-69.48305,294,161,133,84,210,"ME",15.486
"1068",513,"SP11.47","ME",2011,5,13,133,20,43.81593333,-69.3514,531,263,268,174,357,"ME",16.492
"1069",513,"SP11.48","ME",2011,5,13,133,20,43.76465,-69.35695,194,88,106,128,66,"ME",17.2
"1070",512,"SP11.49","ME",2011,5,16,136,17,43.91413333,-69.13941667,463,227,236,222,241,"ME",8.8774
"1071",513,"SP11.5","ME",2011,5,2,122,20,42.93595,-70.48696667,9,6,3,9,0,"ME",17.486
"1072",512,"SP11.50","ME",2011,5,17,137,20,44.17216667,-68.94283333,120,40,80,89,31,"ME",16.36
"1073",512,"SP11.51","ME",2011,5,17,137,20,44.32571667,-68.84503333,6,1,5,5,1,"ME",17.868
"1074",512,"SP11.52","ME",2011,5,17,137,20,44.27415,-68.78,4,2,2,4,0,"ME",16.62
"1075",512,"SP11.53","ME",2011,5,17,137,20,44.22383333,-68.92608333,46,18,28,36,10,"ME",18.132
"1076",512,"SP11.54","ME",2011,5,17,137,16,44.19101667,-68.997,47,13,34,24,23,"ME",11.384
"1077",512,"SP11.55","ME",2011,5,17,137,20,44.09773333,-68.99855,373,173,200,304,69,"ME",17.36
"1078",512,"SP11.56","ME",2011,5,18,138,20,43.87423333,-69.03536667,1298,631,667,274,1024,"ME",16.806
"1079",512,"SP11.57","ME",2011,5,18,138,17,43.84803333,-69.05981667,508,232,275,152,356,"ME",12.5188
"1080",512,"SP11.58","ME",2011,5,18,138,20,43.77908333,-69.11186667,134,65,69,70,64,"ME",16.134
"1081",512,"SP11.59","ME",2011,5,18,138,20,43.73196667,-69.08555,56,28,28,37,19,"ME",15.16
"1082",513,"SP11.6","ME",2011,5,2,122,20,42.98473333,-70.42665,16,11,5,14,2,"ME",16.14
"1083",512,"SP11.60","ME",2011,5,18,138,20,43.6173,-68.93696667,8,3,5,7,1,"ME",16.526
"1084",512,"SP11.61","ME",2011,5,18,138,20,43.57685,-68.87301667,5,3,2,5,0,"ME",16.652
"1085",512,"SP11.62","ME",2011,5,18,138,20,43.68185,-68.8571,20,14,6,17,3,"ME",16.624
"1086",512,"SP11.63","ME",2011,5,19,139,20,43.91728333,-68.7547,320,133,187,175,145,"ME",15.296
"1087",512,"SP11.64","ME",2011,5,19,139,16,43.76575,-68.7243,18,9,9,12,6,"ME",10.496
"1088",512,"SP11.65","ME",2011,5,19,139,20,43.74103333,-68.6346,3,3,0,3,0,"ME",16.092
"1089",512,"SP11.66","ME",2011,5,19,139,15,43.80625,-68.59221667,4,3,1,4,0,"ME",8.2215
"1090",512,"SP11.67","ME",2011,5,19,139,16,43.8532,-68.62548333,39,25,14,31,8,"ME",10.4384
"1091",512,"SP11.68","ME",2011,5,19,139,20,43.8892,-68.67986667,141,74,67,53,88,"ME",15.726
"1092",512,"SP11.69","ME",2011,5,20,140,19,44.12156667,-68.77375,843,401,442,418,425,"ME",13.4444
"1093",513,"SP11.7","ME",2011,5,3,123,20,43.08105,-70.4829,60,31,29,51,9,"ME",16.418
"1094",512,"SP11.70","ME",2011,5,20,140,21,44.15053333,-68.7622,453,206,247,334,119,"ME",17.703
"1095",512,"SP11.71","ME",2011,5,20,140,20,44.1521,-68.73086667,460,208,252,222,238,"ME",16.24
"1096",512,"SP11.72","ME",2011,5,23,143,20,43.94153333,-68.55501667,132,63,69,71,61,"ME",16.368
"1097",512,"SP11.73","ME",2011,5,23,143,20,43.99595,-68.4346,150,78,72,94,56,"ME",15.2
"1098",512,"SP11.74","ME",2011,5,23,143,19,44.0063,-68.40033333,152,55,97,95,57,"ME",15.5971
"1099",512,"SP11.75","ME",2011,5,23,143,20,44.02843333,-68.54411667,1082,555,527,437,645,"ME",16.302
"1100",512,"SP11.76","ME",2011,5,23,143,20,44.16485,-68.53345,403,217,186,323,80,"ME",15.786
"1101",512,"SP11.77","ME",2011,5,24,144,17,44.31755,-68.54426667,6,4,2,5,1,"ME",11.1146
"1102",512,"SP11.78","ME",2011,5,24,144,10,44.26018333,-68.4827,327,151,176,274,53,"ME",3.946
"1103",512,"SP11.79","ME",2011,5,24,144,15,44.2173,-68.44406667,716,359,357,367,349,"ME",9.303
"1104",513,"SP11.8","ME",2011,5,3,123,20,43.07878333,-70.4147,35,13,22,33,2,"ME",15.98
"1105",512,"SP11.80","ME",2011,5,25,145,21,43.90753333,-68.36436667,10,7,3,10,0,"ME",16.4115
"1106",512,"SP11.81","ME",2011,5,25,145,20,43.8805,-68.29565,10,5,5,10,0,"ME",16.108
"1107",512,"SP11.82","ME",2011,5,25,145,17,43.9608,-68.23351667,12,11,1,12,0,"ME",11.6076
"1108",512,"SP11.83","ME",2011,5,25,145,20,43.92221667,-68.14076667,7,6,1,6,1,"ME",16.744
"1109",512,"SP11.84","ME",2011,5,25,145,20,44.04761667,-68.25903333,136,66,70,114,22,"ME",16.186
"1110",512,"SP11.85","ME",2011,5,26,146,20,44.40721667,-68.23116667,179,79,100,111,68,"ME",17.044
"1111",512,"SP11.86","ME",2011,5,26,146,15,44.31463333,-68.08646667,626,293,333,182,444,"ME",9.048
"1112",512,"SP11.87","ME",2011,5,26,146,20,44.21743333,-68.06821667,205,105,100,90,115,"ME",16.206
"1113",512,"SP11.88","ME",2011,5,26,146,20,44.2402,-68.13408333,635,309,325,152,483,"ME",16.536
"1114",512,"SP11.89","ME",2011,5,26,146,16,44.2833,-68.19778333,377,190,187,189,188,"ME",9.4544
"1115",513,"SP11.9","ME",2011,5,3,123,20,43.154,-70.3775,61,22,39,46,15,"ME",16.578
"1116",512,"SP11.90","ME",2011,5,26,146,20,44.28426667,-68.13081667,250,126,124,94,156,"ME",17.176
"1117",512,"SP11.91","ME",2011,5,27,147,20,44.12453333,-68.0194,46,20,26,41,5,"ME",15.878
"1118",512,"SP11.92","ME",2011,5,27,147,20,44.13611667,-67.91221667,38,24,14,37,1,"ME",15.728
"1119",512,"SP11.93","ME",2011,5,27,147,20,44.05915,-68.05206667,17,10,7,15,2,"ME",18.026
"1120",512,"SP11.94","ME",2011,5,27,147,20,44.05865,-68.12893333,73,36,37,60,13,"ME",16.222
"1121",511,"SP11.95","ME",2011,5,30,150,20,44.31705,-67.85721667,688,340,348,405,283,"ME",16.43
"1122",511,"SP11.96","ME",2011,5,30,150,20,44.26071667,-67.81406667,103,55,48,75,28,"ME",16.124
"1123",511,"SP11.97","ME",2011,5,30,150,20,44.19795,-67.74381667,8,7,1,8,0,"ME",14.882
"1124",511,"SP11.98","ME",2011,5,30,150,18,44.38825,-67.75543333,310,156,154,173,137,"ME",12.8214
"1125",511,"SP11.99","ME",2011,5,31,151,20,44.398,-67.52698333,109,50,59,87,22,"ME",16.168
"1126",513,"SP12.1","ME",2012,4,30,121,20,42.93807,-70.74302,4,4,0,4,0,"ME",16.402
"1127",513,"SP12.10","ME",2012,5,2,123,20,42.97613,-70.31823,2,1,1,2,0,"ME",16.174
"1128",511,"SP12.100","ME",2012,5,28,149,15,44.45213,-67.72067,742,444,298,502,240,"ME",9.9315
"1129",511,"SP12.101","ME",2012,5,29,150,20,44.32087,-67.72367,130,65,65,121,9,"ME",16.818
"1130",511,"SP12.102","ME",2012,5,29,150,19,44.3028,-67.697,66,40,26,63,3,"ME",15.5952
"1131",511,"SP12.103","ME",2012,5,29,150,20,44.23398,-67.78367,44,28,16,41,3,"ME",16.262
"1132",511,"SP12.104","ME",2012,5,29,150,20,44.17338,-67.7504,5,3,2,5,0,"ME",16.216
"1133",511,"SP12.105","ME",2012,5,30,151,20,44.27195,-67.57958,31,28,3,31,0,"ME",14.842
"1134",511,"SP12.106","ME",2012,5,30,151,20,44.29822,-67.50215,32,22,10,32,0,"ME",17.93
"1135",511,"SP12.107","ME",2012,5,30,151,20,44.2959,-67.40832,4,4,0,4,0,"ME",15.674
"1136",511,"SP12.108","ME",2012,5,30,151,15,44.434,-67.55777,127,77,50,77,50,"ME",8.6565
"1137",511,"SP12.109","ME",2012,5,31,152,20,44.43312,-67.19447,3,3,0,3,0,"ME",16.74
"1138",513,"SP12.11","ME",2012,5,2,123,20,43.00038,-70.33345,2,0,2,2,0,"ME",15.6
"1139",511,"SP12.110","ME",2012,5,31,152,15,44.43018,-67.14585,8,4,4,8,0,"ME",9.612
"1140",511,"SP12.111","ME",2012,5,31,152,15,44.52302,-67.25317,80,44,36,69,11,"ME",10.275
"1141",511,"SP12.112","ME",2012,5,31,152,16,44.527,-67.3043,91,50,41,65,26,"ME",11.504
"1142",511,"SP12.113","ME",2012,5,31,152,20,44.59002,-67.46902,355,171,184,286,69,"ME",16.072
"1143",511,"SP12.114","ME",2012,5,31,152,20,44.58393,-67.30932,183,95,88,141,42,"ME",17.322
"1144",511,"SP12.115","ME",2012,5,31,152,20,44.62422,-67.3322,367,160,207,232,135,"ME",17.092
"1145",467,"SP12.116","ME",2012,6,1,153,20,44.69875,-66.99852,251,122,129,137,114,"ME",15.678
"1146",467,"SP12.117","ME",2012,6,1,153,16,44.70848,-66.9573,118,62,56,83,35,"ME",10.0736
"1147",467,"SP12.118","ME",2012,6,1,153,20,44.76877,-66.97087,31,16,15,28,3,"ME",22.876
"1148",467,"SP12.119","ME",2012,6,1,153,10,44.80467,-66.94837,60,32,28,29,31,"ME",4.587
"1149",513,"SP12.12","ME",2012,5,2,123,20,43.05563,-70.34848,11,4,7,11,0,"ME",16.626
"1150",513,"SP12.13","ME",2012,5,2,123,16,43.0317,-70.38823,12,7,5,11,1,"ME",10.528
"1151",513,"SP12.14","ME",2012,5,3,124,20,43.19677,-70.58083,44,20,24,35,9,"ME",16.486
"1152",513,"SP12.15","ME",2012,5,3,124,20,43.24245,-70.50392,204,72,132,112,92,"ME",15.728
"1153",513,"SP12.16","ME",2012,5,3,124,15,43.15028,-70.38447,51,21,30,39,12,"ME",8.6415
"1154",513,"SP12.17","ME",2012,5,3,124,20,43.17993,-70.2707,16,10,6,16,0,"ME",16.276
"1155",513,"SP12.18","ME",2012,5,3,124,15,43.20017,-70.29597,15,6,9,13,2,"ME",8.577
"1156",513,"SP12.19","ME",2012,5,3,124,15,43.41017,-70.23888,140,58,82,88,52,"ME",8.337
"1157",513,"SP12.2","ME",2012,4,30,121,20,42.9049,-70.80092,1,1,0,0,1,"ME",16.38
"1158",513,"SP12.20","ME",2012,5,4,125,18,43.4472,-70.18472,142,58,84,101,41,"ME",13.1274
"1159",513,"SP12.21","ME",2012,5,4,125,20,43.43275,-70.15632,64,31,33,54,10,"ME",16.236
"1160",513,"SP12.22","ME",2012,5,4,125,20,43.39543,-70.12248,53,31,22,51,2,"ME",16.342
"1161",513,"SP12.23","ME",2012,5,4,125,16,43.42205,-70.29055,166,80,86,79,87,"ME",10.0992
"1162",513,"SP12.24","ME",2012,5,4,125,20,43.52203,-70.31553,8,2,6,5,3,"ME",16.428
"1163",513,"SP12.25","ME",2012,5,7,128,20,43.58528,-69.94103,55,34,21,27,28,"ME",16.568
"1164",513,"SP12.26","ME",2012,5,7,128,20,43.54512,-69.91852,24,12,12,21,3,"ME",15.75
"1165",513,"SP12.27","ME",2012,5,7,128,20,43.60895,-69.8652,78,26,52,45,33,"ME",16.816
"1166",513,"SP12.28","ME",2012,5,7,128,20,43.6592,-69.8619,123,74,49,98,25,"ME",15.616
"1167",513,"SP12.29","ME",2012,5,7,128,20,43.76322,-69.88013,77,34,43,25,52,"ME",16.502
"1168",513,"SP12.3","ME",2012,4,30,121,20,42.93147,-70.70722,83,33,50,49,34,"ME",16.776
"1169",513,"SP12.30","ME",2012,5,7,128,20,43.70387,-69.93973,583,304,279,279,304,"ME",17.384
"1170",513,"SP12.31","ME",2012,5,7,128,17,43.65782,-69.99757,249,140,109,133,116,"ME",11.1231
"1171",513,"SP12.32","ME",2012,5,8,129,20,43.46183,-69.78563,6,3,3,5,1,"ME",16.916
"1172",513,"SP12.33","ME",2012,5,8,129,20,43.54075,-69.69388,13,7,6,11,2,"ME",16.422
"1173",513,"SP12.34","ME",2012,5,8,129,20,43.55777,-69.78697,12,9,3,11,1,"ME",16.624
"1174",513,"SP12.35","ME",2012,5,9,130,20,43.69457,-69.74748,624,318,306,452,172,"ME",16.04
"1175",513,"SP12.36","ME",2012,5,9,130,20,43.68902,-69.65645,192,86,106,81,111,"ME",15.798
"1176",513,"SP12.37","ME",2012,5,9,130,16,43.76002,-69.65613,326,174,152,92,234,"ME",9.5712
"1177",513,"SP12.38","ME",2012,5,10,131,20,43.56715,-69.55548,6,3,3,5,1,"ME",16.288
"1178",513,"SP12.39","ME",2012,5,10,131,18,43.66627,-69.40112,22,13,9,21,1,"ME",12.6918
"1179",513,"SP12.4","ME",2012,4,30,121,20,42.98668,-70.65218,40,23,17,27,13,"ME",16.3
"1180",513,"SP12.40","ME",2012,5,10,131,20,43.76655,-69.35492,276,132,144,168,108,"ME",17.126
"1181",513,"SP12.41","ME",2012,5,10,131,20,43.68382,-69.51273,50,29,21,33,17,"ME",16.546
"1182",513,"SP12.42","ME",2012,5,10,131,20,43.77997,-69.50033,119,56,63,64,55,"ME",17.044
"1183",513,"SP12.43","ME",2012,5,11,132,18,43.86188,-69.53707,480,232,248,150,330,"ME",12.9708
"1184",513,"SP12.44","ME",2012,5,11,132,20,43.8338,-69.48517,320,141,179,89,231,"ME",15.604
"1185",513,"SP12.45","ME",2012,5,11,132,20,43.91462,-69.44937,818,376,442,282,536,"ME",15.06
"1186",513,"SP12.46","ME",2012,5,11,132,20,43.9602,-69.3798,69,40,29,16,53,"ME",16.384
"1187",512,"SP12.47","ME",2012,5,11,132,20,43.86033,-69.27055,800,361,439,378,422,"ME",17.118
"1188",512,"SP12.48","ME",2012,5,14,135,20,43.75127,-69.1476,99,56,43,56,43,"ME",16.228
"1189",512,"SP12.49","ME",2012,5,14,135,20,43.77482,-69.18028,528,254,274,167,361,"ME",16.278
"1190",513,"SP12.5","ME",2012,4,30,121,17,43.00483,-70.70013,5,1,4,4,1,"ME",11.39
"1191",512,"SP12.50","ME",2012,5,14,135,17,43.7798,-69.14577,211,110,101,84,127,"ME",11.4087
"1192",512,"SP12.51","ME",2012,5,14,135,15,43.82372,-69.10665,205,105,100,67,138,"ME",9.108
"1193",512,"SP12.52","ME",2012,5,14,135,20,43.87385,-69.08352,386,181,205,105,281,"ME",15.026
"1194",512,"SP12.53","ME",2012,5,14,135,20,43.87475,-69.03518,1087,556,531,211,876,"ME",17.374
"1195",512,"SP12.54","ME",2012,5,14,135,20,43.92087,-69.13235,1125,573,552,300,825,"ME",16.65
"1196",512,"SP12.55","ME",2012,5,15,136,20,44.19005,-68.92385,358,147,211,254,104,"ME",16.312
"1197",512,"SP12.56","ME",2012,5,15,136,20,44.22617,-68.85675,150,47,103,97,53,"ME",16.256
"1198",512,"SP12.57","ME",2012,5,15,136,15,44.27483,-68.77675,3,1,2,3,0,"ME",8.4795
"1199",512,"SP12.58","ME",2012,5,15,136,15,44.29653,-68.80072,2,0,2,2,0,"ME",8.0325
"1200",512,"SP12.59","ME",2012,5,15,136,20,44.20237,-69.02463,191,80,111,105,86,"ME",16.424
"1201",513,"SP12.6","ME",2012,5,1,122,17,42.94878,-70.6009,124,56,68,76,48,"ME",11.8915
"1202",513,"SP12.60","ME",2012,5,16,137,20,43.54597,-69.03783,6,2,4,6,0,"ME",16.41
"1203",512,"SP12.61","ME",2012,5,16,137,20,43.565,-68.91488,3,2,1,3,0,"ME",14.53
"1204",512,"SP12.62","ME",2012,5,16,137,20,43.6067,-68.94468,16,5,11,13,3,"ME",16.816
"1205",512,"SP12.63","ME",2012,5,17,138,20,43.9024,-68.75653,242,100,142,146,96,"ME",16.086
"1206",512,"SP12.64","ME",2012,5,17,138,20,43.8973,-68.64907,166,80,86,116,50,"ME",17.226
"1207",512,"SP12.65","ME",2012,5,17,138,19,43.85372,-68.62457,85,50,35,70,15,"ME",14.2519
"1208",512,"SP12.66","ME",2012,5,17,138,15,43.75213,-68.67862,38,25,13,35,3,"ME",8.7015
"1209",512,"SP12.67","ME",2012,5,17,138,15,43.85492,-68.73393,246,122,124,83,163,"ME",8.6595
"1210",512,"SP12.68","ME",2012,5,18,139,17,43.97633,-68.71622,725,368,357,523,202,"ME",11.7912
"1211",512,"SP12.69","ME",2012,5,18,139,17,44.11283,-68.75158,286,133,153,231,55,"ME",11.3696
"1212",513,"SP12.7","ME",2012,5,1,122,20,42.90912,-70.6478,78,36,42,37,41,"ME",16.296
"1213",512,"SP12.70","ME",2012,5,18,139,20,44.13563,-68.75363,621,269,352,411,210,"ME",16.056
"1214",512,"SP12.71","ME",2012,5,18,139,16,44.15072,-68.78763,138,52,86,92,46,"ME",10.3728
"1215",512,"SP12.72","ME",2012,5,21,142,20,43.97767,-68.52095,448,254,194,257,191,"ME",16.306
"1216",512,"SP12.73","ME",2012,5,21,142,20,43.92072,-68.49173,59,25,34,37,22,"ME",15.7
"1217",512,"SP12.74","ME",2012,5,21,142,20,43.84022,-68.5098,8,6,2,8,0,"ME",17.24
"1218",512,"SP12.75","ME",2012,5,21,142,10,44.13067,-68.48393,301,137,164,233,68,"ME",4.002
"1219",512,"SP12.76","ME",2012,5,22,143,20,44.16342,-68.53535,744,402,342,559,185,"ME",15.342
"1220",512,"SP12.77","ME",2012,5,22,143,20,44.31038,-68.464,45,12,33,31,14,"ME",15.758
"1221",513,"SP12.8","ME",2012,5,1,122,20,42.89218,-70.54257,13,3,10,12,1,"ME",16.574
"1222",512,"SP12.80","ME",2012,5,22,143,16,44.20723,-68.43563,807,372,435,498,309,"ME",10.4912
"1223",512,"SP12.81","ME",2012,5,23,144,20,44.02823,-68.3007,207,111,96,143,64,"ME",16.344
"1224",512,"SP12.82","ME",2012,5,23,144,20,43.94733,-68.35302,31,22,9,31,0,"ME",15.886
"1225",512,"SP12.83","ME",2012,5,23,144,20,43.89533,-68.29518,10,8,2,10,0,"ME",16.412
"1226",512,"SP12.84","ME",2012,5,23,144,15,43.96003,-68.23595,8,7,1,8,0,"ME",8.22
"1227",512,"SP12.85","ME",2012,5,23,144,20,43.99143,-68.26543,29,15,14,25,4,"ME",15.828
"1228",512,"SP12.86","ME",2012,5,24,145,20,44.05925,-68.05215,18,8,10,16,2,"ME",15.662
"1229",512,"SP12.87","ME",2012,5,24,145,20,44.08328,-68.03617,39,21,18,36,3,"ME",16.414
"1230",512,"SP12.88","ME",2012,5,24,145,20,44.11002,-67.99978,69,43,26,62,7,"ME",15.91
"1231",512,"SP12.89","ME",2012,5,24,145,20,44.1772,-68.02382,126,58,68,75,51,"ME",16.228
"1232",513,"SP12.9","ME",2012,5,1,122,20,42.98798,-70.45757,26,9,17,23,3,"ME",16.15
"1233",512,"SP12.90","ME",2012,5,24,145,20,44.21815,-68.07165,421,214,207,166,255,"ME",16.61
"1234",512,"SP12.91","ME",2012,5,25,146,20,44.43948,-68.22445,182,86,96,84,98,"ME",16.322
"1235",512,"SP12.92","ME",2012,5,25,146,20,44.43385,-68.17152,289,113,176,165,124,"ME",16.394
"1236",512,"SP12.93","ME",2012,5,25,146,20,44.29465,-68.07178,829,376,452,188,641,"ME",16.184
"1237",512,"SP12.94","ME",2012,5,25,146,20,44.284,-68.13057,782,356,426,190,592,"ME",16.84
"1238",512,"SP12.95","ME",2012,5,25,146,15,44.29055,-68.20333,1120,588,532,327,793,"ME",9.7785
"1239",512,"SP12.96","ME",2012,5,28,149,19,44.2482,-67.91353,218,114,104,78,140,"ME",15.1791
"1240",511,"SP12.97","ME",2012,5,28,149,20,44.27033,-67.87785,254,115,139,142,112,"ME",17.546
"1241",511,"SP12.98","ME",2012,5,28,149,15,44.34712,-67.82023,210,124,86,146,64,"ME",8.9055
"1242",511,"SP12.99","ME",2012,5,28,149,20,44.4175,-67.73907,462,233,229,242,220,"ME",15.494
"1243",513,"SP13.1","ME",2013,5,6,126,20,42.93425,-70.6732,144,72,72,81,63,"ME",16.36
"1244",513,"SP13.10","ME",2013,5,7,127,12,43.02848,-70.56163,32,21,11,22,10,"ME",5.232
"1245",511,"SP13.100","ME",2013,6,4,155,20,44.25655,-67.66745,16,10,6,16,0,"ME",16.544
"1246",511,"SP13.101","ME",2013,6,4,155,20,44.27578,-67.66455,25,17,8,25,0,"ME",16.112
"1247",511,"SP13.102","ME",2013,6,4,155,20,44.30362,-67.68788,64,33,31,61,3,"ME",17.076
"1248",511,"SP13.103","ME",2013,6,5,156,20,44.27563,-67.57067,32,22,10,32,0,"ME",15.718
"1249",511,"SP13.104","ME",2013,6,5,156,20,44.29288,-67.51002,15,12,3,15,0,"ME",16.804
"1250",511,"SP13.105","ME",2013,6,5,156,20,44.28267,-67.497,5,5,0,5,0,"ME",17.644
"1251",511,"SP13.106","ME",2013,6,5,156,20,44.31685,-67.37418,1,1,0,1,0,"ME",16.83
"1252",511,"SP13.107","ME",2013,6,5,156,20,44.34212,-67.50638,19,7,12,19,0,"ME",16.226
"1253",511,"SP13.108","ME",2013,6,6,157,13,44.50153,-67.29643,61,29,32,55,6,"ME",6.786
"1254",511,"SP13.109","ME",2013,6,6,157,17,44.42832,-67.20368,3,1,2,3,0,"ME",11.5498
"1255",513,"SP13.11","ME",2013,5,8,128,17,43.20845,-70.5745,81,33,48,63,18,"ME",13.2124
"1256",511,"SP13.110","ME",2013,6,6,157,20,44.42627,-67.1537,10,3,7,9,1,"ME",15.718
"1257",511,"SP13.111","ME",2013,6,6,157,20,44.59168,-67.29,95,52,43,85,10,"ME",17.404
"1258",511,"SP13.112","ME",2013,6,6,157,15,44.57705,-67.29685,86,39,47,72,14,"ME",9.27
"1259",511,"SP13.113","ME",2013,6,6,157,17,44.62267,-67.32742,115,43,72,96,19,"ME",11.2438
"1260",513,"SP13.12","ME",2013,5,8,128,18,43.28545,-70.53257,149,47,102,98,51,"ME",12.8232
"1261",513,"SP13.13","ME",2013,5,8,128,20,43.20332,-70.40908,121,62,59,66,55,"ME",15.318
"1262",513,"SP13.14","ME",2013,5,8,128,15,43.20403,-70.29257,36,14,22,32,4,"ME",9.171
"1263",513,"SP13.15","ME",2013,5,8,128,20,43.1696,-70.26775,33,16,17,31,2,"ME",17.114
"1264",513,"SP13.16","ME",2013,5,9,129,20,43.10773,-70.25767,6,2,4,5,1,"ME",17.19
"1265",513,"SP13.17","ME",2013,5,9,129,20,43.25397,-70.20768,14,5,9,14,0,"ME",15.372
"1266",513,"SP13.18","ME",2013,5,9,129,20,43.40352,-70.13353,74,38,36,69,5,"ME",16.56
"1267",513,"SP13.19","ME",2013,5,9,129,20,43.39837,-70.04308,11,9,2,11,0,"ME",16.76
"1268",513,"SP13.2","ME",2013,5,6,126,20,42.90712,-70.64753,70,31,39,55,15,"ME",15.93
"1269",513,"SP13.20","ME",2013,5,10,130,21,43.512,-70.19247,216,96,120,78,138,"ME",17.0436
"1270",513,"SP13.21","ME",2013,5,10,130,20,43.42488,-70.226,165,78,87,97,68,"ME",16.162
"1271",513,"SP13.22","ME",2013,5,10,130,16,43.42457,-70.28762,195,85,110,78,117,"ME",10.0944
"1272",513,"SP13.23","ME",2013,5,10,130,20,43.5173,-70.34255,2,0,2,0,2,"ME",17.706
"1273",513,"SP13.24","ME",2013,5,10,130,20,43.50507,-70.25325,83,37,46,30,53,"ME",16.206
"1274",513,"SP13.25","ME",2013,5,13,133,20,43.65765,-70.1578,1092,505,587,478,614,"ME",15.308
"1275",513,"SP13.26","ME",2013,5,13,133,12,43.71595,-70.09688,402,173,229,160,242,"ME",5.3772
"1276",513,"SP13.27","ME",2013,5,13,133,20,43.76018,-70.08513,121,65,56,49,72,"ME",17.27
"1277",513,"SP13.28","ME",2013,5,13,133,17,43.66125,-70.07612,533,293,240,253,280,"ME",12.274
"1278",513,"SP13.29","ME",2013,5,14,134,20,43.51817,-70.11115,97,43,54,33,64,"ME",16.026
"1279",513,"SP13.3","ME",2013,5,6,126,20,42.92923,-70.75467,63,37,26,54,9,"ME",16.986
"1280",513,"SP13.30","ME",2013,5,14,134,20,43.42505,-69.92465,2,2,0,2,0,"ME",17.254
"1281",513,"SP13.31","ME",2013,5,14,134,17,43.53933,-69.87363,41,19,22,40,1,"ME",11.6569
"1282",513,"SP13.32","ME",2013,5,14,134,15,43.57912,-69.84532,39,16,23,30,9,"ME",8.403
"1283",513,"SP13.33","ME",2013,5,14,134,20,43.56422,-69.7798,41,16,25,38,3,"ME",15.752
"1284",513,"SP13.34","ME",2013,5,14,134,15,43.68418,-69.70978,229,99,130,109,120,"ME",9.3705
"1285",513,"SP13.35","ME",2013,5,15,135,20,43.70805,-69.74367,458,217,241,356,102,"ME",17.044
"1286",513,"SP13.36","ME",2013,5,15,135,20,43.66067,-69.81482,118,60,58,99,19,"ME",16.152
"1287",513,"SP13.37","ME",2013,5,15,135,19,43.60822,-69.8631,67,33,33,38,29,"ME",14.3317
"1288",513,"SP13.38","ME",2013,5,15,135,20,43.66173,-69.91063,165,97,68,76,89,"ME",16.27
"1289",513,"SP13.39","ME",2013,5,15,135,14,43.7095,-69.69098,131,54,77,62,69,"ME",7.4858
"1290",513,"SP13.4","ME",2013,5,6,126,20,42.9496,-70.71228,113,56,57,81,32,"ME",16.17
"1291",513,"SP13.40","ME",2013,5,16,136,20,43.56148,-69.62628,8,1,7,7,1,"ME",17.478
"1292",513,"SP13.41","ME",2013,5,16,136,20,43.54213,-69.573,2,1,1,2,0,"ME",17.462
"1293",513,"SP13.42","ME",2013,5,16,136,15,43.62727,-69.59702,47,14,33,37,10,"ME",8.6265
"1294",513,"SP13.43","ME",2013,5,16,136,20,43.68172,-69.5136,77,46,31,63,14,"ME",17.554
"1295",513,"SP13.44","ME",2013,5,16,136,20,43.71603,-69.5501,162,75,87,55,107,"ME",15.646
"1296",513,"SP13.45","ME",2013,5,17,137,15,43.8203,-69.5291,442,220,222,103,339,"ME",9.42
"1297",513,"SP13.46","ME",2013,5,17,137,20,43.83702,-69.48637,408,196,211,103,305,"ME",15.078
"1298",513,"SP13.47","ME",2013,5,17,137,15,43.76297,-69.35773,145,72,73,85,60,"ME",9.174
"1299",513,"SP13.48","ME",2013,5,17,137,20,43.73592,-69.66337,367,172,194,127,240,"ME",16.084
"1300",513,"SP13.49","ME",2013,5,17,137,17,43.79032,-69.64802,298,158,140,77,221,"ME",11.3322
"1301",513,"SP13.5","ME",2013,5,6,126,19,43.03263,-70.69445,98,36,62,82,16,"ME",15.162
"1302",512,"SP13.50","ME",2013,5,20,140,16,43.75963,-69.21268,128,60,68,49,79,"ME",10.1056
"1303",512,"SP13.51","ME",2013,5,20,140,17,43.74367,-69.15395,55,25,30,40,15,"ME",10.8188
"1304",512,"SP13.52","ME",2013,5,20,140,22,43.77257,-69.15408,159,77,82,54,105,"ME",20.3412
"1305",512,"SP13.53","ME",2013,5,20,140,20,43.88417,-69.2285,780,365,415,276,504,"ME",17.754
"1306",512,"SP13.54","ME",2013,5,20,140,19,43.96235,-69.15322,889,373,516,224,665,"ME",15.4527
"1307",512,"SP13.55","ME",2013,5,21,141,12,44.19535,-68.87232,159,71,88,130,29,"ME",5.4
"1308",512,"SP13.56","ME",2013,5,21,141,15,44.24498,-68.72067,38,16,22,33,5,"ME",9.849
"1309",512,"SP13.57","ME",2013,5,21,141,20,44.29317,-68.75542,5,0,5,5,0,"ME",16.462
"1310",512,"SP13.58","ME",2013,5,21,141,19,44.22513,-68.91328,95,28,67,74,21,"ME",15.4622
"1311",512,"SP13.59","ME",2013,5,21,141,20,44.18818,-69.0181,406,167,239,195,211,"ME",17.2
"1312",513,"SP13.6","ME",2013,5,7,127,20,42.86605,-70.48073,8,5,3,8,0,"ME",16.886
"1313",512,"SP13.60","ME",2013,5,21,141,20,44.13565,-69.0405,208,89,119,89,119,"ME",15.854
"1314",512,"SP13.61","ME",2013,5,22,142,20,43.86185,-69.06042,417,193,224,91,326,"ME",16.072
"1315",512,"SP13.62","ME",2013,5,22,142,16,43.79352,-69.07842,169,76,93,78,91,"ME",10.3216
"1316",513,"SP13.63","ME",2013,5,22,142,20,43.64592,-69.13185,7,3,4,7,0,"ME",16.798
"1317",512,"SP13.64","ME",2013,5,22,142,20,43.53822,-68.96157,26,15,11,25,1,"ME",15.5
"1318",512,"SP13.65","ME",2013,5,22,142,19,43.60595,-68.9447,11,5,6,10,1,"ME",15.0556
"1319",512,"SP13.66","ME",2013,5,23,143,11,43.85472,-68.59168,56,47,9,55,1,"ME",4.4781
"1320",512,"SP13.67","ME",2013,5,23,143,20,43.79422,-68.62847,35,27,8,35,0,"ME",15.07
"1321",512,"SP13.68","ME",2013,5,23,143,15,43.85143,-68.74118,192,84,108,64,128,"ME",8.349
"1322",512,"SP13.69","ME",2013,5,23,143,20,43.89305,-68.67483,241,124,117,159,82,"ME",15.728
"1323",513,"SP13.7","ME",2013,5,7,127,20,42.9415,-70.4593,17,9,8,16,1,"ME",15.334
"1324",512,"SP13.70","ME",2013,5,23,143,20,43.90465,-68.7567,331,145,186,153,178,"ME",15.968
"1325",512,"SP13.71","ME",2013,5,24,144,15,44.13488,-68.75653,446,198,248,276,170,"ME",9.1185
"1326",512,"SP13.72","ME",2013,5,27,147,19,44.05547,-68.39343,694,345,349,342,352,"ME",14.8637
"1327",512,"SP13.73","ME",2013,5,27,147,15,43.99977,-68.4034,84,37,47,65,19,"ME",9.1785
"1328",512,"SP13.74","ME",2013,5,27,147,10,43.90785,-68.36405,4,2,2,4,0,"ME",3.992
"1329",512,"SP13.75","ME",2013,5,27,147,19,43.9099,-68.42265,13,8,5,12,1,"ME",13.8909
"1330",512,"SP13.76","ME",2013,5,27,147,20,43.95915,-68.40913,59,39,20,56,3,"ME",15.298
"1331",512,"SP13.77","ME",2013,5,28,148,18,44.2461,-68.46327,500,216,284,190,310,"ME",12.5622
"1332",512,"SP13.78","ME",2013,5,28,148,15,44.36448,-68.54178,5,0,5,4,1,"ME",8.07
"1333",512,"SP13.79","ME",2013,5,28,148,16,44.3615,-68.4555,24,8,16,24,0,"ME",9.4928
"1334",513,"SP13.8","ME",2013,5,7,127,15,42.97955,-70.5105,38,20,18,34,4,"ME",8.589
"1335",512,"SP13.80","ME",2013,5,29,149,15,44.05708,-68.12555,33,16,17,28,5,"ME",9.4365
"1336",512,"SP13.81","ME",2013,5,29,149,15,44.05612,-68.05892,15,8,7,10,5,"ME",10.2045
"1337",512,"SP13.82","ME",2013,5,29,149,14,43.99333,-68.05732,51,39,12,48,3,"ME",7.9226
"1338",512,"SP13.83","ME",2013,5,29,149,16,44.10433,-68.00643,9,4,5,8,1,"ME",10.0336
"1339",512,"SP13.84","ME",2013,5,29,149,23,44.12687,-68.01643,45,21,24,39,6,"ME",21.6499
"1340",512,"SP13.85","ME",2013,5,30,150,20,44.21675,-68.06902,260,110,150,119,141,"ME",16.016
"1341",512,"SP13.86","ME",2013,5,30,150,20,44.26465,-68.02188,416,202,214,208,208,"ME",16.686
"1342",512,"SP13.87","ME",2013,5,30,150,20,44.14513,-67.91397,68,44,24,66,2,"ME",17.032
"1343",512,"SP13.88","ME",2013,5,30,150,20,44.18722,-67.97313,80,44,36,63,17,"ME",16.096
"1344",512,"SP13.89","ME",2013,5,30,150,20,44.22878,-68.13347,515,253,262,181,334,"ME",16.294
"1345",513,"SP13.9","ME",2013,5,7,127,20,43.06173,-70.4621,49,24,25,41,8,"ME",15.424
"1346",512,"SP13.90","ME",2013,5,31,151,15,44.28505,-68.13067,278,126,152,105,173,"ME",8.6085
"1347",512,"SP13.91","ME",2013,5,31,151,20,44.3344,-68.1161,445,201,244,135,310,"ME",16.778
"1348",512,"SP13.92","ME",2013,5,31,151,14,44.43877,-68.15363,222,111,111,101,121,"ME",7.28
"1349",512,"SP13.93","ME",2013,5,31,151,16,44.44065,-68.18635,102,43,59,64,38,"ME",10.6896
"1350",512,"SP13.94","ME",2013,5,31,151,18,44.43925,-68.24292,221,85,136,134,87,"ME",12.987
"1351",512,"SP13.95","ME",2013,6,3,154,15,44.24613,-67.9174,186,86,100,103,83,"ME",8.52
"1352",511,"SP13.96","ME",2013,6,3,154,20,44.38007,-67.91152,1034,483,551,708,326,"ME",16.26
"1353",511,"SP13.97","ME",2013,6,3,154,15,44.4022,-67.75153,235,109,126,157,78,"ME",9.204
"1354",511,"SP13.98","ME",2013,6,4,155,15,44.45222,-67.72172,432,221,211,223,209,"ME",9.183
"1355",511,"SP13.99","ME",2013,6,4,155,13,44.3721,-67.65898,272,139,133,227,45,"ME",6.9992
"1356",513,"SP14.1","ME",2014,5,5,125,20,42.93682,-70.7438,33,16,17,21,12,"ME",15.982
"1357",513,"SP14.10","ME",2014,5,6,126,15,43.08758,-70.48902,37,16,21,31,6,"ME",8.814
"1358",511,"SP14.100","ME",2014,6,3,154,20,44.2922,-67.51112,32,26,6,32,0,"ME",17.334
"1359",511,"SP14.101","ME",2014,6,3,154,20,44.32397,-67.52637,56,32,24,54,2,"ME",16.532
"1360",511,"SP14.102","ME",2014,6,4,155,19,44.48405,-67.65258,460,205,255,191,269,"ME",14.8694
"1361",511,"SP14.103","ME",2014,6,4,155,19,44.46222,-67.72453,758,371,387,264,494,"ME",14.3469
"1362",511,"SP14.104","ME",2014,6,4,155,17,44.47995,-67.50902,422,221,201,222,200,"ME",11.407
"1363",511,"SP14.105","ME",2014,6,4,155,20,44.51385,-67.51472,322,170,152,191,131,"ME",16.908
"1364",511,"SP14.106","ME",2014,6,5,156,20,44.37722,-67.14093,25,18,7,25,0,"ME",16.83
"1365",511,"SP14.107","ME",2014,6,5,156,15,44.43092,-67.14505,17,8,9,17,0,"ME",9.888
"1366",511,"SP14.108","ME",2014,6,5,156,15,44.54723,-67.171,39,17,22,34,5,"ME",10.971
"1367",511,"SP14.109","ME",2014,6,5,156,16,44.55888,-67.21712,149,86,63,118,31,"ME",11.3072
"1368",513,"SP14.11","ME",2014,5,7,127,18,43.17657,-70.58297,9,3,6,8,1,"ME",12.9816
"1369",511,"SP14.110","ME",2014,6,5,156,17,44.58625,-67.30307,166,86,80,114,52,"ME",11.6331
"1370",511,"SP14.111","ME",2014,6,6,157,20,44.74422,-67.04003,32,14,18,23,9,"ME",18.404
"1371",511,"SP14.112","ME",2014,6,6,157,15,44.73623,-67.01073,67,21,46,52,15,"ME",10.662
"1372",511,"SP14.113","ME",2014,6,6,157,20,44.67977,-67.1192,85,38,47,63,22,"ME",17.184
"1373",511,"SP14.114","ME",2014,6,6,157,12,44.6936,-67.12262,57,22,35,47,10,"ME",5.9388
"1374",513,"SP14.12","ME",2014,5,7,127,20,43.2411,-70.57358,18,7,11,15,3,"ME",16.82
"1375",513,"SP14.13","ME",2014,5,7,127,20,43.2959,-70.49872,18,10,8,13,5,"ME",16.7
"1376",513,"SP14.14","ME",2014,5,7,127,20,43.20213,-70.40662,77,34,43,42,35,"ME",16.588
"1377",513,"SP14.15","ME",2014,5,7,127,15,43.1665,-70.45753,40,25,15,32,8,"ME",8.793
"1378",513,"SP14.16","ME",2014,5,8,128,20,43.19057,-70.2241,13,6,7,13,0,"ME",16.332
"1379",513,"SP14.17","ME",2014,5,8,128,20,43.25805,-70.19025,4,3,1,4,0,"ME",15.976
"1380",513,"SP14.18","ME",2014,5,8,128,17,43.28238,-70.28435,57,24,33,49,8,"ME",12.3012
"1381",513,"SP14.19","ME",2014,5,8,128,15,43.3412,-70.23002,125,59,66,89,36,"ME",9.108
"1382",513,"SP14.2","ME",2014,5,5,125,20,42.88628,-70.67158,107,45,62,65,42,"ME",12.462
"1383",513,"SP14.20","ME",2014,5,8,128,20,43.37282,-70.1035,12,7,5,11,1,"ME",16.638
"1384",513,"SP14.21","ME",2014,5,8,128,19,43.39748,-70.12438,25,10,15,19,6,"ME",14.5331
"1385",513,"SP14.22","ME",2014,5,9,129,20,43.448217,-70.18975,151,62,89,82,69,"ME",16.586
"1386",513,"SP14.23","ME",2014,5,9,129,18,43.42332,-70.29108,324,153,171,185,139,"ME",14.13
"1387",513,"SP14.24","ME",2014,5,9,129,20,43.50425,-70.35162,1,0,1,1,0,"ME",16.184
"1388",513,"SP14.25","ME",2014,5,9,129,20,43.50365,-70.25657,23,9,14,13,10,"ME",16.666
"1389",513,"SP14.26","ME",2014,5,12,132,20,43.71125,-70.17613333,24,12,12,15,9,"ME",16.834
"1390",513,"SP14.27","ME",2014,5,12,132,20,43.77613,-70.02635,74,24,50,40,34,"ME",15.858
"1391",513,"SP14.28","ME",2014,5,12,132,18,43.64933,-70.00807,93,60,33,74,19,"ME",13.266
"1392",513,"SP14.29","ME",2014,5,12,132,20,43.65715,-69.91098,106,46,60,70,36,"ME",17.1
"1393",513,"SP14.3","ME",2014,5,5,125,20,42.90045,-70.5951,42,14,28,36,6,"ME",17.202
"1394",513,"SP14.30","ME",2014,5,12,132,20,43.72557,-69.8654,10,4,6,7,3,"ME",16.522
"1395",513,"SP14.31","ME",2014,5,13,133,20,43.56932,-69.95583,120,63,57,70,50,"ME",16.4
"1396",513,"SP14.32","ME",2014,5,13,133,20,43.47415,-69.9216,2,0,2,2,0,"ME",16.41
"1397",513,"SP14.33","ME",2014,5,13,133,20,43.50007,-69.7488,6,6,0,6,0,"ME",16.472
"1398",513,"SP14.34","ME",2014,5,13,133,20,43.57158,-69.81267,22,8,14,21,1,"ME",17.29
"1399",513,"SP14.35","ME",2014,5,13,133,20,43.59757,-69.8813,159,59,100,127,32,"ME",16.384
"1400",513,"SP14.36","ME",2014,5,14,134,15,43.63407,-69.75555,186,89,97,103,83,"ME",8.9415
"1401",513,"SP14.37","ME",2014,5,14,134,17,43.70512,-69.746,289,140,149,254,35,"ME",11.628
"1402",513,"SP14.38","ME",2014,5,14,134,21,43.77593,-69.71697,79,27,52,61,18,"ME",19.1898
"1403",513,"SP14.39","ME",2014,5,14,134,10,43.80383,-69.69972,39,20,19,18,21,"ME",4.07
"1404",513,"SP14.4","ME",2014,5,5,125,15,42.94017,-70.52378,34,16,18,29,5,"ME",12.156
"1405",513,"SP14.40","ME",2014,5,15,135,20,43.69737,-69.68538,221,112,109,75,146,"ME",16.732
"1406",513,"SP14.41","ME",2014,5,15,135,20,43.54773,-69.56877,5,5,0,5,0,"ME",16.664
"1407",513,"SP14.42","ME",2014,5,15,135,20,43.66362,-69.52432,24,13,11,22,2,"ME",16.518
"1408",513,"SP14.43","ME",2014,5,15,135,20,43.68608,-69.51313,34,15,19,34,0,"ME",16.552
"1409",513,"SP14.44","ME",2014,5,15,135,20,43.72835,-69.50903,196,88,108,115,81,"ME",16.212
"1410",513,"SP14.45","ME",2014,5,16,136,20,43.79198,-69.49463,445,224,221,112,333,"ME",15.922
"1411",513,"SP14.46","ME",2014,5,16,136,18,43.86743,-69.47307,300,129,171,112,188,"ME",12.5856
"1412",513,"SP14.47","ME",2014,5,16,136,20,43.82847,-69.4891,394,178,216,101,293,"ME",16.336
"1413",512,"SP14.48","ME",2014,5,16,136,20,43.87263,-69.327,40,20,20,23,17,"ME",16.76
"1414",512,"SP14.49","ME",2014,5,16,136,20,43.85568,-69.27793,820,390,430,264,556,"ME",16.508
"1415",513,"SP14.5","ME",2014,5,5,125,15,42.98975,-70.6352,20,8,12,19,1,"ME",9.117
"1416",512,"SP14.50","ME",2014,5,19,139,20,43.74388,-69.15335,262,117,145,194,68,"ME",16.486
"1417",512,"SP14.51","ME",2014,5,19,139,17,43.73197,-69.07662,285,129,156,210,75,"ME",11.56
"1418",512,"SP14.52","ME",2014,5,19,139,20,43.79933,-69.07427,355,163,192,173,182,"ME",15.972
"1419",512,"SP14.53","ME",2014,5,19,139,15,43.8754,-69.23968,911,401,510,308,603,"ME",9.3525
"1420",512,"SP14.54","ME",2014,5,20,140,20,44.11958,-69.0549,506,223,283,281,225,"ME",17.252
"1421",512,"SP14.55","ME",2014,5,20,140,20,44.2113,-69.0079,362,139,223,235,127,"ME",17.144
"1422",512,"SP14.56","ME",2014,5,20,140,20,44.26877,-68.89005,63,20,43,45,18,"ME",17.312
"1423",512,"SP14.57","ME",2014,5,20,140,20,44.29565,-68.76958,1,0,1,1,0,"ME",16.038
"1424",512,"SP14.58","ME",2014,5,20,140,20,44.30852,-68.87933,31,12,19,20,11,"ME",17.656
"1425",513,"SP14.59","ME",2014,5,21,141,16,43.64133,-69.13607,2,2,0,2,0,"ME",10.6704
"1426",513,"SP14.6","ME",2014,5,6,126,20,42.97435,-70.40483,16,10,6,16,0,"ME",16.866
"1427",512,"SP14.60","ME",2014,5,21,141,20,43.53657,-68.96463,42,26,16,38,4,"ME",16.524
"1428",512,"SP14.61","ME",2014,5,21,141,19,43.61223,-68.9402,21,12,9,20,1,"ME",14.5426
"1429",512,"SP14.62","ME",2014,5,21,141,15,43.61547,-68.84828,18,13,5,17,1,"ME",9.96
"1430",512,"SP14.63","ME",2014,5,22,142,20,43.91718,-68.75403,558,239,319,323,235,"ME",16.938
"1431",512,"SP14.64","ME",2014,5,22,142,18,43.84532,-68.6275,168,97,71,139,29,"ME",13.2552
"1432",512,"SP14.65","ME",2014,5,22,142,20,43.83588,-68.54952,48,30,18,47,1,"ME",16.496
"1433",512,"SP14.66","ME",2014,5,22,142,20,43.78403,-68.66562,117,67,50,109,8,"ME",15.85
"1434",512,"SP14.67","ME",2014,5,22,142,15,43.85152,-68.74148,321,154,167,124,197,"ME",8.886
"1435",512,"SP14.68","ME",2014,5,23,143,19,43.98713,-68.75332,813,378,435,236,577,"ME",14.2443
"1436",512,"SP14.69","ME",2014,5,23,143,20,44.10082,-68.77268,333,163,170,209,124,"ME",16.158
"1437",513,"SP14.7","ME",2014,5,6,126,20,43.03643,-70.41353,134,66,68,120,14,"ME",15.748
"1438",512,"SP14.70","ME",2014,5,23,143,20,44.14623,-68.76037,561,253,308,375,186,"ME",17.628
"1439",512,"SP14.71","ME",2014,5,23,143,19,44.15698,-68.79382,135,54,81,101,34,"ME",14.6832
"1440",512,"SP14.72","ME",2014,5,26,146,20,43.93367,-68.4498,180,96,84,152,28,"ME",15.926
"1441",512,"SP14.73","ME",2014,5,26,146,20,43.99258,-68.44,322,159,163,188,134,"ME",17.024
"1442",512,"SP14.74","ME",2014,5,26,146,17,44.10563,-68.48542,197,101,96,156,41,"ME",11.6161
"1443",512,"SP14.75","ME",2014,5,27,147,17,44.26273,-68.49355,754,292,462,461,293,"ME",12.308
"1444",512,"SP14.76","ME",2014,5,27,147,20,44.39133,-68.51572,18,6,12,16,2,"ME",17.066
"1445",512,"SP14.77","ME",2014,5,27,147,20,44.21313,-68.43935,770,354,416,406,364,"ME",16.35
"1446",512,"SP14.78","ME",2014,5,27,147,14,44.14603,-68.26493,1564,981,583,1085,479,"ME",7.7602
"1447",512,"SP14.79","ME",2014,5,27,147,20,44.17963,-68.27713,872,426,446,385,487,"ME",16.058
"1448",513,"SP14.8","ME",2014,5,6,126,20,43.12332,-70.35123,43,13,30,40,3,"ME",16.426
"1449",512,"SP14.80","ME",2014,5,28,148,16,44.05728,-68.24568,218,117,101,156,62,"ME",10.6224
"1450",512,"SP14.81","ME",2014,5,29,149,20,44.06262,-68.12593,151,80,71,111,40,"ME",15.97
"1451",512,"SP14.82","ME",2014,5,29,149,20,44.0503,-68.06457,57,28,29,57,0,"ME",19.3
"1452",512,"SP14.83","ME",2014,5,29,149,18,44.02625,-68.00162,62,42,20,62,0,"ME",12.4254
"1453",512,"SP14.84","ME",2014,5,29,149,20,44.14877,-68.1073,394,197,197,136,258,"ME",17.3
"1454",512,"SP14.85","ME",2014,5,29,149,20,44.18632,-68.03518,182,90,92,98,84,"ME",16.304
"1455",512,"SP14.86","ME",2014,5,29,149,17,44.21623,-68.06653,481,230,251,175,306,"ME",11.8507
"1456",512,"SP14.87","ME",2014,5,30,150,17,44.28565,-68.13107,662,300,362,228,434,"ME",10.9769
"1457",512,"SP14.88","ME",2014,5,30,150,15,44.24857,-68.1026,452,228,224,133,319,"ME",9.438
"1458",512,"SP14.89","ME",2014,5,30,150,20,44.35755,-68.16837,1565,757,808,826,739,"ME",17.192
"1459",513,"SP14.9","ME",2014,5,6,126,20,43.15183,-70.37942,90,48,42,47,43,"ME",16.098
"1460",512,"SP14.90","ME",2014,5,30,150,16,44.44243,-68.22205,134,52,82,93,41,"ME",9.8624
"1461",512,"SP14.91","ME",2014,5,30,150,20,44.41152,-68.23077,189,92,97,136,53,"ME",16.646
"1462",511,"SP14.92","ME",2014,6,2,153,20,44.14805,-67.7903,52,40,12,52,0,"ME",16.282
"1463",511,"SP14.93","ME",2014,6,2,153,16,44.18652,-67.82097,38,29,9,38,0,"ME",10.92
"1464",512,"SP14.94","ME",2014,6,2,153,20,44.2364,-67.89262,195,104,91,139,56,"ME",15.8
"1465",512,"SP14.95","ME",2014,6,2,153,20,44.2608,-67.89852,398,205,193,243,155,"ME",16.94
"1466",511,"SP14.96","ME",2014,6,2,153,20,44.3017,-67.86935,517,237,280,239,278,"ME",16.644
"1467",511,"SP14.97","ME",2014,6,3,154,17,44.39892,-67.68805,620,335,285,325,295,"ME",11.6535
"1468",511,"SP14.98","ME",2014,6,3,154,18,44.25903,-67.67365,27,19,8,26,1,"ME",13.3056
"1469",511,"SP14.99","ME",2014,6,3,154,20,44.27883,-67.64088,42,21,21,41,1,"ME",17.194
"1470",513,"SP15.1","ME",2015,5,4,124,15,42.95858,-70.46448,30,13,17,30,0,"ME",9.699
"1471",513,"SP15.10","ME",2015,5,5,125,14,43.08918,-70.44603,79,32,47,71,8,"ME",8.2866
"1472",512,"SP15.100","ME",2015,6,1,152,20,44.2206,-67.91557,276,135,141,192,84,"ME",17.144
"1473",511,"SP15.101","ME",2015,6,1,152,17,44.323,-67.85372,200,85,115,141,59,"ME",12.0802
"1474",511,"SP15.102","ME",2015,6,1,152,20,44.3578,-67.73745,220,91,129,166,54,"ME",16.992
"1475",511,"SP15.103","ME",2015,6,1,152,20,44.46445,-67.64192,284,138,146,183,101,"ME",16.2
"1476",511,"SP15.104","ME",2015,6,2,153,20,44.32967,-67.70738,199,94,105,187,12,"ME",16.47
"1477",511,"SP15.105","ME",2015,6,2,153,20,44.27317,-67.70163,51,28,23,47,4,"ME",16.212
"1478",511,"SP15.106","ME",2015,6,2,153,20,44.25012,-67.68033,34,20,14,34,0,"ME",15.508
"1479",511,"SP15.107","ME",2015,6,5,156,20,44.23682,-67.74373,46,29,17,46,0,"ME",17.838
"1480",511,"SP15.108","ME",2015,6,2,153,20,44.1992,-67.7426,49,34,15,49,0,"ME",17.546
"1481",511,"SP15.109","ME",2015,6,3,154,17,44.5228,-67.52783,70,35,35,44,26,"ME",11.1928
"1482",513,"SP15.11","ME",2015,5,6,126,20,43.1672,-70.44475,111,56,55,77,34,"ME",16.328
"1483",511,"SP15.110","ME",2015,6,3,154,20,44.42347,-67.4744,263,131,132,202,61,"ME",17.262
"1484",511,"SP15.111","ME",2015,6,3,154,20,44.35215,-67.42058,32,23,9,32,0,"ME",16.948
"1485",511,"SP15.112","ME",2015,6,3,154,20,44.32687,-67.554,134,62,72,104,30,"ME",17.676
"1486",511,"SP15.113","ME",2015,6,3,154,20,44.33717,-67.62053,270,129,141,242,28,"ME",17.442
"1487",511,"SP15.114","ME",2015,6,3,154,20,44.38312,-67.55642,339,185,154,291,48,"ME",16.618
"1488",511,"SP15.115","ME",2015,6,4,155,20,44.49182,-67.44165,199,94,105,159,40,"ME",17.44
"1489",511,"SP15.116","ME",2015,6,4,155,18,44.42985,-67.19948,18,9,9,18,0,"ME",13.3488
"1490",511,"SP15.117","ME",2015,6,4,155,18,44.40365,-67.17393,12,7,5,12,0,"ME",13.6296
"1491",511,"SP15.118","ME",2015,6,4,155,20,44.3669,-67.17998,26,23,3,26,0,"ME",16.364
"1492",511,"SP15.119","ME",2015,6,4,155,16,44.50138,-67.28683,146,73,73,122,24,"ME",10.5056
"1493",513,"SP15.12","ME",2015,5,6,126,20,43.28395,-70.28507,109,40,69,79,30,"ME",15.864
"1494",511,"SP15.120","ME",2015,6,4,155,16,44.52757,-67.30727,59,35,24,41,18,"ME",11.8944
"1495",511,"SP15.121","ME",2015,6,5,156,20,44.60663,-67.36553,138,58,80,97,41,"ME",17.218
"1496",511,"SP15.122","ME",2015,6,5,156,15,44.58498,-67.30383,120,46,74,84,36,"ME",10.5555
"1497",511,"SP15.123","ME",2015,6,5,156,20,44.52617,-67.44842,168,81,87,118,50,"ME",15.728
"1498",513,"SP15.13","ME",2015,5,6,126,17,43.29515,-70.4967,33,13,20,27,6,"ME",12.2825
"1499",513,"SP15.14","ME",2015,5,6,126,20,43.24607,-70.50288,108,43,65,74,34,"ME",16.662
"1500",513,"SP15.15","ME",2015,5,6,126,20,43.19472,-70.57968,9,2,7,5,4,"ME",16.614
"1501",513,"SP15.16","ME",2015,5,7,127,19,43.25615,-70.26095,43,21,22,37,6,"ME",14.7459
"1502",513,"SP15.17","ME",2015,5,7,127,20,43.25742,-70.20088,18,12,6,18,0,"ME",17.312
"1503",513,"SP15.18","ME",2015,5,7,127,20,43.31958,-70.20403,55,25,30,46,9,"ME",16.074
"1504",513,"SP15.19","ME",2015,5,7,127,20,43.31568,-70.1146,16,12,4,14,2,"ME",16.588
"1505",513,"SP15.2","ME",2015,5,4,124,21,42.93505,-70.52648,66,32,34,62,4,"ME",18.417
"1506",513,"SP15.20","ME",2015,5,7,127,20,43.45773,-70.08183,98,38,60,81,17,"ME",17.17
"1507",513,"SP15.21","ME",2015,5,8,128,20,43.4792,-70.21788,224,89,135,99,125,"ME",16.94
"1508",513,"SP15.22","ME",2015,5,8,128,20,43.55033,-70.28458,1,1,0,0,1,"ME",15.88
"1509",513,"SP15.23","ME",2015,5,8,128,17,43.53305,-70.25837,3,2,1,3,0,"ME",12.0326
"1510",513,"SP15.24","ME",2015,5,8,128,16,43.51632,-70.24293,15,7,8,11,4,"ME",10.4464
"1511",513,"SP15.25","ME",2015,5,11,131,20,43.63235,-70.05827,239,138,101,155,84,"ME",16.56
"1512",513,"SP15.26","ME",2015,5,11,131,19,43.68473,-69.9859,190,90,100,93,97,"ME",14.326
"1513",513,"SP15.27","ME",2015,5,11,131,17,43.75853,-69.91493,2,0,2,1,1,"ME",11.3288
"1514",513,"SP15.28","ME",2015,5,11,131,20,43.7028,-69.93277,49,22,27,29,20,"ME",16.684
"1515",513,"SP15.29","ME",2015,5,11,131,20,43.67122,-70.06982,101,51,50,73,28,"ME",16.11
"1516",513,"SP15.3","ME",2015,5,4,124,20,42.908,-70.64838,87,44,43,58,29,"ME",16.722
"1517",513,"SP15.30","ME",2015,5,11,131,17,43.66258,-70.130067,55,25,30,23,32,"ME",11.2387
"1518",513,"SP15.31","ME",2015,5,12,132,20,43.5389,-70.0117,134,65,69,77,57,"ME",15.662
"1519",513,"SP15.32","ME",2015,5,12,132,20,43.44953,-69.93035,2,1,1,2,0,"ME",21.12
"1520",513,"SP15.33","ME",2015,5,12,132,20,43.50683,-69.91887,8,6,2,7,1,"ME",16.038
"1521",513,"SP15.34","ME",2015,5,12,132,20,43.5922,-69.84828,92,49,43,71,21,"ME",16.314
"1522",513,"SP15.35","ME",2015,5,12,132,20,43.60375,-69.70812,65,36,29,56,9,"ME",16.422
"1523",513,"SP15.36","ME",2015,5,13,133,20,43.78725,-69.61425,116,71,45,44,72,"ME",16.828
"1524",513,"SP15.37","ME",2015,5,13,133,20,43.75338,-69.7341,73,38,35,59,14,"ME",16.948
"1525",513,"SP15.38","ME",2015,5,13,133,20,43.7163,-69.73462,241,122,119,191,50,"ME",16.506
"1526",513,"SP15.39","ME",2015,5,13,133,20,43.72972,-69.69877,250,121,129,113,137,"ME",16.804
"1527",513,"SP15.4","ME",2015,5,4,124,20,42.97902,-70.66422,22,13,9,21,1,"ME",16.272
"1528",513,"SP15.40","ME",2015,5,14,134,18,43.72018,-69.55032,174,98,76,58,116,"ME",12.6576
"1529",513,"SP15.41","ME",2015,5,14,134,15,43.60958,-69.41302,5,4,1,4,1,"ME",8.9835
"1530",513,"SP15.42","ME",2015,5,14,134,20,43.5775,-69.4548,5,4,1,4,1,"ME",16.232
"1531",513,"SP15.43","ME",2015,5,14,134,20,43.58653,-69.55565,6,4,2,6,0,"ME",16.58
"1532",513,"SP15.44","ME",2015,5,14,134,20,43.55465,-69.6213,4,3,1,4,0,"ME",16.868
"1533",513,"SP15.45","ME",2015,5,15,135,15,43.81577,-69.48515,206,106,100,66,140,"ME",8.7945
"1534",513,"SP15.46","ME",2015,5,15,135,20,43.87983,-69.46857,181,100,81,72,109,"ME",16.75
"1535",513,"SP15.47","ME",2015,5,15,135,20,43.80225,-69.3608,289,170,118,97,192,"ME",16.332
"1536",513,"SP15.48","ME",2015,5,15,135,20,43.73418,-69.34048,188,100,88,118,70,"ME",16.406
"1537",513,"SP15.49","ME",2015,5,15,135,15,43.75812,-69.46835,93,48,45,61,32,"ME",9.384
"1538",513,"SP15.5","ME",2015,5,4,124,13,42.98737,-70.67817,2,1,1,2,0,"ME",6.5793
"1539",512,"SP15.50","ME",2015,5,18,138,20,43.75787,-69.21068,152,72,80,66,86,"ME",17.24
"1540",512,"SP15.51","ME",2015,5,18,138,20,43.81167,-69.11563,278,139,139,100,178,"ME",16.748
"1541",512,"SP15.52","ME",2015,5,18,138,20,43.8617,-69.08253,248,129,119,74,174,"ME",15.878
"1542",512,"SP15.53","ME",2015,5,18,138,20,43.92997,-69.18222,282,117,165,147,135,"ME",16.088
"1543",512,"SP15.54","ME",2015,5,18,138,16,43.93918,-69.1215,339,153,186,128,211,"ME",10.3632
"1544",512,"SP15.55","ME",2015,5,19,139,20,44.1306,-69.053,315,129,186,225,90,"ME",16.34
"1545",512,"SP15.56","ME",2015,5,19,139,17,44.21583,-69.03937,108,39,69,91,17,"ME",12.0853
"1546",512,"SP15.57","ME",2015,5,19,139,20,44.30767,-68.93107,23,5,18,18,5,"ME",16.636
"1547",512,"SP15.58","ME",2015,5,19,139,20,44.16867,-68.9468,257,97,160,203,54,"ME",16.688
"1548",512,"SP15.59","ME",2015,5,19,139,20,44.26933,-68.85928,13,3,10,12,1,"ME",17.744
"1549",513,"SP15.6","ME",2015,5,5,125,20,42.99963,-70.40678,15,5,10,14,1,"ME",16.56
"1550",512,"SP15.60","ME",2015,5,19,139,20,44.12475,-69.01983,387,196,191,251,136,"ME",17.68
"1551",512,"SP15.61","ME",2015,5,20,140,15,43.82003,-69.06168,197,105,92,63,134,"ME",9.555
"1552",513,"SP15.62","ME",2015,5,20,140,20,43.64283,-69.22143,6,4,2,6,0,"ME",16.956
"1553",513,"SP15.63","ME",2015,5,20,140,20,43.56218,-69.0861,5,5,0,5,0,"ME",16.228
"1554",512,"SP15.64","ME",2015,5,20,140,20,43.6805,-68.85823,78,50,28,78,0,"ME",16.928
"1555",512,"SP15.65","ME",2015,5,20,140,20,43.7232,-68.81102,51,36,15,51,0,"ME",17.234
"1556",512,"SP15.66","ME",2015,5,21,141,20,43.91132,-68.58785,155,66,89,127,28,"ME",15.924
"1557",512,"SP15.67","ME",2015,5,21,141,20,43.84402,-68.62865,214,124,90,194,20,"ME",17.034
"1558",512,"SP15.68","ME",2015,5,21,141,20,43.77015,-68.65142,78,41,37,77,1,"ME",16.96
"1559",512,"SP15.69","ME",2015,5,21,141,15,43.77045,-68.72107,89,62,27,83,6,"ME",9.048
"1560",513,"SP15.7","ME",2015,5,5,125,20,43.07908,-70.36093,90,37,53,87,3,"ME",17.404
"1561",512,"SP15.70","ME",2015,5,21,141,20,43.76533,-68.78353,182,92,90,133,49,"ME",15.77
"1562",512,"SP15.71","ME",2015,5,22,142,20,43.93398,-68.77642,510,245,265,158,352,"ME",16.004
"1563",512,"SP15.72","ME",2015,5,22,142,18,43.987,-68.75417,574,305,269,180,394,"ME",13.5972
"1564",512,"SP15.73","ME",2015,5,22,142,17,44.04253,-68.67763,303,166,137,127,176,"ME",12.6191
"1565",512,"SP15.74","ME",2015,5,22,142,17,44.15828,-68.7675,431,198,233,255,176,"ME",12.5834
"1566",512,"SP15.75","ME",2015,5,25,145,20,44.00513,-68.48405,477,247,230,307,170,"ME",17.006
"1567",512,"SP15.76","ME",2015,5,25,145,20,44.01643,-68.34947,380,185,195,282,98,"ME",16.52
"1568",512,"SP15.77","ME",2015,5,25,145,20,43.94917,-68.4069,78,36,42,73,5,"ME",15.604
"1569",512,"SP15.78","ME",2015,5,25,145,20,43.89327,-68.42633,30,22,8,29,1,"ME",17.644
"1570",512,"SP15.79","ME",2015,5,25,145,20,43.86333,-68.41358,19,15,4,19,0,"ME",17.442
"1571",513,"SP15.8","ME",2015,5,5,125,20,43.1206,-70.38718,50,23,27,46,4,"ME",16.742
"1572",512,"SP15.80","ME",2015,5,25,145,20,43.85332,-68.4949,32,23,9,31,1,"ME",16.26
"1573",512,"SP15.81","ME",2015,5,26,146,16,44.15648,-68.54283,365,165,200,236,129,"ME",10.1168
"1574",512,"SP15.82","ME",2015,5,26,146,20,44.22998,-68.46022,319,127,192,153,166,"ME",15.742
"1575",512,"SP15.83","ME",2015,5,26,146,20,44.36788,-68.45048,43,10,33,41,2,"ME",16.596
"1576",512,"SP15.84","ME",2015,5,26,146,20,44.38752,-68.40415,2,1,1,2,0,"ME",17.058
"1577",512,"SP15.85","ME",2015,5,26,146,17,44.2048,-68.3652,579,215,364,389,190,"ME",11.2353
"1578",512,"SP15.86","ME",2015,5,27,147,13,44.20673,-68.3118,233,103,130,155,78,"ME",6.903
"1579",512,"SP15.87","ME",2015,5,27,147,20,44.05677,-68.11775,223,120,103,170,53,"ME",16.846
"1580",512,"SP15.88","ME",2015,5,27,147,20,44.01353,-68.03802,97,73,24,97,0,"ME",16.06
"1581",512,"SP15.89","ME",2015,5,27,147,20,43.99437,-68.08677,192,110,82,112,80,"ME",17.308
"1582",513,"SP15.9","ME",2015,5,5,125,20,43.08045,-70.41273,49,27,22,45,4,"ME",16.49
"1583",512,"SP15.90","ME",2015,5,27,147,16,43.95372,-68.11397,251,147,103,98,153,"ME",10.7968
"1584",512,"SP15.91","ME",2015,5,28,148,20,44.14393,-68.11362,459,222,237,212,247,"ME",17.116
"1585",512,"SP15.92","ME",2015,5,28,148,20,44.17105,-68.00452,183,96,87,128,55,"ME",17.28
"1586",512,"SP15.93","ME",2015,5,28,148,20,44.1896,-67.91645,171,104,67,145,26,"ME",17.372
"1587",512,"SP15.94","ME",2015,5,28,148,20,44.1478,-67.90198,162,90,72,151,11,"ME",18.176
"1588",512,"SP15.95","ME",2015,5,29,149,20,44.31758,-68.15727,525,271,254,268,257,"ME",17.374
"1589",512,"SP15.96","ME",2015,5,29,149,20,44.34533,-68.11455,281,134,147,123,158,"ME",16.95
"1590",512,"SP15.97","ME",2015,5,29,149,20,44.3017,-68.06657,632,269,363,230,402,"ME",16.038
"1591",512,"SP15.98","ME",2015,5,29,149,20,44.26763,-68.02318,366,186,180,119,247,"ME",16.642
"1592",512,"SP15.99","ME",2015,5,29,149,20,44.2273,-68.13418,528,249,279,158,370,"ME",16.912
"1593",513,"SP16.1","ME",2016,5,2,123,20,42.98842,-70.49923,72,28,44,65,7,"ME",16.6
"1594",513,"SP16.10","ME",2016,5,3,124,20,43.11785,-70.2431,15,8,7,15,0,"ME",16.6
"1595",511,"SP16.100","ME",2016,5,30,151,20,44.20862,-67.7619,48,35,13,48,0,"ME",17
"1596",511,"SP16.101","ME",2016,5,30,151,12,44.29153,-67.79918,75,39,36,47,28,"ME",5.88
"1597",511,"SP16.102","ME",2016,5,31,152,20,44.36423,-67.68867,588,263,325,400,188,"ME",16.4
"1598",511,"SP16.103","ME",2016,5,31,152,20,44.33812,-67.62218,431,211,220,377,54,"ME",17.4
"1599",511,"SP16.104","ME",2016,5,31,152,20,44.3679,-67.74105,332,175,157,192,140,"ME",17.2
"1600",511,"SP16.105","ME",2016,5,31,152,20,44.42072,-67.76583,333,159,174,160,173,"ME",16
"1601",511,"SP16.106","ME",2016,5,31,152,20,44.41782,-67.74045,478,222,256,160,318,"ME",17.4
"1602",511,"SP16.107","ME",2016,5,31,152,13,44.50095,-67.70087,724,343,381,278,446,"ME",7.15
"1603",511,"SP16.108","ME",2016,6,1,153,20,44.24982,-67.4729,15,13,2,13,2,"ME",18
"1604",511,"SP16.109","ME",2016,6,1,153,20,44.32117,-67.3784,23,17,6,23,0,"ME",17
"1605",513,"SP16.11","ME",2016,5,3,124,12,43.03562,-70.36698,15,8,7,14,1,"ME",6
"1606",511,"SP16.110","ME",2016,6,1,153,16,44.35892,-67.41702,23,11,12,23,0,"ME",10.56
"1607",511,"SP16.111","ME",2016,6,1,153,20,44.41255,-67.48653,299,158,141,223,76,"ME",17.2
"1608",511,"SP16.112","ME",2016,6,2,154,16,44.56907,-67.41735,67,35,32,52,15,"ME",10.72
"1609",511,"SP16.113","ME",2016,6,2,154,20,44.51243,-67.4309,274,119,155,166,108,"ME",17
"1610",511,"SP16.114","ME",2016,6,2,154,16,44.46675,-67.36175,128,65,63,79,49,"ME",10.4
"1611",511,"SP16.115","ME",2016,6,2,154,20,44.53028,-67.29433,135,64,71,69,66,"ME",18.2
"1612",511,"SP16.116","ME",2016,6,2,154,20,44.56653,-67.27107,186,89,97,136,50,"ME",16.8
"1613",511,"SP16.117","ME",2016,6,2,154,12,44.60617,-67.2543,272,127,145,191,81,"ME",6.36
"1614",511,"SP16.118","ME",2016,6,2,154,20,44.58682,-67.30342,237,105,132,147,90,"ME",18.8
"1615",511,"SP16.119","ME",2016,6,3,155,16,44.6191,-67.20343,458,220,238,219,239,"ME",11.2
"1616",513,"SP16.12","ME",2016,5,3,124,20,43.1511666,-70.38065,159,81,78,108,51,"ME",16.4
"1617",511,"SP16.120","ME",2016,6,3,155,20,44.6799,-67.11987,160,79,81,119,41,"ME",16.8
"1618",511,"SP16.121","ME",2016,6,3,155,13,44.68918,-67.13147,27,14,13,24,3,"ME",6.76
"1619",511,"SP16.122","ME",2016,6,3,155,20,44.664,-67.12197,257,118,139,185,72,"ME",19.2
"1620",513,"SP16.13","ME",2016,5,4,125,15,43.18002,-70.38842,71,35,36,52,19,"ME",9.3
"1621",513,"SP16.14","ME",2016,5,4,125,19,43.17562,-70.43843,173,76,97,115,58,"ME",15.39
"1622",513,"SP16.15","ME",2016,5,4,125,20,43.24617,-70.50112,174,73,101,111,63,"ME",16.8
"1623",513,"SP16.16","ME",2016,5,4,125,18,43.31028,-70.54098,10,4,6,7,3,"ME",13.14
"1624",513,"SP16.17","ME",2016,5,4,125,20,43.2123,-70.57178,11,3,8,7,4,"ME",17.2
"1625",513,"SP16.18","ME",2016,5,5,126,20,43.27072,-70.15222,14,7,7,12,2,"ME",16.8
"1626",513,"SP16.19","ME",2016,5,5,126,20,43.39898,-70.04208,10,8,2,10,0,"ME",16.4
"1627",513,"SP16.2","ME",2016,5,2,123,20,42.94143,-70.45088,19,14,5,18,1,"ME",17
"1628",513,"SP16.20","ME",2016,5,5,126,20,43.4531,-70.08637,58,36,22,45,13,"ME",17
"1629",513,"SP16.21","ME",2016,5,6,127,15,43.50025,-70.20792,289,110,179,125,164,"ME",7.95
"1630",513,"SP16.22","ME",2016,5,6,127,16,43.44058,-70.31402,211,122,89,190,21,"ME",11.52
"1631",513,"SP16.23","ME",2016,5,6,127,20,43.41733,-70.23723,160,59,101,107,53,"ME",16.6
"1632",513,"SP16.24","ME",2016,5,6,127,20,43.43113,-70.20635,80,32,48,60,20,"ME",17.2
"1633",513,"SP16.25","ME",2016,5,9,130,14,43.54887,-70.00282,92,40,52,59,33,"ME",8.12
"1634",513,"SP16.26","ME",2016,5,9,130,20,43.44585,-69.82555,2,2,0,2,0,"ME",15.8
"1635",513,"SP16.27","ME",2016,5,9,130,20,43.49408,-69.75165,12,7,5,12,0,"ME",17.6
"1636",513,"SP16.28","ME",2016,5,9,130,20,43.48303,-69.94628,22,15,7,22,0,"ME",16.8
"1637",513,"SP16.29","ME",2016,5,9,130,20,43.50057,-70.02453,33,20,13,29,4,"ME",17.4
"1638",513,"SP16.3","ME",2016,5,2,123,20,42.95422,-70.64178,105,59,46,62,43,"ME",16.6
"1639",513,"SP16.30","ME",2016,5,10,131,20,43.71848,-70.09507,608,285,323,243,365,"ME",17.2
"1640",513,"SP16.31","ME",2016,5,10,131,20,43.78953,-70.05397,37,11,26,21,16,"ME",17.2
"1641",513,"SP16.32","ME",2016,5,10,131,20,43.71977,-70.01255,44,21,23,34,10,"ME",17.8
"1642",513,"SP16.33","ME",2016,5,10,131,20,43.64932,-70.00928,165,87,78,108,57,"ME",16.6
"1643",513,"SP16.34","ME",2016,5,10,131,20,43.68063,-69.94742,410,211,199,179,231,"ME",16.8
"1644",513,"SP16.35","ME",2016,5,10,131,20,43.70007,-69.84453,221,110,111,189,32,"ME",16.8
"1645",513,"SP16.36","ME",2016,5,11,132,20,43.8061,-69.64397,159,75,84,53,106,"ME",17.2
"1646",513,"SP16.37","ME",2016,5,11,132,20,43.7554,-69.73858,109,54,55,86,23,"ME",17.8
"1647",513,"SP16.38","ME",2016,5,11,132,17,43.72888,-69.69643,215,117,98,77,138,"ME",11.73
"1648",513,"SP16.39","ME",2016,5,11,132,14,43.597,-69.71248,77,43,34,61,16,"ME",8.4
"1649",513,"SP16.4","ME",2016,5,2,123,20,42.98252,-70.64627,85,39,46,76,9,"ME",17.4
"1650",513,"SP16.40","ME",2016,5,11,132,20,43.5609,-69.78492,39,17,22,35,4,"ME",16.8
"1651",513,"SP16.41","ME",2016,5,11,132,20,43.68785,-69.6563,251,123,128,77,174,"ME",16.8
"1652",513,"SP16.42","ME",2016,5,12,133,20,43.78458,-69.49163,311,159,152,102,209,"ME",17.4
"1653",513,"SP16.43","ME",2016,5,12,133,20,43.80898,-69.43718,266,139,127,90,176,"ME",16.4
"1654",513,"SP16.44","ME",2016,5,12,133,17,43.81262,-69.35458,416,219,197,135,281,"ME",12.07
"1655",512,"SP16.45","ME",2016,5,12,133,16,43.84815,-69.28747,540,249,290,232,308,"ME",10.88
"1656",512,"SP16.46","ME",2016,5,12,133,20,43.87095,-69.32837,63,30,33,36,27,"ME",17.2
"1657",513,"SP16.47","ME",2016,5,13,134,19,43.65503,-69.4569,50,30,20,44,6,"ME",15.2
"1658",513,"SP16.48","ME",2016,5,13,134,20,43.72778,-69.45082,124,64,60,93,31,"ME",17.2
"1659",512,"SP16.49","ME",2016,5,15,136,20,43.76347,-69.21552,271,131,140,111,160,"ME",15.8
"1660",513,"SP16.5","ME",2016,5,2,123,20,42.93255,-70.74533,56,21,35,36,20,"ME",16.8
"1661",512,"SP16.50","ME",2016,5,15,136,20,43.88858,-69.22723,480,205,275,192,288,"ME",17
"1662",512,"SP16.51","ME",2016,5,15,136,20,44.16198,-69.07485,158,70,88,85,73,"ME",16.2
"1663",512,"SP16.52","ME",2016,5,15,136,20,44.15048,-69.00838,342,153,189,177,165,"ME",17
"1664",512,"SP16.53","ME",2016,5,17,138,20,44.20107,-68.87637,182,67,115,148,34,"ME",17.8
"1665",512,"SP16.54","ME",2016,5,17,138,20,44.24815,-68.80012,24,6,18,22,2,"ME",15.8
"1666",512,"SP16.55","ME",2016,5,17,138,20,44.25378,-68.73072,38,17,21,29,9,"ME",17.4
"1667",512,"SP16.56","ME",2016,5,17,138,20,44.31597,-68.92048,63,20,43,51,12,"ME",16.6
"1668",512,"SP16.57","ME",2016,5,18,139,13,43.87253,-69.03523,823,427,396,220,603,"ME",7.28
"1669",512,"SP16.58","ME",2016,5,18,139,20,43.80147,-69.04112,317,152,165,141,176,"ME",17.6
"1670",512,"SP16.59","ME",2016,5,18,139,20,43.75377,-69.07407,270,119,151,174,96,"ME",17.4
"1671",513,"SP16.6","ME",2016,5,2,123,20,43.0298,-70.69495,47,13,34,37,10,"ME",16.6
"1672",512,"SP16.60","ME",2016,5,18,139,16,43.7226,-69.0949,82,48,34,74,8,"ME",11.2
"1673",513,"SP16.61","ME",2016,5,18,139,20,43.63713,-69.14038,52,38,14,52,0,"ME",16.8
"1674",513,"SP16.62","ME",2016,5,18,139,20,43.60717,-69.05623,30,22,8,30,0,"ME",16.4
"1675",512,"SP16.63","ME",2016,5,18,139,16,43.6216,-68.93537,17,9,8,17,0,"ME",10.56
"1676",512,"SP16.64","ME",2016,5,19,140,20,43.90383,-68.75627,584,254,330,280,304,"ME",16
"1677",512,"SP16.65","ME",2016,5,19,140,17,43.78322,-68.69877,126,67,59,113,13,"ME",12.41
"1678",512,"SP16.66","ME",2016,5,19,140,20,43.80412,-68.56893,35,19,16,35,0,"ME",18.4
"1679",512,"SP16.67","ME",2016,5,19,140,20,43.78262,-68.63563,41,22,19,40,1,"ME",17.4
"1680",512,"SP16.68","ME",2016,5,19,140,20,43.88892,-68.67888,255,122,133,131,124,"ME",17.2
"1681",512,"SP16.69","ME",2016,5,20,141,20,43.9871,-68.75298,950,467,483,349,601,"ME",17.8
"1682",513,"SP16.7","ME",2016,5,3,124,20,43.0786,-70.48743,81,43,38,72,9,"ME",16.2
"1683",512,"SP16.70","ME",2016,5,20,141,20,43.92675,-68.64988,303,140,163,168,135,"ME",17.2
"1684",512,"SP16.71","ME",2016,5,20,141,20,43.94363,-68.67627,493,238,255,272,221,"ME",16.8
"1685",512,"SP16.72","ME",2016,5,20,141,20,44.15015,-68.7866,254,99,155,183,71,"ME",17.8
"1686",512,"SP16.73","ME",2016,5,20,141,20,44.14503,-68.75973,382,171,211,231,151,"ME",17.4
"1687",512,"SP16.74","ME",2016,5,23,144,18,43.83623,-68.47715,28,20,8,28,0,"ME",14.22
"1688",512,"SP16.75","ME",2016,5,23,144,20,43.91342,-68.41745,75,45,30,66,9,"ME",16.8
"1689",512,"SP16.76","ME",2016,5,23,144,18,43.98383,-68.50948,340,175,165,149,191,"ME",13.14
"1690",512,"SP16.77","ME",2016,5,23,144,20,44.04237,-68.54115,925,506,419,389,536,"ME",16.4
"1691",512,"SP16.78","ME",2016,5,24,145,14,44.1306,-68.4834,228,119,109,161,67,"ME",7.98
"1692",512,"SP16.79","ME",2016,5,24,145,20,44.24438,-68.43138,863,349,514,383,480,"ME",17.4
"1693",513,"SP16.8","ME",2016,5,3,124,20,43.11938,-70.39175,129,60,69,98,31,"ME",16.4
"1694",512,"SP16.80","ME",2016,5,24,145,20,44.35998,-68.4837,19,8,11,17,2,"ME",17.2
"1695",512,"SP16.81","ME",2016,5,24,145,20,44.27738,-68.47413,388,166,222,209,179,"ME",17.8
"1696",512,"SP16.82","ME",2016,5,24,145,16,44.21712,-68.32272,747,345,402,425,322,"ME",11.36
"1697",512,"SP16.83","ME",2016,5,25,146,20,44.09093,-68.29717,711,406,305,498,213,"ME",18
"1698",512,"SP16.84","ME",2016,5,25,146,20,43.96623,-68.33973,168,96,72,149,19,"ME",17.8
"1699",512,"SP16.85","ME",2016,5,25,146,20,43.93398,-68.32227,88,61,27,86,2,"ME",18
"1700",512,"SP16.86","ME",2016,5,25,146,20,44.03688,-68.27212,180,88,92,130,50,"ME",18
"1701",512,"SP16.87","ME",2016,5,25,146,20,44.13867,-68.1234,304,164,140,109,195,"ME",17.2
"1702",512,"SP16.88","ME",2016,5,26,147,20,44.17803,-68.05123,344,164,180,200,144,"ME",17.2
"1703",512,"SP16.89","ME",2016,5,26,147,20,44.05945,-68.00442,65,40,25,58,7,"ME",16.2
"1704",513,"SP16.9","ME",2016,5,3,124,20,43.11742,-70.30205,38,18,20,37,1,"ME",17.4
"1705",512,"SP16.90","ME",2016,5,26,147,20,44.02228,-67.9181,38,31,7,37,1,"ME",17
"1706",512,"SP16.91","ME",2016,5,26,147,20,44.12867,-68.01238,282,133,149,223,59,"ME",17.4
"1707",512,"SP16.92","ME",2016,5,26,147,20,44.10282,-68.09042,265,141,124,212,53,"ME",16.8
"1708",512,"SP16.93","ME",2016,5,27,148,20,44.29008,-68.1778,858,420,438,336,522,"ME",17.4
"1709",512,"SP16.94","ME",2016,5,27,148,20,44.29573,-68.05503,481,227,254,146,335,"ME",18
"1710",512,"SP16.95","ME",2016,5,27,148,20,44.39468,-68.11435,334,159,175,60,274,"ME",17
"1711",512,"SP16.96","ME",2016,5,27,148,20,44.43595,-68.15507,509,215,294,187,322,"ME",17.2
"1712",512,"SP16.97","ME",2016,5,27,148,20,44.3713,-68.15253,858,383,475,275,583,"ME",17.4
"1713",512,"SP16.98","ME",2016,5,30,151,20,44.23622,-67.8728,272,140,132,204,68,"ME",18.8
"1714",511,"SP16.99","ME",2016,5,30,151,20,44.1947,-67.83152,48,23,25,44,4,"ME",16.6
"1715",513,"SP01.1","ME",2001,4,23,113,20,42.8747,-70.7338,0,0,0,0,0,"ME",14.6
"1716",513,"SP01.33","ME",2001,5,2,122,17,43.5998,-69.7104,0,0,0,0,0,"ME",11.9
"1717",512,"SP01.50","ME",2001,5,8,128,16,44.223,-68.9207,0,0,0,0,0,"ME",14.24
"1718",512,"SP01.52","ME",2001,5,8,128,20,44.3293,-68.8605,0,0,0,0,0,"ME",16.6
"1719",512,"SP01.85","ME",2001,5,18,138,20,44.1627,-67.8787,0,0,0,0,0,"ME",17.4
"1720",511,"SP01.94","ME",2001,5,22,142,20,44.2484,-67.7988,0,0,0,0,0,"ME",17.2
"1721",511,"SP01.96","ME",2001,5,22,142,20,44.2972,-67.6049,0,0,0,0,0,"ME",17.2
"1722",511,"SP01.97","ME",2001,5,22,142,20,44.3012,-67.4991,0,0,0,0,0,"ME",17.2
"1723",511,"SP01.105","ME",2001,5,24,144,18,44.405,-67.0638,0,0,0,0,0,"ME",11.52
"1724",467,"SP01.109","ME",2001,5,25,145,20,44.7537,-66.9333,0,0,0,0,0,"ME",15.4
"1725",512,"SP02.44","ME",2002,5,22,142,20,44.21067,-68.92563,0,0,0,0,0,"ME",16.4
"1726",512,"SP02.46","ME",2002,5,22,142,20,44.275,-68.7734,0,0,0,0,0,"ME",15.2
"1727",512,"SP02.65","ME",2002,5,29,149,20,44.36998,-68.48268,0,0,0,0,0,"ME",17.6
"1728",511,"SP02.94","ME",2002,6,7,158,18,44.42567,-67.14892,0,0,0,0,0,"ME",14.22
"1729",513,"SP03.7","ME",2003,5,6,126,20,43.07997,-70.30182,0,0,0,0,0,"ME",17
"1730",513,"SP03.13","ME",2003,5,8,128,20,43.30987,-70.10923,0,0,0,0,0,"ME",15
"1731",513,"SP03.23","ME",2003,5,12,132,20,43.44523,-69.8936,0,0,0,0,0,"ME",15.4
"1732",513,"SP03.35","ME",2003,5,15,135,20,43.61542,-69.55503,0,0,0,0,0,"ME",13.2
"1733",513,"SP03.36","ME",2003,5,15,135,17,43.66207,-69.5234,0,0,0,0,0,"ME",10.37
"1734",513,"SP03.37","ME",2003,5,15,135,16,43.69855,-69.51092,0,0,0,0,0,"ME",8.16
"1735",512,"SP03.48","ME",2003,5,20,140,15,44.2792,-68.8901,0,0,0,0,0,"ME",9.75
"1736",512,"SP03.49","ME",2003,5,20,140,17,44.2975,-68.85825,0,0,0,0,0,"ME",11.56
"1737",513,"SP04.28","ME",2004,5,11,132,20,43.4805,-69.96433,0,0,0,0,0,"ME",15.2
"1738",513,"SP04.29","ME",2004,5,11,132,20,43.42833,-69.92683,0,0,0,0,0,"ME",14.6
"1739",513,"SP04.30","ME",2004,5,11,132,20,43.50633,-69.7855,0,0,0,0,0,"ME",14.8
"1740",513,"SP04.32","ME",2004,5,12,133,20,43.58717,-69.80667,0,0,0,0,0,"ME",16.4
"1741",513,"SP04.40","ME",2004,5,13,134,20,43.694,-69.5115,0,0,0,0,0,"ME",15.2
"1742",512,"SP04.52","ME",2004,5,19,140,10,44.28667,-68.8465,0,0,0,0,0,"ME",4.5
"1743",512,"SP04.53","ME",2004,5,19,140,13,44.26017,-68.80233,0,0,0,0,0,"ME",6.24
"1744",512,"SP04.68","ME",2004,5,24,145,20,43.90283,-68.52883,0,0,0,0,0,"ME",15
"1745",512,"SP04.70","ME",2004,5,25,146,20,43.9365,-68.36617,0,0,0,0,0,"ME",16.2
"1746",512,"SP04.72","ME",2004,5,25,146,20,43.96667,-68.32567,0,0,0,0,0,"ME",15.4
"1747",511,"SP04.94","ME",2004,6,2,154,20,44.29217,-67.51283,0,0,0,0,0,"ME",15
"1748",513,"SP05.7","ME",2005,5,3,123,20,42.96883,-70.39933,0,0,0,0,0,"ME",14.98
"1749",513,"SP05.23","ME",2005,5,10,130,20,43.48967,-69.92183,0,0,0,0,0,"ME",15.1
"1750",512,"SP05.51","ME",2005,5,17,137,20,44.2505,-68.72383,0,0,0,0,0,"ME",16.58
"1751",511,"SP05.97","ME",2005,6,8,159,20,44.3445,-67.28717,0,0,0,0,0,"ME",16.18
"1752",513,"SP06.19","ME",2006,5,5,125,20,43.38925,-70.0884,0,0,0,0,0,"ME",17
"1753",513,"SP06.42","ME",2006,5,11,131,21,43.64253,-69.44153,0,0,0,0,0,"ME",17.703
"1754",512,"SP06.57","ME",2006,5,16,136,20,44.2574,-68.89477,0,0,0,0,0,"ME",16.96
"1755",512,"SP06.60","ME",2006,5,17,137,18,43.67828,-68.7432,0,0,0,0,0,"ME",13.158
"1756",512,"SP06.79","ME",2006,5,24,144,20,44.31998,-68.55827,0,0,0,0,0,"ME",16.42
"1757",511,"SP06.99","ME",2006,5,30,150,20,44.3134,-67.37813,0,0,0,0,0,"ME",15.66
"1758",513,"SP07.8","ME",2007,5,8,128,20,43.05093,-70.28803,0,0,0,0,0,"ME",15.64
"1759",512,"SP07.52","ME",2007,5,22,142,20,44.21607,-68.92008,0,0,0,0,0,"ME",16.88
"1760",512,"SP07.67","ME",2007,5,25,145,15,44.26772,-68.78647,0,0,0,0,0,"ME",9.42
"1761",513,"SP08.11","ME",2008,5,7,128,20,43.18135,-70.2311,0,0,0,0,0,"ME",16.54
"1762",513,"SP08.28","ME",2008,5,13,134,20,43.4664,-69.96418,0,0,0,0,0,"ME",16.5
"1763",513,"SP08.29","ME",2008,5,13,134,20,43.48432,-69.92942,0,0,0,0,0,"ME",16.74
"1764",513,"SP08.40","ME",2008,5,15,136,20,43.81233,-69.45952,0,0,0,0,0,"ME",16.74
"1765",513,"SP08.44","ME",2008,5,16,137,18,43.66293,-69.44782,0,0,0,0,0,"ME",12.438
"1766",513,"SP08.45","ME",2008,5,16,137,20,43.6942,-69.512,0,0,0,0,0,"ME",16.74
"1767",513,"SP08.46","ME",2008,5,16,137,18,43.61165,-69.54988,0,0,0,0,0,"ME",12.582
"1768",513,"SP08.56","ME",2008,5,21,142,20,43.63522,-69.13318,0,0,0,0,0,"ME",16.54
"1769",512,"SP08.57","ME",2008,5,21,142,20,43.6067,-68.94263,0,0,0,0,0,"ME",18.58
"1770",511,"SP08.96","ME",2008,6,3,155,22,44.19575,-67.52402,0,0,0,0,0,"ME",22
"1771",513,"SP09.16","ME",2009,5,7,127,20,43.20005,-70.21537,0,0,0,0,0,"ME",16.46
"1772",512,"SP09.55","ME",2009,5,19,139,12,44.22877,-68.89115,0,0,0,0,0,"ME",5.844
"1773",511,"SP09.104","ME",2009,6,3,154,20,44.29945,-67.49808,0,0,0,0,0,"ME",16.62
"1774",513,"SP10.17","ME",2010,5,6,126,20,43.3589,-70.08503,0,0,0,0,0,"ME",12.6018
"1775",512,"SP10.63","ME",2010,5,19,139,20,44.2939,-68.75455,0,0,0,0,0,"ME",16.0002
"1776",511,"SP11.107","ME",2011,6,1,152,20,44.32555,-67.36456667,0,0,0,0,0,"ME",15.164
"1777",512,"SP12.78","ME",2012,5,22,143,20,44.39222,-68.40027,0,0,0,0,0,"ME",16.722
"1778",512,"SP12.79","ME",2012,5,22,143,20,44.38842,-68.49605,0,0,0,0,0,"ME",17.972
"1779",514,"198291.9260.1","MA",1982,5,4,124,20,41.771,-70.4283,7,2,5,5,2,"MA",0.013
"1780",514,"198291.9270.2","MA",1982,5,4,124,20,41.7827,-70.3498,0,0,0,0,0,"MA",0.013
"1781",514,"198291.9260.3","MA",1982,5,4,124,20,41.7553,-70.3268,0,0,0,0,0,"MA",0.013
"1782",514,"198291.9260.4","MA",1982,5,4,124,20,41.8535,-70.1648,0,0,0,0,0,"MA",0.013
"1783",514,"198291.9270.5","MA",1982,5,4,124,20,41.8618,-70.2162,0,0,0,0,0,"MA",0.013
"1784",514,"198291.9270.6","MA",1982,5,4,124,20,41.832,-70.3343,1,0,1,1,0,"MA",0.013
"1785",514,"198291.9250.7","MA",1982,5,5,125,20,41.8218,-70.5148,3,3,0,2,1,"MA",0.013
"1786",514,"198291.9280.8","MA",1982,5,5,125,20,41.9422,-70.4738,0,0,0,0,0,"MA",0.013
"1787",514,"198291.9290.9","MA",1982,5,5,125,20,41.9553,-70.4137,1,1,0,1,0,"MA",0.013
"1788",514,"198291.9280.10","MA",1982,5,5,125,20,41.999,-70.5318,1,0,1,1,0,"MA",0.013
"1789",514,"198291.9260.11","MA",1982,5,5,125,20,41.9652,-70.581,18,7,11,13,5,"MA",0.013
"1790",514,"198291.9320.12","MA",1982,5,6,126,13,42.2935,-70.8497,178,79,99,145,33,"MA",0.013
"1791",514,"198291.9310.13","MA",1982,5,6,126,18,42.451,-70.9138,13,7,6,10,3,"MA",0.013
"1792",514,"198291.9330.14","MA",1982,5,6,126,18,42.4402,-70.8792,5,3,2,5,0,"MA",0.013
"1793",514,"198291.9340.15","MA",1982,5,6,126,20,42.4822,-70.765,2,0,2,2,0,"MA",0.013
"1794",514,"198291.9350.16","MA",1982,5,6,126,20,42.4862,-70.7362,3,1,2,3,0,"MA",0.013
"1795",514,"198291.9350.17","MA",1982,5,6,126,20,42.505,-70.722,0,0,0,0,0,"MA",0.013
"1796",514,"198291.9340.18","MA",1982,5,6,126,20,42.544,-70.7307,1,1,0,1,0,"MA",0.013
"1797",514,"198291.9360.19","MA",1982,5,7,127,20,42.6315,-70.5265,0,0,0,0,0,"MA",0.013
"1798",514,"198291.9360.20","MA",1982,5,7,127,20,42.7258,-70.5928,0,0,0,0,0,"MA",0.013
"1799",514,"198291.9330.21","MA",1982,5,7,127,20,42.697,-70.6698,0,0,0,0,0,"MA",0.013
"1800",514,"198291.9310.22","MA",1982,5,7,127,20,42.6705,-70.681,22,5,17,22,0,"MA",0.013
"1801",514,"198291.9320.23","MA",1982,5,7,127,20,42.7202,-70.7417,2,1,1,2,0,"MA",0.013
"1802",514,"198291.9310.24","MA",1982,5,7,127,20,42.7825,-70.7928,21,7,14,19,2,"MA",0.013
"1803",514,"198291.9330.25","MA",1982,5,7,127,15,42.7897,-70.7647,0,0,0,0,0,"MA",0.013
"1804",514,"198291.9340.26","MA",1982,5,7,127,20,42.7192,-70.6767,0,0,0,0,0,"MA",0.013
"1805",514,"198291.9350.27","MA",1982,5,8,128,20,42.5773,-70.5908,4,1,3,4,0,"MA",0.013
"1806",514,"198291.9350.28","MA",1982,5,8,128,17,42.5338,-70.6645,0,0,0,0,0,"MA",0.013
"1807",514,"198291.9360.29","MA",1982,5,8,128,20,42.4927,-70.6227,1,0,1,1,0,"MA",0.013
"1808",514,"198291.9360.30","MA",1982,5,8,128,20,42.4647,-70.6332,1,0,1,1,0,"MA",0.013
"1809",514,"198291.9350.31","MA",1982,5,8,128,20,42.3677,-70.693,2,1,1,2,0,"MA",0.013
"1810",514,"198291.9270.32","MA",1982,5,9,129,20,42.095,-70.5718,2,1,1,2,0,"MA",0.013
"1811",514,"198291.9290.33","MA",1982,5,9,129,20,42.1223,-70.4835,1,0,1,1,0,"MA",0.013
"1812",514,"198291.9300.34","MA",1982,5,9,129,20,42.0722,-70.3708,0,0,0,0,0,"MA",0.013
"1813",514,"198291.9290.35","MA",1982,5,9,129,20,42.0578,-70.4368,2,1,1,2,0,"MA",0.013
"1814",514,"198291.9280.36","MA",1982,5,9,129,20,41.9108,-70.4205,0,0,0,0,0,"MA",0.013
"1815",514,"198291.9290.40","MA",1982,5,12,132,20,41.955,-70.2995,0,0,0,0,0,"MA",0.013
"1816",514,"198291.9280.41","MA",1982,5,12,132,20,41.9618,-70.2005,0,0,0,0,0,"MA",0.013
"1817",514,"198291.9260.42","MA",1982,5,12,132,20,41.9558,-70.1095,0,0,0,0,0,"MA",0.013
"1818",514,"198291.9250.43","MA",1982,5,12,132,20,41.9038,-70.1032,0,0,0,0,0,"MA",0.013
"1819",514,"198291.9270.44","MA",1982,5,12,132,20,41.918,-70.1442,0,0,0,0,0,"MA",0.013
"1820",514,"198291.9280.45","MA",1982,5,12,132,20,41.8988,-70.2138,0,0,0,0,0,"MA",0.013
"1821",514,"198291.9290.46","MA",1982,5,13,133,20,42.0033,-70.272,0,0,0,0,0,"MA",0.013
"1822",514,"198291.9300.47","MA",1982,5,13,133,20,42.0897,-70.2833,0,0,0,0,0,"MA",0.013
"1823",514,"198291.9210.48","MA",1982,5,13,133,20,42.0925,-70.2178,1,0,1,1,0,"MA",0.013
"1824",514,"198291.9180.49","MA",1982,5,13,133,20,42.086,-70.1345,0,0,0,0,0,"MA",0.013
"1825",514,"198291.9210.50","MA",1982,5,13,133,20,42.08,-70.0395,0,0,0,0,0,"MA",0.013
"1826",514,"198291.9200.51","MA",1982,5,13,133,20,42.0978,-70.1278,1,1,0,1,0,"MA",0.013
"1827",521,"198291.9170.83","MA",1982,5,19,139,20,41.395,-69.9713,0,0,0,0,0,"MA",0.013
"1828",521,"198291.9190.88","MA",1982,5,20,140,13,41.7045,-69.873,0,0,0,0,0,"MA",0.013
"1829",521,"198291.9200.89","MA",1982,5,20,140,20,41.7722,-69.863,0,0,0,0,0,"MA",0.013
"1830",521,"198291.9180.90","MA",1982,5,20,140,16,41.7378,-69.9025,1,0,1,1,0,"MA",0.013
"1831",514,"198391.9250.2","MA",1983,5,9,129,16,41.8183,-70.5283,1,0,1,1,0,"MA",0.013
"1832",514,"198391.9270.3","MA",1983,5,9,129,15,41.8815,-70.4755,1,0,1,1,0,"MA",0.013
"1833",514,"198391.9280.4","MA",1983,5,9,129,15,41.96,-70.5242,1,1,0,1,0,"MA",0.013
"1834",514,"198391.9250.5","MA",1983,5,9,129,20,41.9588,-70.6068,2,1,1,2,0,"MA",0.013
"1835",514,"198391.9330.7","MA",1983,5,10,130,13,42.3055,-70.8172,31,17,14,24,7,"MA",0.013
"1836",514,"198391.9340.8","MA",1983,5,10,130,15,42.442,-70.8675,4,2,2,4,0,"MA",0.013
"1837",514,"198391.9310.9","MA",1983,5,10,130,13,42.4448,-70.9293,4,2,2,4,0,"MA",0.013
"1838",514,"198391.9350.10","MA",1983,5,10,130,20,42.4872,-70.7632,1,1,0,1,0,"MA",0.013
"1839",514,"198391.9360.11","MA",1983,5,10,130,13,42.4313,-70.6963,1,1,0,1,0,"MA",0.013
"1840",514,"198391.9360.12","MA",1983,5,10,130,15,42.5082,-70.6287,1,0,1,1,0,"MA",0.013
"1841",514,"198391.9350.13","MA",1983,5,11,131,20,42.5918,-70.5753,1,1,0,1,0,"MA",0.013
"1842",514,"198391.9350.14","MA",1983,5,11,131,20,42.6865,-70.562,0,0,0,0,0,"MA",0.013
"1843",514,"198391.9340.15","MA",1983,5,11,131,20,42.7183,-70.6595,0,0,0,0,0,"MA",0.013
"1844",514,"198391.9330.16","MA",1983,5,11,131,20,42.726,-70.7295,0,0,0,0,0,"MA",0.013
"1845",514,"198391.9320.17","MA",1983,5,11,131,20,42.767,-70.7843,8,1,7,8,0,"MA",0.013
"1846",514,"198391.9330.18","MA",1983,5,11,131,20,42.7995,-70.7785,7,3,4,6,1,"MA",0.013
"1847",514,"198391.9310.19","MA",1983,5,11,131,20,42.7808,-70.7963,0,0,0,0,0,"MA",0.013
"1848",514,"198391.9310.20","MA",1983,5,11,131,13,42.7087,-70.7443,13,4,9,13,0,"MA",0.013
"1849",514,"198391.9360.21","MA",1983,5,11,131,13,42.7193,-70.5665,1,1,0,1,0,"MA",0.013
"1850",514,"198391.9350.22","MA",1983,5,12,132,14,42.5628,-70.6275,1,0,1,1,0,"MA",0.013
"1851",514,"198391.9350.23","MA",1983,5,12,132,20,42.4743,-70.7303,2,1,1,2,0,"MA",0.013
"1852",514,"198391.9290.24","MA",1983,5,12,132,20,42.1012,-70.4847,3,1,2,3,0,"MA",0.013
"1853",514,"198391.9260.25","MA",1983,5,13,133,20,41.9648,-70.5835,12,6,6,9,3,"MA",0.013
"1854",514,"198391.9290.26","MA",1983,5,13,133,20,41.9853,-70.4123,4,2,2,4,0,"MA",0.013
"1855",514,"198391.9290.27","MA",1983,5,13,133,20,41.9243,-70.3702,1,0,1,1,0,"MA",0.013
"1856",514,"198391.9280.28","MA",1983,5,13,133,20,41.866,-70.438,3,0,3,2,1,"MA",0.013
"1857",514,"198391.9270.29","MA",1983,5,13,133,20,41.8165,-70.365,1,0,1,1,0,"MA",0.013
"1858",514,"198391.9260.30","MA",1983,5,14,134,20,41.8052,-70.4907,3,2,1,2,1,"MA",0.013
"1859",514,"198391.9270.31","MA",1983,5,14,134,20,41.8638,-70.4532,8,4,4,8,0,"MA",0.013
"1860",514,"198391.9280.32","MA",1983,5,14,134,20,41.8748,-70.3407,4,1,3,4,0,"MA",0.013
"1861",514,"198391.9290.33","MA",1983,5,14,134,16,41.9475,-70.2748,1,0,1,1,0,"MA",0.013
"1862",514,"198391.9280.34","MA",1983,5,14,134,20,41.8977,-70.2328,0,0,0,0,0,"MA",0.013
"1863",514,"198391.9270.35","MA",1983,5,14,134,20,41.8547,-70.2382,1,1,0,1,0,"MA",0.013
"1864",514,"198391.9260.36","MA",1983,5,14,134,20,41.8002,-70.2217,3,1,2,3,0,"MA",0.013
"1865",514,"198391.9210.37","MA",1983,5,15,135,20,42.0807,-70.2443,1,0,1,1,0,"MA",0.013
"1866",514,"198391.9170.38","MA",1983,5,15,135,20,42.0612,-70.0795,1,1,0,1,0,"MA",0.013
"1867",514,"198391.9210.39","MA",1983,5,15,135,17,42.0778,-70.0307,0,0,0,0,0,"MA",0.013
"1868",514,"198391.9300.40","MA",1983,5,16,136,20,42.0713,-70.3778,0,0,0,0,0,"MA",0.013
"1869",514,"198391.9300.41","MA",1983,5,16,136,20,42.06,-70.3223,3,2,1,3,0,"MA",0.013
"1870",514,"198391.9290.42","MA",1983,5,16,136,20,42.0075,-70.216,2,1,1,2,0,"MA",0.013
"1871",514,"198391.9270.43","MA",1983,5,16,136,15,42.0047,-70.147,0,0,0,0,0,"MA",0.013
"1872",514,"198391.9260.44","MA",1983,5,16,136,20,41.965,-70.1077,0,0,0,0,0,"MA",0.013
"1873",514,"198391.9280.45","MA",1983,5,16,136,20,41.9483,-70.1895,0,0,0,0,0,"MA",0.013
"1874",514,"198391.9250.46","MA",1983,5,16,136,20,41.8865,-70.1123,0,0,0,0,0,"MA",0.013
"1875",521,"198391.9180.59","MA",1983,5,19,139,13,41.624,-69.907,4,0,4,4,0,"MA",0.013
"1876",521,"198391.9190.60","MA",1983,5,19,139,20,41.7302,-69.8802,0,0,0,0,0,"MA",0.013
"1877",521,"198391.9180.61","MA",1983,5,19,139,20,41.8302,-69.9163,0,0,0,0,0,"MA",0.013
"1878",521,"198391.9170.62","MA",1983,5,19,139,15,41.8818,-69.9475,0,0,0,0,0,"MA",0.013
"1879",521,"198391.9200.63","MA",1983,5,19,139,20,41.79,-69.8773,0,0,0,0,0,"MA",0.013
"1880",521,"198391.9200.64","MA",1983,5,19,139,20,41.7732,-69.8687,0,0,0,0,0,"MA",0.013
"1881",521,"198391.9170.78","MA",1983,5,22,142,20,41.3762,-69.992,0,0,0,0,0,"MA",0.013
"1882",514,"198491.9260.1","MA",1984,5,7,128,20,41.853,-70.4877,2,1,1,2,0,"MA",0.013
"1883",514,"198491.9290.2","MA",1984,5,7,128,20,41.9488,-70.4235,1,0,1,1,0,"MA",0.013
"1884",514,"198491.9260.3","MA",1984,5,7,128,20,41.9695,-70.576,13,4,9,12,1,"MA",0.013
"1885",514,"198491.9270.4","MA",1984,5,7,128,20,42.048,-70.5742,5,0,5,4,1,"MA",0.013
"1886",514,"198491.9290.5","MA",1984,5,7,128,20,42.061,-70.5163,11,5,6,8,3,"MA",0.013
"1887",514,"198491.9290.6","MA",1984,5,7,128,20,42.0058,-70.4457,2,1,1,2,0,"MA",0.013
"1888",514,"198491.9300.7","MA",1984,5,7,128,20,42.1028,-70.4155,3,2,1,3,0,"MA",0.013
"1889",514,"198491.9330.8","MA",1984,5,8,129,20,42.3055,-70.8167,9,3,6,7,2,"MA",0.013
"1890",514,"198491.9310.9","MA",1984,5,8,129,20,42.2938,-70.8688,51,16,35,34,17,"MA",0.013
"1891",514,"198491.9320.10","MA",1984,5,8,129,20,42.3007,-70.8388,21,13,8,9,12,"MA",0.013
"1892",514,"198491.9320.11","MA",1984,5,8,129,20,42.457,-70.9095,17,3,14,16,1,"MA",0.013
"1893",514,"198491.9340.12","MA",1984,5,8,129,20,42.433,-70.8597,7,3,4,7,0,"MA",0.013
"1894",514,"198491.9350.13","MA",1984,5,8,129,20,42.4642,-70.7215,1,0,1,1,0,"MA",0.013
"1895",514,"198491.9360.14","MA",1984,5,9,130,20,42.6393,-70.531,1,0,1,1,0,"MA",0.013
"1896",514,"198491.9360.15","MA",1984,5,9,130,20,42.7118,-70.5428,8,3,5,8,0,"MA",0.013
"1897",514,"198491.9350.16","MA",1984,5,9,130,20,42.7413,-70.6518,1,1,0,1,0,"MA",0.013
"1898",514,"198491.9330.17","MA",1984,5,9,130,20,42.7812,-70.7447,0,0,0,0,0,"MA",0.013
"1899",514,"198491.9320.18","MA",1984,5,9,130,20,42.7553,-70.7738,12,3,9,12,0,"MA",0.013
"1900",514,"198491.9330.19","MA",1984,5,9,130,20,42.7318,-70.7345,4,2,2,4,0,"MA",0.013
"1901",514,"198491.9310.20","MA",1984,5,9,130,20,42.6752,-70.6873,14,5,9,11,3,"MA",0.013
"1902",514,"198491.9340.21","MA",1984,5,9,130,20,42.7012,-70.6313,3,2,1,3,0,"MA",0.013
"1903",514,"198491.9350.22","MA",1984,5,9,130,20,42.6378,-70.5462,0,0,0,0,0,"MA",0.013
"1904",514,"198491.9350.23","MA",1984,5,10,131,20,42.5727,-70.5977,0,0,0,0,0,"MA",0.013
"1905",514,"198491.9340.24","MA",1984,5,10,131,20,42.5435,-70.7355,2,1,1,2,0,"MA",0.013
"1906",514,"198491.9350.25","MA",1984,5,10,131,20,42.5063,-70.7035,1,0,1,1,0,"MA",0.013
"1907",514,"198491.9360.26","MA",1984,5,10,131,20,42.5078,-70.6288,1,0,1,1,0,"MA",0.013
"1908",514,"198491.9360.27","MA",1984,5,10,131,20,42.4722,-70.6448,3,1,2,3,0,"MA",0.013
"1909",514,"198491.9270.28","MA",1984,5,11,132,20,42.0967,-70.5815,3,3,0,3,0,"MA",0.013
"1910",514,"198491.9280.29","MA",1984,5,11,132,20,41.9675,-70.5087,25,13,12,23,2,"MA",0.013
"1911",514,"198491.9290.30","MA",1984,5,11,132,20,42.0312,-70.3153,0,0,0,0,0,"MA",0.013
"1912",514,"198491.9290.31","MA",1984,5,11,132,20,41.9728,-70.3127,0,0,0,0,0,"MA",0.013
"1913",514,"198491.9250.32","MA",1984,5,11,132,20,41.7657,-70.462,0,0,0,0,0,"MA",0.013
"1914",514,"198491.9210.33","MA",1984,5,12,133,20,42.097,-70.218,2,1,1,1,1,"MA",0.013
"1915",514,"198491.9210.34","MA",1984,5,12,133,20,42.0707,-70.0155,0,0,0,0,0,"MA",0.013
"1916",521,"198491.9170.35","MA",1984,5,12,133,20,41.9825,-69.9992,1,0,1,1,0,"MA",0.013
"1917",514,"198491.9170.36","MA",1984,5,12,133,20,42.0703,-70.0978,4,2,2,3,1,"MA",0.013
"1918",514,"198491.9200.37","MA",1984,5,12,133,20,42.0987,-70.1347,1,0,1,1,0,"MA",0.013
"1919",514,"198491.9260.38","MA",1984,5,13,134,20,42.02,-70.1147,2,1,1,2,0,"MA",0.013
"1920",514,"198491.9300.39","MA",1984,5,13,134,20,42.0498,-70.2895,1,0,1,1,0,"MA",0.013
"1921",514,"198491.9270.40","MA",1984,5,13,134,20,41.9865,-70.1295,0,0,0,0,0,"MA",0.013
"1922",514,"198491.9280.41","MA",1984,5,13,134,20,41.9565,-70.2192,1,1,0,1,0,"MA",0.013
"1923",514,"198491.9280.42","MA",1984,5,13,134,20,41.9233,-70.2815,0,0,0,0,0,"MA",0.013
"1924",514,"198491.9280.43","MA",1984,5,13,134,20,41.8788,-70.4098,1,0,1,1,0,"MA",0.013
"1925",514,"198491.9250.44","MA",1984,5,14,135,20,41.7423,-70.3328,6,3,3,4,2,"MA",0.013
"1926",514,"198491.9260.45","MA",1984,5,14,135,20,41.8225,-70.1963,3,1,2,3,0,"MA",0.013
"1927",514,"198491.9250.46","MA",1984,5,14,135,20,41.8105,-70.0643,0,0,0,0,0,"MA",0.013
"1928",514,"198491.9270.47","MA",1984,5,14,135,20,41.8442,-70.2512,0,0,0,0,0,"MA",0.013
"1929",514,"198491.9260.48","MA",1984,5,14,135,20,41.8967,-70.1292,4,0,4,3,1,"MA",0.013
"1930",514,"198491.9280.49","MA",1984,5,14,135,20,41.9017,-70.1993,0,0,0,0,0,"MA",0.013
"1931",514,"198491.9270.50","MA",1984,5,14,135,20,41.8478,-70.3872,1,1,0,1,0,"MA",0.013
"1932",521,"198491.9180.66","MA",1984,5,17,138,20,41.6495,-69.8865,0,0,0,0,0,"MA",0.013
"1933",521,"198491.9190.67","MA",1984,5,17,138,20,41.6883,-69.868,0,0,0,0,0,"MA",0.013
"1934",521,"198491.9200.68","MA",1984,5,17,138,20,41.8052,-69.8765,0,0,0,0,0,"MA",0.013
"1935",521,"198491.9180.69","MA",1984,5,17,138,20,41.7957,-69.9157,3,2,1,2,1,"MA",0.013
"1936",521,"198491.9170.81","MA",1984,5,19,140,20,41.391,-69.9933,0,0,0,0,0,"MA",0.013
"1937",514,"198591.9260.1","MA",1985,5,6,126,20,41.7713,-70.4388,0,0,0,0,0,"MA",0.013
"1938",514,"198591.9270.2","MA",1985,5,6,126,20,41.8045,-70.3445,0,0,0,0,0,"MA",0.013
"1939",514,"198591.9260.3","MA",1985,5,6,126,20,41.7687,-70.3438,0,0,0,0,0,"MA",0.013
"1940",514,"198591.9270.4","MA",1985,5,7,127,20,41.8523,-70.4208,6,3,3,6,0,"MA",0.013
"1941",514,"198591.9280.5","MA",1985,5,7,127,20,41.9363,-70.4695,11,6,5,9,2,"MA",0.013
"1942",514,"198591.9260.6","MA",1985,5,7,127,20,41.9723,-70.5787,33,21,12,28,5,"MA",0.013
"1943",514,"198591.9280.7","MA",1985,5,7,127,20,42.0135,-70.5358,3,1,2,2,1,"MA",0.013
"1944",514,"198591.9250.8","MA",1985,5,7,127,20,42.0468,-70.632,157,74,83,44,113,"MA",0.013
"1945",514,"198591.9270.9","MA",1985,5,7,127,20,42.1205,-70.5623,7,4,3,6,1,"MA",0.013
"1946",514,"198591.9290.10","MA",1985,5,7,127,20,42.1258,-70.4722,4,3,1,4,0,"MA",0.013
"1947",514,"198591.9350.11","MA",1985,5,9,129,20,42.5675,-70.5982,2,1,1,2,0,"MA",0.013
"1948",514,"198591.9350.12","MA",1985,5,9,129,20,42.5952,-70.5772,8,4,4,7,1,"MA",0.013
"1949",514,"198591.9360.13","MA",1985,5,9,129,20,42.6303,-70.5107,0,0,0,0,0,"MA",0.013
"1950",514,"198591.9330.14","MA",1985,5,9,129,20,42.648,-70.5802,1,0,1,1,0,"MA",0.013
"1951",514,"198591.9350.15","MA",1985,5,9,129,20,42.6988,-70.5812,1,0,1,1,0,"MA",0.013
"1952",514,"198591.9360.16","MA",1985,5,9,129,20,42.7202,-70.5632,1,1,0,1,0,"MA",0.013
"1953",514,"198591.9330.17","MA",1985,5,9,129,20,42.7467,-70.728,1,1,0,1,0,"MA",0.013
"1954",514,"198591.9340.18","MA",1985,5,9,129,20,42.826,-70.7467,0,0,0,0,0,"MA",0.013
"1955",514,"198591.9320.19","MA",1985,5,9,129,20,42.77,-70.7902,8,4,4,5,3,"MA",0.013
"1956",514,"198591.9310.20","MA",1985,5,9,129,20,42.7303,-70.7748,10,3,7,8,2,"MA",0.013
"1957",514,"198591.9340.21","MA",1985,5,10,130,20,42.5505,-70.7198,4,2,2,4,0,"MA",0.013
"1958",514,"198591.9320.22","MA",1985,5,10,130,20,42.5385,-70.8332,77,24,53,61,16,"MA",0.013
"1959",514,"198591.9340.23","MA",1985,5,10,130,20,42.4413,-70.8575,14,7,7,10,4,"MA",0.013
"1960",514,"198591.9320.24","MA",1985,5,10,130,20,42.4415,-70.9017,63,27,36,53,10,"MA",0.013
"1961",514,"198591.9310.25","MA",1985,5,10,130,20,42.4557,-70.9183,93,32,61,72,21,"MA",0.013
"1962",514,"198591.9330.26","MA",1985,5,10,130,20,42.3062,-70.8163,16,8,8,12,4,"MA",0.013
"1963",514,"198591.9310.27","MA",1985,5,10,130,20,42.2915,-70.8667,98,35,63,43,55,"MA",0.013
"1964",514,"198591.9360.28","MA",1985,5,11,131,20,42.4727,-70.6423,0,0,0,0,0,"MA",0.013
"1965",514,"198591.9350.29","MA",1985,5,11,131,20,42.4718,-70.7288,1,0,1,1,0,"MA",0.013
"1966",514,"198591.9300.30","MA",1985,5,11,131,20,42.0783,-70.3722,0,0,0,0,0,"MA",0.013
"1967",514,"198591.9290.31","MA",1985,5,11,131,20,41.978,-70.4362,4,1,3,4,0,"MA",0.013
"1968",514,"198591.9290.32","MA",1985,5,11,131,20,41.9397,-70.3742,3,2,1,3,0,"MA",0.013
"1969",514,"198591.9250.33","MA",1985,5,12,132,20,41.7523,-70.4235,1,0,1,0,1,"MA",0.013
"1970",514,"198591.9280.34","MA",1985,5,12,132,20,41.9005,-70.3522,0,0,0,0,0,"MA",0.013
"1971",514,"198591.9280.35","MA",1985,5,12,132,20,41.9423,-70.2473,1,1,0,1,0,"MA",0.013
"1972",514,"198591.9280.36","MA",1985,5,12,132,20,41.9007,-70.193,0,0,0,0,0,"MA",0.013
"1973",514,"198591.9260.37","MA",1985,5,12,132,20,41.859,-70.1845,1,0,1,1,0,"MA",0.013
"1974",514,"198591.9270.38","MA",1985,5,12,132,20,41.8515,-70.2312,3,1,2,3,0,"MA",0.013
"1975",514,"198591.9260.39","MA",1985,5,12,132,20,41.8302,-70.1205,0,0,0,0,0,"MA",0.013
"1976",514,"198591.9290.40","MA",1985,5,13,133,20,41.9792,-70.307,0,0,0,0,0,"MA",0.013
"1977",514,"198591.9300.41","MA",1985,5,13,133,20,42.0772,-70.3135,0,0,0,0,0,"MA",0.013
"1978",514,"198591.9210.42","MA",1985,5,13,133,20,42.1132,-70.2167,1,0,1,1,0,"MA",0.013
"1979",514,"198591.9210.43","MA",1985,5,13,133,20,42.0687,-70.0078,0,0,0,0,0,"MA",0.013
"1980",514,"198591.9200.44","MA",1985,5,13,133,20,42.1018,-70.16,1,0,1,1,0,"MA",0.013
"1981",514,"198591.9170.46","MA",1985,5,14,134,20,42.0685,-70.105,4,1,3,3,1,"MA",0.013
"1982",521,"198591.9180.47","MA",1985,5,14,134,20,41.98,-69.9913,5,4,1,3,2,"MA",0.013
"1983",521,"198591.9170.48","MA",1985,5,14,134,13,41.9038,-69.958,1,1,0,0,1,"MA",0.013
"1984",521,"198591.9180.77","MA",1985,5,19,139,20,41.659,-69.9067,0,0,0,0,0,"MA",0.013
"1985",521,"198591.9190.78","MA",1985,5,19,139,20,41.7157,-69.8577,0,0,0,0,0,"MA",0.013
"1986",521,"198591.9200.79","MA",1985,5,19,139,20,41.767,-69.8665,0,0,0,0,0,"MA",0.013
"1987",521,"198591.9170.84","MA",1985,5,20,140,20,41.3792,-69.9905,1,1,0,0,1,"MA",0.013
"1988",514,"198691.9260.1","MA",1986,5,5,125,20,41.773,-70.4292,1,0,1,0,1,"MA",0.013
"1989",514,"198691.9270.2","MA",1986,5,5,125,20,41.8085,-70.369,0,0,0,0,0,"MA",0.013
"1990",514,"198691.9260.3","MA",1986,5,6,126,20,41.849,-70.4932,1,0,1,1,0,"MA",0.013
"1991",514,"198691.9270.4","MA",1986,5,6,126,20,41.9565,-70.5363,15,10,5,12,3,"MA",0.013
"1992",514,"198691.9280.5","MA",1986,5,6,126,20,42.0045,-70.526,45,24,21,41,4,"MA",0.013
"1993",514,"198691.9250.6","MA",1986,5,6,126,20,42.0218,-70.61,5,2,3,4,1,"MA",0.013
"1994",514,"198691.9290.7","MA",1986,5,6,126,20,42.0597,-70.51,21,9,12,21,0,"MA",0.013
"1995",514,"198691.9270.8","MA",1986,5,6,126,20,42.092,-70.566,1,1,0,1,0,"MA",0.013
"1996",514,"198691.9320.9","MA",1986,5,7,127,13,42.292,-70.8617,64,23,41,44,20,"MA",0.013
"1997",514,"198691.9310.10","MA",1986,5,7,127,20,42.4525,-70.9192,9,1,8,7,2,"MA",0.013
"1998",514,"198691.9330.11","MA",1986,5,7,127,15,42.4465,-70.8877,6,2,4,5,1,"MA",0.013
"1999",514,"198691.9320.12","MA",1986,5,7,127,20,42.444,-70.9092,42,13,29,39,3,"MA",0.013
"2000",514,"198691.9340.13","MA",1986,5,7,127,14,42.427,-70.8337,15,7,8,14,1,"MA",0.013
"2001",514,"198691.9350.14","MA",1986,5,7,127,20,42.5243,-70.7125,0,0,0,0,0,"MA",0.013
"2002",514,"198691.9360.15","MA",1986,5,7,127,20,42.5088,-70.6367,4,2,2,4,0,"MA",0.013
"2003",514,"198691.9340.17","MA",1986,5,8,128,13,42.7302,-70.6612,0,0,0,0,0,"MA",0.013
"2004",514,"198691.9310.18","MA",1986,5,8,128,20,42.694,-70.7297,14,7,7,13,1,"MA",0.013
"2005",514,"198691.9310.19","MA",1986,5,8,128,20,42.7408,-70.7803,3,1,2,3,0,"MA",0.013
"2006",514,"198691.9330.20","MA",1986,5,8,128,14,42.7533,-70.753,0,0,0,0,0,"MA",0.013
"2007",514,"198691.9320.21","MA",1986,5,8,128,13,42.7325,-70.7508,4,0,4,4,0,"MA",0.013
"2008",514,"198691.9360.22","MA",1986,5,10,130,13,42.626,-70.5323,1,1,0,1,0,"MA",0.013
"2009",514,"198691.9350.23","MA",1986,5,10,130,18,42.5767,-70.6015,0,0,0,0,0,"MA",0.013
"2010",514,"198691.9350.24","MA",1986,5,10,130,15,42.5722,-70.5975,1,1,0,1,0,"MA",0.013
"2011",514,"198691.9360.25","MA",1986,5,10,130,17,42.5325,-70.6178,0,0,0,0,0,"MA",0.013
"2012",514,"198691.9340.26","MA",1986,5,10,130,16,42.5415,-70.732,1,1,0,1,0,"MA",0.013
"2013",514,"198691.9290.27","MA",1986,5,11,131,20,41.9547,-70.4473,21,8,13,20,1,"MA",0.013
"2014",514,"198691.9290.28","MA",1986,5,11,131,20,41.971,-70.3312,16,6,10,16,0,"MA",0.013
"2015",514,"198691.9270.29","MA",1986,5,11,131,20,41.925,-70.1498,0,0,0,0,0,"MA",0.013
"2016",514,"198691.9280.30","MA",1986,5,11,131,20,41.9073,-70.1858,2,1,1,2,0,"MA",0.013
"2017",514,"198691.9260.31","MA",1986,5,11,131,20,41.811,-70.1992,0,0,0,0,0,"MA",0.013
"2018",514,"198691.9260.32","MA",1986,5,11,131,13,41.785,-70.26,1,0,1,1,0,"MA",0.013
"2019",521,"198691.9170.60","MA",1986,5,16,136,20,41.4025,-69.9773,0,0,0,0,0,"MA",0.013
"2020",521,"198691.9170.77","MA",1986,5,18,138,20,41.5883,-69.9293,0,0,0,0,0,"MA",0.013
"2021",521,"198691.9180.78","MA",1986,5,19,139,15,41.6642,-69.9008,1,1,0,1,0,"MA",0.013
"2022",521,"198691.9170.79","MA",1986,5,19,139,20,41.9338,-69.9648,12,3,9,10,2,"MA",0.013
"2023",521,"198691.9190.80","MA",1986,5,19,139,17,41.9907,-69.982,0,0,0,0,0,"MA",0.013
"2024",514,"198691.9170.81","MA",1986,5,19,139,18,42.005,-70.0118,15,9,6,8,7,"MA",0.013
"2025",514,"198691.9180.82","MA",1986,5,19,139,20,42.04,-70.0377,4,2,2,3,1,"MA",0.013
"2026",514,"198691.9200.83","MA",1986,5,19,139,20,42.0657,-70.0318,0,0,0,0,0,"MA",0.013
"2027",514,"198691.9200.84","MA",1986,5,19,139,20,42.1013,-70.1608,0,0,0,0,0,"MA",0.013
"2028",514,"198691.9300.85","MA",1986,5,20,140,20,42.1075,-70.2847,0,0,0,0,0,"MA",0.013
"2029",514,"198691.9210.86","MA",1986,5,20,140,20,42.1147,-70.2488,0,0,0,0,0,"MA",0.013
"2030",514,"198691.9210.87","MA",1986,5,20,140,20,42.103,-70.185,4,2,2,4,0,"MA",0.013
"2031",514,"198691.9300.88","MA",1986,5,20,140,20,42.079,-70.3213,0,0,0,0,0,"MA",0.013
"2032",514,"198691.9290.89","MA",1986,5,20,140,20,42.0117,-70.3092,0,0,0,0,0,"MA",0.013
"2033",514,"198691.9290.90","MA",1986,5,20,140,20,41.9837,-70.3932,0,0,0,0,0,"MA",0.013
"2034",514,"198691.9280.91","MA",1986,5,20,140,20,41.8957,-70.3132,6,1,5,5,1,"MA",0.013
"2035",514,"198691.9250.92","MA",1986,5,21,141,20,41.7458,-70.3858,4,2,2,4,0,"MA",0.013
"2036",514,"198691.9280.93","MA",1986,5,21,141,20,41.8713,-70.4302,17,3,14,13,4,"MA",0.013
"2037",514,"198791.9250.13","MA",1987,5,6,126,20,41.7588,-70.4438,5,2,3,2,3,"MA",0.013
"2038",514,"198791.9270.14","MA",1987,5,7,127,20,41.8853,-70.4773,15,10,5,7,8,"MA",0.013
"2039",514,"198791.9270.15","MA",1987,5,7,127,13,41.9182,-70.4983,20,9,11,11,9,"MA",0.013
"2040",514,"198791.9250.16","MA",1987,5,7,127,20,41.9633,-70.6037,6,3,3,4,2,"MA",0.013
"2041",514,"198791.9270.17","MA",1987,5,7,127,20,42.0493,-70.56,7,4,3,6,1,"MA",0.013
"2042",514,"198791.9280.18","MA",1987,5,7,127,20,42.0902,-70.5447,3,1,2,3,0,"MA",0.013
"2043",514,"198791.9250.19","MA",1987,5,7,127,20,42.1498,-70.688,15,5,10,9,6,"MA",0.013
"2044",514,"198791.9320.20","MA",1987,5,7,127,20,42.3065,-70.8098,89,36,53,71,18,"MA",0.013
"2045",514,"198791.9310.21","MA",1987,5,7,127,17,42.2917,-70.8683,12,4,8,9,3,"MA",0.013
"2046",514,"198791.9340.22","MA",1987,5,8,128,20,42.439,-70.8648,15,5,10,14,1,"MA",0.013
"2047",514,"198791.9320.23","MA",1987,5,8,128,13,42.4582,-70.91,8,0,8,8,0,"MA",0.013
"2048",514,"198791.9330.24","MA",1987,5,8,128,15,42.4488,-70.8795,6,3,3,6,0,"MA",0.013
"2049",514,"198791.9350.25","MA",1987,5,8,128,13,42.4598,-70.7137,0,0,0,0,0,"MA",0.013
"2050",514,"198791.9350.26","MA",1987,5,8,128,20,42.5248,-70.7083,2,1,1,2,0,"MA",0.013
"2051",514,"198791.9340.27","MA",1987,5,8,128,17,42.5498,-70.725,3,2,1,3,0,"MA",0.013
"2052",514,"198791.9360.28","MA",1987,5,8,128,19,42.6327,-70.5202,1,1,0,1,0,"MA",0.013
"2053",514,"198791.9360.29","MA",1987,5,9,129,20,42.7097,-70.5553,3,1,2,3,0,"MA",0.013
"2054",514,"198791.9350.30","MA",1987,5,9,129,20,42.7257,-70.627,1,1,0,1,0,"MA",0.013
"2055",514,"198791.9350.31","MA",1987,5,9,129,20,42.7347,-70.6587,1,0,1,1,0,"MA",0.013
"2056",514,"198791.9330.32","MA",1987,5,9,129,20,42.7,-70.6983,4,1,3,3,1,"MA",0.013
"2057",514,"198791.9310.33","MA",1987,5,9,129,20,42.7102,-70.747,7,5,2,5,2,"MA",0.013
"2058",514,"198791.9320.34","MA",1987,5,9,129,20,42.7712,-70.7732,0,0,0,0,0,"MA",0.013
"2059",514,"198791.9310.35","MA",1987,5,9,129,20,42.7757,-70.7958,4,4,0,2,2,"MA",0.013
"2060",513,"198791.9330.36","MA",1987,5,9,129,20,42.8542,-70.7797,1,1,0,1,0,"MA",0.013
"2061",514,"198791.9340.37","MA",1987,5,9,129,20,42.8215,-70.7433,0,0,0,0,0,"MA",0.013
"2062",514,"198791.9360.38","MA",1987,5,10,130,20,42.4833,-70.625,2,1,1,2,0,"MA",0.013
"2063",514,"198791.9360.39","MA",1987,5,10,130,20,42.4175,-70.6573,2,1,1,2,0,"MA",0.013
"2064",514,"198791.9350.40","MA",1987,5,10,130,16,42.3828,-70.7002,7,5,2,7,0,"MA",0.013
"2065",514,"198791.9290.41","MA",1987,5,11,131,20,42.1038,-70.478,6,3,3,6,0,"MA",0.013
"2066",514,"198791.9290.42","MA",1987,5,11,131,13,42.0298,-70.4565,1,1,0,1,0,"MA",0.013
"2067",514,"198791.9290.43","MA",1987,5,11,131,20,41.9995,-70.3685,2,0,2,2,0,"MA",0.013
"2068",514,"198791.9280.44","MA",1987,5,11,131,20,41.9435,-70.4755,7,4,3,6,1,"MA",0.013
"2069",514,"198791.9280.45","MA",1987,5,11,131,20,41.913,-70.4008,13,8,5,7,6,"MA",0.013
"2070",514,"198791.9260.46","MA",1987,5,11,131,20,41.8372,-70.4947,2,2,0,2,0,"MA",0.013
"2071",514,"198791.9260.47","MA",1987,5,12,132,20,41.7858,-70.2708,10,4,6,9,1,"MA",0.013
"2072",514,"198791.9270.48","MA",1987,5,12,132,20,41.8437,-70.2642,0,0,0,0,0,"MA",0.013
"2073",514,"198791.9260.49","MA",1987,5,12,132,20,41.8447,-70.1733,4,2,2,4,0,"MA",0.013
"2074",514,"198791.9260.50","MA",1987,5,12,132,20,41.9047,-70.1175,1,0,1,1,0,"MA",0.013
"2075",514,"198791.9270.51","MA",1987,5,12,132,20,41.9403,-70.144,1,0,1,1,0,"MA",0.013
"2076",514,"198791.9290.52","MA",1987,5,12,132,20,42.0075,-70.2353,0,0,0,0,0,"MA",0.013
"2077",514,"198791.9280.53","MA",1987,5,12,132,20,41.9285,-70.2007,0,0,0,0,0,"MA",0.013
"2078",514,"198791.9280.54","MA",1987,5,12,132,20,41.8827,-70.2743,1,0,1,1,0,"MA",0.013
"2079",514,"198791.9290.55","MA",1987,5,13,133,20,42.0337,-70.3115,2,0,2,2,0,"MA",0.013
"2080",514,"198791.9300.56","MA",1987,5,13,133,20,42.0848,-70.314,3,1,2,3,0,"MA",0.013
"2081",514,"198791.9210.57","MA",1987,5,13,133,19,42.1017,-70.2062,0,0,0,0,0,"MA",0.013
"2082",514,"198791.9200.58","MA",1987,5,13,133,20,42.1023,-70.1395,1,0,1,1,0,"MA",0.013
"2083",514,"198791.9210.59","MA",1987,5,13,133,13,42.081,-70.0383,0,0,0,0,0,"MA",0.013
"2084",514,"198791.9180.60","MA",1987,5,13,133,20,42.0243,-70.0185,0,0,0,0,0,"MA",0.013
"2085",514,"198791.9170.61","MA",1987,5,13,133,20,42.0838,-70.14,5,2,3,3,2,"MA",0.013
"2086",514,"198791.9300.62","MA",1987,5,13,133,20,42.0772,-70.2665,1,0,1,1,0,"MA",0.013
"2087",514,"198791.9270.63","MA",1987,5,13,133,20,42.0272,-70.1303,0,0,0,0,0,"MA",0.013
"2088",521,"198791.9170.64","MA",1987,5,14,134,20,41.8575,-69.9383,4,1,3,3,1,"MA",0.013
"2089",521,"198791.9190.65","MA",1987,5,14,134,20,41.824,-69.9125,1,1,0,1,0,"MA",0.013
"2090",521,"198791.9200.66","MA",1987,5,14,134,20,41.835,-69.888,0,0,0,0,0,"MA",0.013
"2091",521,"198791.9180.67","MA",1987,5,14,134,20,41.7215,-69.897,0,0,0,0,0,"MA",0.013
"2092",521,"198791.9180.79","MA",1987,5,16,136,20,41.3862,-69.9675,1,0,1,1,0,"MA",0.013
"2093",521,"198791.9170.80","MA",1987,5,16,136,20,41.404,-69.9758,0,0,0,0,0,"MA",0.013
"2094",514,"198891.9260.1","MA",1988,5,9,130,20,41.7792,-70.1693,3,1,2,1,2,"MA",0.013
"2095",514,"198891.9250.2","MA",1988,5,9,130,20,41.747,-70.29,1,0,1,0,1,"MA",0.013
"2096",514,"198891.9270.3","MA",1988,5,9,130,20,41.809,-70.309,11,3,8,8,3,"MA",0.013
"2097",514,"198891.9270.4","MA",1988,5,10,131,14,41.8817,-70.4803,22,11,11,13,9,"MA",0.013
"2098",514,"198891.9250.5","MA",1988,5,10,131,20,41.9648,-70.621,37,12,25,27,10,"MA",0.013
"2099",514,"198891.9330.6","MA",1988,5,10,131,15,42.3067,-70.8072,28,10,18,18,10,"MA",0.013
"2100",514,"198891.9310.7","MA",1988,5,10,131,15,42.2923,-70.8642,96,30,66,48,48,"MA",0.013
"2101",514,"198891.9320.8","MA",1988,5,11,132,20,42.4575,-70.915,3,1,2,2,1,"MA",0.013
"2102",514,"198891.9340.9","MA",1988,5,11,132,17,42.4383,-70.8542,15,10,5,13,2,"MA",0.013
"2103",514,"198891.9350.10","MA",1988,5,11,132,13,42.46,-70.7185,1,1,0,1,0,"MA",0.013
"2104",514,"198891.9340.11","MA",1988,5,11,132,15,42.5495,-70.7243,2,1,1,2,0,"MA",0.013
"2105",514,"198891.9350.12","MA",1988,5,11,132,20,42.5115,-70.7153,3,2,1,2,1,"MA",0.013
"2106",514,"198891.9360.13","MA",1988,5,12,133,20,42.6305,-70.5267,1,1,0,1,0,"MA",0.013
"2107",514,"198891.9360.14","MA",1988,5,12,133,20,42.7168,-70.5645,0,0,0,0,0,"MA",0.013
"2108",514,"198891.9330.15","MA",1988,5,12,133,20,42.6995,-70.6713,1,1,0,1,0,"MA",0.013
"2109",514,"198891.9310.16","MA",1988,5,12,133,20,42.6793,-70.7065,2,0,2,2,0,"MA",0.013
"2110",514,"198891.9310.17","MA",1988,5,12,133,20,42.7597,-70.7862,6,2,4,5,1,"MA",0.013
"2111",514,"198891.9320.18","MA",1988,5,12,133,20,42.7835,-70.7877,37,15,22,30,7,"MA",0.013
"2112",514,"198891.9330.19","MA",1988,5,12,133,20,42.7773,-70.7592,2,0,2,2,0,"MA",0.013
"2113",514,"198891.9350.20","MA",1988,5,12,133,20,42.72,-70.6365,0,0,0,0,0,"MA",0.013
"2114",514,"198891.9340.21","MA",1988,5,12,133,20,42.699,-70.5992,0,0,0,0,0,"MA",0.013
"2115",514,"198891.9350.22","MA",1988,5,13,134,20,42.5842,-70.5877,3,1,2,3,0,"MA",0.013
"2116",514,"198891.9360.23","MA",1988,5,13,134,20,42.4778,-70.6285,1,0,1,1,0,"MA",0.013
"2117",514,"198891.9300.24","MA",1988,5,14,135,20,42.0923,-70.4173,1,0,1,1,0,"MA",0.013
"2118",514,"198891.9290.25","MA",1988,5,14,135,20,42.0535,-70.4455,2,1,1,2,0,"MA",0.013
"2119",514,"198891.9280.26","MA",1988,5,14,135,20,41.9965,-70.5392,2,1,1,2,0,"MA",0.013
"2120",514,"198891.9290.27","MA",1988,5,14,135,20,41.9992,-70.4035,2,0,2,2,0,"MA",0.013
"2121",514,"198891.9290.28","MA",1988,5,14,135,20,41.9578,-70.3415,0,0,0,0,0,"MA",0.013
"2122",514,"198891.9280.29","MA",1988,5,14,135,20,41.924,-70.3458,1,0,1,1,0,"MA",0.013
"2123",514,"198891.9280.30","MA",1988,5,14,135,20,41.8683,-70.4345,14,6,8,12,2,"MA",0.013
"2124",514,"198891.9260.31","MA",1988,5,15,136,20,41.8082,-70.4673,12,4,8,9,3,"MA",0.013
"2125",514,"198891.9260.32","MA",1988,5,15,136,20,41.8423,-70.1748,5,2,3,5,0,"MA",0.013
"2126",514,"198891.9280.33","MA",1988,5,15,136,20,41.9098,-70.2422,0,0,0,0,0,"MA",0.013
"2127",514,"198891.9280.34","MA",1988,5,15,136,20,41.9842,-70.1857,0,0,0,0,0,"MA",0.013
"2128",514,"198891.9290.35","MA",1988,5,15,136,20,42.0267,-70.281,0,0,0,0,0,"MA",0.013
"2129",514,"198891.9300.36","MA",1988,5,15,136,20,42.0643,-70.3478,0,0,0,0,0,"MA",0.013
"2130",514,"198891.9290.37","MA",1988,5,15,136,20,41.9955,-70.2978,0,0,0,0,0,"MA",0.013
"2131",514,"198891.9260.38","MA",1988,5,16,137,20,41.7658,-70.349,5,2,3,5,0,"MA",0.013
"2132",514,"198891.9270.39","MA",1988,5,16,137,20,41.9262,-70.1535,3,2,1,3,0,"MA",0.013
"2133",514,"198891.9270.40","MA",1988,5,16,137,13,42.0265,-70.1523,0,0,0,0,0,"MA",0.013
"2134",514,"198891.9250.41","MA",1988,5,16,137,20,42.0467,-70.1473,2,1,1,2,0,"MA",0.013
"2135",514,"198891.9260.42","MA",1988,5,16,137,20,41.9497,-70.1147,2,1,1,2,0,"MA",0.013
"2136",514,"198891.9210.43","MA",1988,5,17,138,20,42.1028,-70.2103,2,1,1,1,1,"MA",0.013
"2137",514,"198891.9180.44","MA",1988,5,17,138,20,42.0818,-70.1162,0,0,0,0,0,"MA",0.013
"2138",514,"198891.9200.45","MA",1988,5,17,138,20,42.0535,-70.0165,0,0,0,0,0,"MA",0.013
"2139",514,"198891.9210.46","MA",1988,5,17,138,20,42.0847,-70.0385,1,1,0,1,0,"MA",0.013
"2140",514,"198891.9170.47","MA",1988,5,17,138,20,42.0482,-70.0587,1,0,1,1,0,"MA",0.013
"2141",521,"198891.9170.48","MA",1988,5,18,139,20,41.9358,-69.9692,0,0,0,0,0,"MA",0.013
"2142",521,"198891.9200.49","MA",1988,5,18,139,20,41.8187,-69.8855,0,0,0,0,0,"MA",0.013
"2143",521,"198891.9190.50","MA",1988,5,18,139,19,41.824,-69.9137,0,0,0,0,0,"MA",0.013
"2144",521,"198891.9170.67","MA",1988,5,21,142,15,41.3353,-69.9817,2,1,1,1,1,"MA",0.013
"2145",514,"198991.9270.1","MA",1989,5,8,128,16,41.7827,-70.423,4,3,1,4,0,"MA",0.013
"2146",514,"198991.9260.2","MA",1989,5,8,128,18.5,41.7707,-70.3272,4,3,1,4,0,"MA",0.013
"2147",514,"198991.9260.3","MA",1989,5,9,129,20,41.856,-70.5015,8,4,4,7,1,"MA",0.013
"2148",514,"198991.9250.4","MA",1989,5,9,129,20,41.9735,-70.6008,14,8,6,11,3,"MA",0.013
"2149",514,"198991.9260.5","MA",1989,5,9,129,20,41.9845,-70.5752,22,12,10,22,0,"MA",0.013
"2150",514,"198991.9280.6","MA",1989,5,9,129,20,41.9955,-70.5428,16,6,10,9,7,"MA",0.013
"2151",514,"198991.9280.7","MA",1989,5,9,129,20,42.0965,-70.5447,3,2,1,3,0,"MA",0.013
"2152",514,"198991.9310.8","MA",1989,5,9,129,15,42.2927,-70.8673,10,2,8,4,6,"MA",0.013
"2153",514,"198991.9320.9","MA",1989,5,10,130,16,42.2927,-70.8597,195,93,102,130,65,"MA",0.013
"2154",514,"198991.9320.10","MA",1989,5,10,130,13,42.4517,-70.9053,89,46,43,73,16,"MA",0.013
"2155",514,"198991.9330.11","MA",1989,5,10,130,18,42.4513,-70.8775,35,19,16,33,2,"MA",0.013
"2156",514,"198991.9350.12","MA",1989,5,10,130,20,42.4637,-70.7215,5,3,2,5,0,"MA",0.013
"2157",514,"198991.9350.13","MA",1989,5,10,130,20,42.5237,-70.7153,1,0,1,1,0,"MA",0.013
"2158",514,"198991.9340.14","MA",1989,5,10,130,18.5,42.5492,-70.7227,0,0,0,0,0,"MA",0.013
"2159",514,"198991.9350.15","MA",1989,5,10,130,20,42.5672,-70.6145,3,2,1,3,0,"MA",0.013
"2160",514,"198991.9360.16","MA",1989,5,10,130,20,42.5328,-70.606,1,0,1,1,0,"MA",0.013
"2161",514,"198991.9270.25","MA",1989,5,13,133,20,41.8575,-70.4533,10,5,5,9,1,"MA",0.013
"2162",514,"198991.9290.26","MA",1989,5,13,133,20,41.9448,-70.399,4,2,2,4,0,"MA",0.013
"2163",514,"198991.9290.27","MA",1989,5,13,133,20,42.0632,-70.4667,0,0,0,0,0,"MA",0.013
"2164",514,"198991.9300.28","MA",1989,5,13,133,20,42.0707,-70.3287,2,0,2,2,0,"MA",0.013
"2165",514,"198991.9290.29","MA",1989,5,13,133,13,41.9528,-70.2762,0,0,0,0,0,"MA",0.013
"2166",514,"198991.9280.30","MA",1989,5,13,133,20,41.8718,-70.2407,1,0,1,1,0,"MA",0.013
"2167",514,"198991.9280.31","MA",1989,5,14,134,20,41.8715,-70.414,11,8,3,10,1,"MA",0.013
"2168",514,"198991.9290.32","MA",1989,5,14,134,20,41.957,-70.3478,2,1,1,2,0,"MA",0.013
"2169",514,"198991.9290.33","MA",1989,5,14,134,20,42.0718,-70.4327,1,0,1,1,0,"MA",0.013
"2170",514,"198991.9300.34","MA",1989,5,14,134,20,42.0513,-70.2792,1,0,1,1,0,"MA",0.013
"2171",514,"198991.9270.35","MA",1989,5,14,134,20,41.9263,-70.1613,3,1,2,2,1,"MA",0.013
"2172",514,"198991.9270.36","MA",1989,5,14,134,20,41.8538,-70.2833,2,0,2,2,0,"MA",0.013
"2173",514,"198991.9250.37","MA",1989,5,15,135,19,41.7427,-70.3298,8,3,5,8,0,"MA",0.013
"2174",514,"198991.9260.38","MA",1989,5,15,135,20,41.846,-70.1692,5,3,2,5,0,"MA",0.013
"2175",514,"198991.9260.39","MA",1989,5,15,135,20,41.8828,-70.1442,0,0,0,0,0,"MA",0.013
"2176",514,"198991.9260.40","MA",1989,5,15,135,20,41.942,-70.1195,1,1,0,1,0,"MA",0.013
"2177",514,"198991.9270.41","MA",1989,5,15,135,20,41.9788,-70.1372,0,0,0,0,0,"MA",0.013
"2178",514,"198991.9250.42","MA",1989,5,15,135,13,42.0403,-70.1232,21,9,12,21,0,"MA",0.013
"2179",514,"198991.9280.43","MA",1989,5,15,135,20,41.9232,-70.292,2,1,1,2,0,"MA",0.013
"2180",514,"198991.9210.44","MA",1989,5,16,136,20,42.0982,-70.2142,3,1,2,3,0,"MA",0.013
"2181",514,"198991.9210.45","MA",1989,5,16,136,20,42.0697,-70.0123,0,0,0,0,0,"MA",0.013
"2182",514,"198991.9170.46","MA",1989,5,16,136,20,41.996,-70.008,12,6,6,8,4,"MA",0.013
"2183",514,"198991.9180.47","MA",1989,5,16,136,20,42.0372,-70.0307,0,0,0,0,0,"MA",0.013
"2184",514,"198991.9200.48","MA",1989,5,17,137,20,42.1003,-70.1692,1,0,1,1,0,"MA",0.013
"2185",521,"198991.9190.49","MA",1989,5,17,137,20,41.8207,-69.9115,0,0,0,0,0,"MA",0.013
"2186",521,"198991.9200.50","MA",1989,5,17,137,20,41.8163,-69.8893,0,0,0,0,0,"MA",0.013
"2187",521,"198991.9170.51","MA",1989,5,17,137,20,41.7783,-69.9223,6,4,2,4,2,"MA",0.013
"2188",521,"198991.9180.52","MA",1989,5,17,137,13,41.6573,-69.9018,0,0,0,0,0,"MA",0.013
"2189",521,"198991.9170.67","MA",1989,5,20,140,20,41.397,-69.991,2,2,0,1,1,"MA",0.013
"2190",514,"198991.9360.87","MA",1989,5,23,143,16.5,42.469,-70.6332,0,0,0,0,0,"MA",0.013
"2191",514,"198991.9360.88","MA",1989,5,23,143,20,42.5112,-70.6405,0,0,0,0,0,"MA",0.013
"2192",514,"198991.9340.89","MA",1989,5,23,143,13,42.5457,-70.7322,0,0,0,0,0,"MA",0.013
"2193",514,"198991.9360.90","MA",1989,5,24,144,20,42.6273,-70.5353,3,0,3,3,0,"MA",0.013
"2194",514,"198991.9350.91","MA",1989,5,24,144,20,42.7057,-70.6078,1,0,1,1,0,"MA",0.013
"2195",514,"198991.9340.92","MA",1989,5,24,144,20,42.7305,-70.6765,2,0,2,2,0,"MA",0.013
"2196",514,"198991.9310.93","MA",1989,5,24,144,20,42.7478,-70.7797,9,2,7,8,1,"MA",0.013
"2197",514,"198991.9310.94","MA",1989,5,24,144,19,42.7693,-70.7938,30,14,16,28,2,"MA",0.013
"2198",514,"198991.9330.95","MA",1989,5,24,144,20,42.7813,-70.763,0,0,0,0,0,"MA",0.013
"2199",514,"198991.9330.96","MA",1989,5,24,144,20,42.6985,-70.6932,1,1,0,1,0,"MA",0.013
"2200",514,"198991.9320.97","MA",1989,5,24,144,15.5,42.7057,-70.7358,0,0,0,0,0,"MA",0.013
"2201",514,"199091.9270.1","MA",1990,5,7,127,20,41.8703,-70.4747,18,8,10,12,6,"MA",0.013
"2202",514,"199091.9270.2","MA",1990,5,7,127,20,41.8332,-70.3675,6,2,4,4,2,"MA",0.013
"2203",514,"199091.9250.3","MA",1990,5,8,128,20,41.834,-70.5152,8,5,3,8,0,"MA",0.013
"2204",514,"199091.9260.4","MA",1990,5,8,128,20,41.9863,-70.5853,39,17,22,28,11,"MA",0.013
"2205",514,"199091.9250.5","MA",1990,5,8,128,20,41.9803,-70.6013,37,14,23,26,11,"MA",0.013
"2206",514,"199091.9280.6","MA",1990,5,8,128,20,42.007,-70.5368,10,7,3,7,3,"MA",0.013
"2207",514,"199091.9280.7","MA",1990,5,8,128,20,42.0955,-70.5403,6,4,2,6,0,"MA",0.013
"2208",514,"199091.9320.8","MA",1990,5,9,129,20,42.303,-70.8292,168,75,93,116,52,"MA",0.013
"2209",514,"199091.9310.9","MA",1990,5,9,129,18,42.2925,-70.8633,711,328,383,222,489,"MA",0.013
"2210",514,"199091.9320.10","MA",1990,5,9,129,14,42.4533,-70.9102,59,17,42,36,23,"MA",0.013
"2211",514,"199091.9330.11","MA",1990,5,9,129,20,42.4477,-70.8805,50,23,27,46,4,"MA",0.013
"2212",514,"199091.9350.12","MA",1990,5,9,129,20,42.5197,-70.7105,11,8,3,9,2,"MA",0.013
"2213",514,"199091.9340.13","MA",1990,5,9,129,20,42.5483,-70.7195,8,5,3,6,2,"MA",0.013
"2214",514,"199091.9350.14","MA",1990,5,9,129,20,42.5918,-70.5818,11,6,5,10,1,"MA",0.013
"2215",514,"199091.9360.15","MA",1990,5,11,131,20,42.7302,-70.6077,2,1,1,1,1,"MA",0.013
"2216",514,"199091.9350.16","MA",1990,5,11,131,20,42.7357,-70.6395,5,3,2,5,0,"MA",0.013
"2217",514,"199091.9340.17","MA",1990,5,11,131,20,42.7108,-70.672,5,3,2,5,0,"MA",0.013
"2218",514,"199091.9320.18","MA",1990,5,11,131,20,42.7218,-70.7398,4,2,2,4,0,"MA",0.013
"2219",514,"199091.9310.19","MA",1990,5,11,131,20,42.7478,-70.7793,29,15,14,23,6,"MA",0.013
"2220",514,"199091.9310.20","MA",1990,5,11,131,20,42.7848,-70.7937,78,28,50,61,17,"MA",0.013
"2221",514,"199091.9330.21","MA",1990,5,11,131,20,42.7793,-70.7575,1,1,0,1,0,"MA",0.013
"2222",514,"199091.9330.22","MA",1990,5,11,131,16,42.7337,-70.7228,0,0,0,0,0,"MA",0.013
"2223",514,"199091.9360.23","MA",1990,5,12,132,20,42.4835,-70.6523,7,1,6,7,0,"MA",0.013
"2224",514,"199091.9360.24","MA",1990,5,12,132,20,42.4657,-70.6357,8,6,2,8,0,"MA",0.013
"2225",514,"199091.9350.25","MA",1990,5,12,132,20,42.3738,-70.694,2,2,0,2,0,"MA",0.013
"2226",514,"199091.9300.26","MA",1990,5,12,132,20,42.0968,-70.4005,3,0,3,3,0,"MA",0.013
"2227",514,"199091.9290.27","MA",1990,5,12,132,20,42.014,-70.427,4,0,4,4,0,"MA",0.013
"2228",514,"199091.9270.28","MA",1990,5,13,133,20,41.8423,-70.317,7,1,6,6,1,"MA",0.013
"2229",514,"199091.9270.29","MA",1990,5,13,133,20,41.8598,-70.2237,4,1,3,4,0,"MA",0.013
"2230",514,"199091.9280.30","MA",1990,5,13,133,20,41.9295,-70.2125,0,0,0,0,0,"MA",0.013
"2231",514,"199091.9260.31","MA",1990,5,13,133,20,41.9388,-70.119,1,0,1,1,0,"MA",0.013
"2232",514,"199091.9250.32","MA",1990,5,13,133,13,41.9113,-70.114,1,0,1,0,1,"MA",0.013
"2233",514,"199091.9260.33","MA",1990,5,13,133,20,41.8608,-70.1878,4,2,2,4,0,"MA",0.013
"2234",514,"199091.9260.34","MA",1990,5,13,133,20,41.7978,-70.2573,2,1,1,2,0,"MA",0.013
"2235",514,"199091.9260.35","MA",1990,5,13,133,20,41.765,-70.4087,20,7,13,17,3,"MA",0.013
"2236",514,"199091.9280.36","MA",1990,5,14,134,20,42.0107,-70.1685,1,1,0,1,0,"MA",0.013
"2237",514,"199091.9270.37","MA",1990,5,14,134,20,41.9832,-70.142,8,4,4,8,0,"MA",0.013
"2238",514,"199091.9290.38","MA",1990,5,14,134,20,42.0115,-70.2197,0,0,0,0,0,"MA",0.013
"2239",514,"199091.9290.39","MA",1990,5,14,134,20,41.9807,-70.2568,0,0,0,0,0,"MA",0.013
"2240",514,"199091.9290.40","MA",1990,5,14,134,20,41.9348,-70.3595,0,0,0,0,0,"MA",0.013
"2241",514,"199091.9280.41","MA",1990,5,14,134,20,41.8773,-70.3728,7,3,4,6,1,"MA",0.013
"2242",514,"199091.9300.42","MA",1990,5,15,135,20,42.1113,-70.2802,0,0,0,0,0,"MA",0.013
"2243",514,"199091.9210.43","MA",1990,5,15,135,20,42.11,-70.2255,0,0,0,0,0,"MA",0.013
"2244",514,"199091.9170.44","MA",1990,5,15,135,20,42.092,-70.1877,9,5,4,9,0,"MA",0.013
"2245",514,"199091.9180.45","MA",1990,5,15,135,20,42.027,-70.021,1,0,1,1,0,"MA",0.013
"2246",514,"199091.9210.46","MA",1990,5,15,135,20,42.078,-70.0258,0,0,0,0,0,"MA",0.013
"2247",514,"199091.9200.47","MA",1990,5,15,135,20,42.1018,-70.1632,4,2,2,3,1,"MA",0.013
"2248",521,"199091.9170.48","MA",1990,5,16,136,20,41.8938,-69.9533,13,10,3,12,1,"MA",0.013
"2249",521,"199091.9190.49","MA",1990,5,16,136,20,41.8167,-69.9088,0,0,0,0,0,"MA",0.013
"2250",521,"199091.9200.50","MA",1990,5,16,136,20,41.8335,-69.8902,0,0,0,0,0,"MA",0.013
"2251",521,"199091.9180.51","MA",1990,5,16,136,19,41.652,-69.9098,1,1,0,0,1,"MA",0.013
"2252",521,"199091.9170.72","MA",1990,5,20,140,19,41.3917,-69.999,0,0,0,0,0,"MA",0.013
"2253",521,"199091.9180.73","MA",1990,5,20,140,20,41.3715,-69.9562,0,0,0,0,0,"MA",0.013
"2254",514,"199191.9270.1","MA",1991,5,7,127,20,41.8633,-70.4057,10,4,6,6,4,"MA",0.013
"2255",514,"199191.9270.2","MA",1991,5,7,127,20,41.8335,-70.2883,4,1,3,2,2,"MA",0.013
"2256",514,"199191.9280.3","MA",1991,5,7,127,20,41.8728,-70.3465,0,0,0,0,0,"MA",0.013
"2257",514,"199191.9280.4","MA",1991,5,7,127,20,41.9382,-70.271,0,0,0,0,0,"MA",0.013
"2258",514,"199191.9280.5","MA",1991,5,7,127,20,41.8803,-70.4448,4,3,1,3,1,"MA",0.013
"2259",514,"199191.9260.6","MA",1991,5,7,127,20,41.8072,-70.4862,9,6,3,3,6,"MA",0.013
"2260",514,"199191.9290.7","MA",1991,5,8,128,20,41.9552,-70.4455,9,5,4,9,0,"MA",0.013
"2261",514,"199191.9290.8","MA",1991,5,8,128,20,41.994,-70.4798,6,2,4,6,0,"MA",0.013
"2262",514,"199191.9280.9","MA",1991,5,8,128,20,42.0095,-70.5375,6,2,4,6,0,"MA",0.013
"2263",514,"199191.9260.10","MA",1991,5,8,128,20,42.0507,-70.633,22,8,14,12,10,"MA",0.013
"2264",514,"199191.9270.11","MA",1991,5,8,128,20,42.1197,-70.5668,2,0,2,1,1,"MA",0.013
"2265",514,"199191.9250.12","MA",1991,5,8,128,20,42.1447,-70.684,87,37,50,44,43,"MA",0.013
"2266",514,"199191.9320.13","MA",1991,5,8,128,20,42.3003,-70.8437,56,25,31,32,24,"MA",0.013
"2267",514,"199191.9330.14","MA",1991,5,9,129,20,42.3087,-70.8023,39,16,23,30,9,"MA",0.013
"2268",514,"199191.9340.15","MA",1991,5,9,129,20,42.3898,-70.8227,17,7,10,16,1,"MA",0.013
"2269",514,"199191.9310.16","MA",1991,5,9,129,20,42.4537,-70.917,11,4,7,8,3,"MA",0.013
"2270",514,"199191.9330.17","MA",1991,5,9,129,20,42.4522,-70.8815,14,5,9,12,2,"MA",0.013
"2271",514,"199191.9350.18","MA",1991,5,9,129,20,42.4858,-70.7617,9,3,6,9,0,"MA",0.013
"2272",514,"199191.9340.19","MA",1991,5,9,129,14,42.5473,-70.7178,2,1,1,2,0,"MA",0.013
"2273",514,"199191.9350.20","MA",1991,5,9,129,20,42.5903,-70.5783,4,1,3,4,0,"MA",0.013
"2274",514,"199191.9360.21","MA",1991,5,9,129,20,42.5663,-70.5995,1,0,1,1,0,"MA",0.013
"2275",514,"199191.9360.22","MA",1991,5,10,130,20,42.6257,-70.531,8,5,3,8,0,"MA",0.013
"2276",514,"199191.9360.23","MA",1991,5,10,130,20,42.71,-70.5615,10,6,4,9,1,"MA",0.013
"2277",514,"199191.9350.24","MA",1991,5,10,130,20,42.7293,-70.6343,1,1,0,1,0,"MA",0.013
"2278",514,"199191.9310.25","MA",1991,5,10,130,20,42.6782,-70.7128,3,1,2,2,1,"MA",0.013
"2279",514,"199191.9310.26","MA",1991,5,10,130,20,42.711,-70.7522,2,1,1,1,1,"MA",0.013
"2280",514,"199191.9320.27","MA",1991,5,10,130,16,42.7408,-70.764,2,2,0,2,0,"MA",0.013
"2281",514,"199191.9330.28","MA",1991,5,10,130,20,42.796,-70.7625,1,0,1,1,0,"MA",0.013
"2282",513,"199191.9340.29","MA",1991,5,10,130,20,42.8368,-70.7505,0,0,0,0,0,"MA",0.013
"2283",514,"199191.9330.30","MA",1991,5,10,130,20,42.7048,-70.7015,1,0,1,0,1,"MA",0.013
"2284",514,"199191.9360.31","MA",1991,5,11,131,20,42.4937,-70.6242,5,2,3,5,0,"MA",0.013
"2285",514,"199191.9360.32","MA",1991,5,11,131,20,42.4782,-70.6333,4,0,4,4,0,"MA",0.013
"2286",514,"199191.9350.33","MA",1991,5,11,131,15,42.4573,-70.7133,4,3,1,4,0,"MA",0.013
"2287",514,"199191.9350.34","MA",1991,5,11,131,16,42.377,-70.6977,5,3,2,5,0,"MA",0.013
"2288",514,"199191.9290.35","MA",1991,5,11,131,20,42.0538,-70.4848,5,2,3,4,1,"MA",0.013
"2289",514,"199191.9280.36","MA",1991,5,12,132,20,41.9413,-70.1943,0,0,0,0,0,"MA",0.013
"2290",514,"199191.9270.37","MA",1991,5,12,132,20,41.986,-70.1368,1,0,1,1,0,"MA",0.013
"2291",514,"199191.9260.38","MA",1991,5,12,132,17,41.9837,-70.1053,13,4,9,12,1,"MA",0.013
"2292",514,"199191.9270.39","MA",1991,5,12,132,20,41.9057,-70.164,0,0,0,0,0,"MA",0.013
"2293",514,"199191.9260.40","MA",1991,5,12,132,20,41.8847,-70.1457,2,0,2,2,0,"MA",0.013
"2294",514,"199191.9250.41","MA",1991,5,12,132,20,41.848,-70.1527,1,0,1,0,1,"MA",0.013
"2295",514,"199191.9250.42","MA",1991,5,12,132,20,41.745,-70.3495,3,0,3,2,1,"MA",0.013
"2296",514,"199191.9260.43","MA",1991,5,12,132,20,41.7557,-70.3555,11,7,4,7,4,"MA",0.013
"2297",514,"199191.9290.44","MA",1991,5,13,133,20,42.048,-70.3883,3,1,2,2,1,"MA",0.013
"2298",514,"199191.9300.45","MA",1991,5,13,133,20,42.1152,-70.3953,0,0,0,0,0,"MA",0.013
"2299",514,"199191.9210.46","MA",1991,5,13,133,20,42.1082,-70.2253,1,1,0,1,0,"MA",0.013
"2300",514,"199191.9300.47","MA",1991,5,13,133,20,42.0498,-70.2755,2,2,0,2,0,"MA",0.013
"2301",514,"199191.9290.48","MA",1991,5,13,133,20,41.976,-70.3227,6,1,5,6,0,"MA",0.013
"2302",514,"199191.9200.49","MA",1991,5,14,134,20,42.1018,-70.1637,1,1,0,1,0,"MA",0.013
"2303",514,"199191.9170.50","MA",1991,5,14,134,20,42.0455,-70.0583,0,0,0,0,0,"MA",0.013
"2304",514,"199191.9180.51","MA",1991,5,14,134,20,42.0283,-70.0305,1,0,1,1,0,"MA",0.013
"2305",514,"199191.9210.52","MA",1991,5,14,134,20,42.081,-70.0268,0,0,0,0,0,"MA",0.013
"2306",514,"199191.9180.53","MA",1991,5,14,134,20,42.0887,-70.1453,3,3,0,3,0,"MA",0.013
"2307",521,"199191.9170.54","MA",1991,5,15,135,20,41.8748,-69.9475,5,1,4,0,5,"MA",0.013
"2308",521,"199191.9190.55","MA",1991,5,15,135,20,41.821,-69.9135,4,2,2,3,1,"MA",0.013
"2309",521,"199191.9200.56","MA",1991,5,15,135,20,41.797,-69.8813,0,0,0,0,0,"MA",0.013
"2310",514,"199291.9260.12","MA",1992,5,9,130,20,41.7702,-70.4305,10,4,6,6,4,"MA",0.013
"2311",514,"199291.9270.13","MA",1992,5,9,130,20,41.8053,-70.3327,6,3,3,4,2,"MA",0.013
"2312",514,"199291.9260.14","MA",1992,5,9,130,20,41.7562,-70.297,4,2,2,3,1,"MA",0.013
"2313",514,"199291.9260.15","MA",1992,5,9,130,20,41.8542,-70.1717,2,1,1,2,0,"MA",0.013
"2314",514,"199291.9260.16","MA",1992,5,9,130,20,41.9002,-70.1428,1,0,1,1,0,"MA",0.013
"2315",514,"199291.9270.17","MA",1992,5,9,130,20,41.884,-70.1782,0,0,0,0,0,"MA",0.013
"2316",514,"199291.9280.18","MA",1992,5,9,130,20,41.9013,-70.2105,2,1,1,2,0,"MA",0.013
"2317",514,"199291.9250.19","MA",1992,5,10,131,20,41.82,-70.5307,7,4,3,3,4,"MA",0.013
"2318",514,"199291.9250.20","MA",1992,5,10,131,20,41.979,-70.5985,33,12,21,23,10,"MA",0.013
"2319",514,"199291.9270.21","MA",1992,5,10,131,20,42.0572,-70.568,19,6,13,18,1,"MA",0.013
"2320",514,"199291.9260.22","MA",1992,5,10,131,13,42.0577,-70.6295,8,4,4,8,0,"MA",0.013
"2321",514,"199291.9310.23","MA",1992,5,10,131,13,42.2853,-70.8605,37,13,24,4,33,"MA",0.013
"2322",514,"199291.9340.24","MA",1992,5,11,132,13,42.3858,-70.8252,60,18,42,56,4,"MA",0.013
"2323",514,"199291.9320.25","MA",1992,5,11,132,13,42.412,-70.9418,134,69,65,84,50,"MA",0.013
"2324",514,"199291.9320.26","MA",1992,5,11,132,13,42.446,-70.9135,64,28,36,43,21,"MA",0.013
"2325",514,"199291.9330.27","MA",1992,5,11,132,20,42.4427,-70.8922,7,4,3,5,2,"MA",0.013
"2326",514,"199291.9350.28","MA",1992,5,12,133,20,42.5788,-70.5963,8,5,3,8,0,"MA",0.013
"2327",514,"199291.9360.29","MA",1992,5,12,133,20,42.6205,-70.5385,1,0,1,1,0,"MA",0.013
"2328",514,"199291.9340.30","MA",1992,5,12,133,20,42.6507,-70.5715,0,0,0,0,0,"MA",0.013
"2329",514,"199291.9360.31","MA",1992,5,12,133,20,42.7098,-70.5455,8,5,3,8,0,"MA",0.013
"2330",514,"199291.9350.32","MA",1992,5,12,133,20,42.7185,-70.6198,2,1,1,2,0,"MA",0.013
"2331",514,"199291.9330.33","MA",1992,5,12,133,20,42.6947,-70.6953,4,2,2,3,1,"MA",0.013
"2332",514,"199291.9310.34","MA",1992,5,12,133,20,42.7293,-70.7625,2,1,1,2,0,"MA",0.013
"2333",514,"199291.9310.35","MA",1992,5,12,133,20,42.7693,-70.7933,1,0,1,1,0,"MA",0.013
"2334",514,"199291.9320.36","MA",1992,5,12,133,20,42.7697,-70.7768,7,1,6,7,0,"MA",0.013
"2335",514,"199291.9340.37","MA",1992,5,13,134,13,42.5428,-70.7385,2,1,1,2,0,"MA",0.013
"2336",514,"199291.9350.38","MA",1992,5,13,134,20,42.5062,-70.7205,4,0,4,4,0,"MA",0.013
"2337",514,"199291.9360.39","MA",1992,5,13,134,20,42.4677,-70.6443,7,2,5,7,0,"MA",0.013
"2338",514,"199291.9290.40","MA",1992,5,13,134,20,42.107,-70.4557,7,3,4,7,0,"MA",0.013
"2339",514,"199291.9300.41","MA",1992,5,13,134,20,42.095,-70.4077,0,0,0,0,0,"MA",0.013
"2340",514,"199291.9290.42","MA",1992,5,13,134,20,42.0103,-70.4503,7,3,4,7,0,"MA",0.013
"2341",514,"199291.9280.43","MA",1992,5,13,134,20,41.9032,-70.4298,23,9,14,19,4,"MA",0.013
"2342",514,"199291.9280.44","MA",1992,5,14,135,20,41.8862,-70.3732,49,15,34,43,6,"MA",0.013
"2343",514,"199291.9280.45","MA",1992,5,14,135,20,41.885,-70.2847,6,2,4,6,0,"MA",0.013
"2344",514,"199291.9280.46","MA",1992,5,14,135,20,41.9193,-70.2747,3,2,1,3,0,"MA",0.013
"2345",514,"199291.9250.47","MA",1992,5,14,135,20,41.9393,-70.0963,1,1,0,1,0,"MA",0.013
"2346",514,"199291.9270.48","MA",1992,5,14,135,20,42.0002,-70.1545,7,1,6,7,0,"MA",0.013
"2347",514,"199291.9290.49","MA",1992,5,14,135,20,42.0163,-70.2362,7,1,6,7,0,"MA",0.013
"2348",514,"199291.9290.50","MA",1992,5,14,135,20,42.0377,-70.3172,3,1,2,3,0,"MA",0.013
"2349",514,"199291.9290.51","MA",1992,5,14,135,20,41.9723,-70.4288,10,6,4,9,1,"MA",0.013
"2350",514,"199291.9300.52","MA",1992,5,15,136,20,42.0822,-70.3095,5,1,4,5,0,"MA",0.013
"2351",514,"199291.9210.53","MA",1992,5,15,136,20,42.1135,-70.2228,0,0,0,0,0,"MA",0.013
"2352",514,"199291.9200.54","MA",1992,5,15,136,20,42.1005,-70.1588,1,1,0,1,0,"MA",0.013
"2353",514,"199291.9170.55","MA",1992,5,15,136,20,42.0847,-70.1382,3,3,0,3,0,"MA",0.013
"2354",514,"199291.9210.56","MA",1992,5,15,136,20,42.0823,-70.028,0,0,0,0,0,"MA",0.013
"2355",514,"199291.9200.57","MA",1992,5,15,136,20,42.0587,-70.0222,0,0,0,0,0,"MA",0.013
"2356",514,"199291.9170.58","MA",1992,5,15,136,20,41.9958,-70.0082,0,0,0,0,0,"MA",0.013
"2357",521,"199291.9190.59","MA",1992,5,15,136,13,41.9283,-69.9437,0,0,0,0,0,"MA",0.013
"2358",521,"199291.9180.60","MA",1992,5,15,136,20,41.8833,-69.9468,1,0,1,1,0,"MA",0.013
"2359",521,"199291.9180.61","MA",1992,5,16,137,17,41.6448,-69.9123,4,2,2,3,1,"MA",0.013
"2360",521,"199291.9180.62","MA",1992,5,16,137,20,41.3712,-69.9622,0,0,0,0,0,"MA",0.013
"2361",521,"199291.9170.63","MA",1992,5,16,137,20,41.355,-69.9778,0,0,0,0,0,"MA",0.013
"2362",514,"199391.9270.1","MA",1993,5,5,125,20,41.887,-70.4852,15,7,8,8,7,"MA",0.013
"2363",514,"199391.9280.2","MA",1993,5,5,125,20,41.9357,-70.467,19,4,15,17,2,"MA",0.013
"2364",514,"199391.9250.3","MA",1993,5,5,125,20,41.9783,-70.6078,11,4,7,6,5,"MA",0.013
"2365",514,"199391.9260.4","MA",1993,5,5,125,20,42.1477,-70.6822,57,22,35,30,27,"MA",0.013
"2366",514,"199391.9310.5","MA",1993,5,5,125,13,42.2927,-70.8647,65,29,36,22,43,"MA",0.013
"2367",514,"199391.9320.6","MA",1993,5,6,126,20,42.4112,-70.9315,163,58,105,80,83,"MA",0.013
"2368",514,"199391.9330.7","MA",1993,5,6,126,20,42.446,-70.904,77,30,47,49,28,"MA",0.013
"2369",514,"199391.9320.8","MA",1993,5,6,126,20,42.4543,-70.911,41,16,25,20,21,"MA",0.013
"2370",514,"199391.9340.9","MA",1993,5,6,126,20,42.4482,-70.8482,49,17,32,39,10,"MA",0.013
"2371",514,"199391.9350.10","MA",1993,5,6,126,15,42.4803,-70.7358,4,2,2,4,0,"MA",0.013
"2372",514,"199391.9340.11","MA",1993,5,6,126,20,42.5482,-70.7217,14,8,6,13,1,"MA",0.013
"2373",514,"199391.9350.12","MA",1993,5,7,127,20,42.5878,-70.5788,9,6,3,9,0,"MA",0.013
"2374",514,"199391.9360.13","MA",1993,5,7,127,20,42.713,-70.5612,4,2,2,4,0,"MA",0.013
"2375",514,"199391.9340.14","MA",1993,5,7,127,20,42.7022,-70.6657,7,2,5,6,1,"MA",0.013
"2376",514,"199391.9310.15","MA",1993,5,7,127,20,42.6923,-70.7318,5,0,5,4,1,"MA",0.013
"2377",514,"199391.9330.16","MA",1993,5,7,127,20,42.7738,-70.7662,1,1,0,1,0,"MA",0.013
"2378",514,"199391.9320.17","MA",1993,5,7,127,20,42.7008,-70.7205,14,6,8,13,1,"MA",0.013
"2379",514,"199391.9350.18","MA",1993,5,8,128,20,42.5093,-70.716,1,0,1,1,0,"MA",0.013
"2380",514,"199391.9360.19","MA",1993,5,8,128,20,42.421,-70.6505,5,1,4,5,0,"MA",0.013
"2381",514,"199391.9360.20","MA",1993,5,8,128,20,42.4682,-70.6428,4,0,4,4,0,"MA",0.013
"2382",514,"199391.9250.21","MA",1993,5,9,129,20,41.7442,-70.3432,20,13,7,17,3,"MA",0.013
"2383",514,"199391.9260.22","MA",1993,5,9,129,20,41.7662,-70.3492,5,1,4,4,1,"MA",0.013
"2384",514,"199391.9270.23","MA",1993,5,9,129,20,41.817,-70.3093,11,6,5,10,1,"MA",0.013
"2385",514,"199391.9290.24","MA",1993,5,9,129,20,41.9577,-70.3985,12,4,8,11,1,"MA",0.013
"2386",514,"199391.9290.25","MA",1993,5,9,129,20,42.028,-70.4177,1,1,0,1,0,"MA",0.013
"2387",514,"199391.9300.26","MA",1993,5,9,129,20,42.081,-70.3985,6,2,4,6,0,"MA",0.013
"2388",514,"199391.9280.27","MA",1993,5,9,129,20,41.9957,-70.5287,10,5,5,7,3,"MA",0.013
"2389",514,"199391.9260.28","MA",1993,5,10,130,20,41.7935,-70.2275,4,3,1,4,0,"MA",0.013
"2390",514,"199391.9260.29","MA",1993,5,10,130,20,41.8357,-70.1937,2,0,2,2,0,"MA",0.013
"2391",514,"199391.9270.30","MA",1993,5,10,130,20,41.9183,-70.1573,1,1,0,1,0,"MA",0.013
"2392",514,"199391.9250.31","MA",1993,5,10,130,20,41.9467,-70.0947,0,0,0,0,0,"MA",0.013
"2393",514,"199391.9290.32","MA",1993,5,10,130,20,41.9982,-70.2295,1,0,1,1,0,"MA",0.013
"2394",514,"199391.9280.33","MA",1993,5,10,130,20,41.907,-70.2922,1,0,1,1,0,"MA",0.013
"2395",514,"199391.9300.34","MA",1993,5,11,131,20,42.0845,-70.3118,1,0,1,0,1,"MA",0.013
"2396",514,"199391.9200.35","MA",1993,5,11,131,20,42.1023,-70.1578,5,4,1,5,0,"MA",0.013
"2397",514,"199391.9170.36","MA",1993,5,11,131,20,42.0845,-70.1422,5,4,1,4,1,"MA",0.013
"2398",514,"199391.9210.37","MA",1993,5,11,131,20,42.0817,-70.0443,2,1,1,2,0,"MA",0.013
"2399",514,"199391.9210.38","MA",1993,5,11,131,20,42.1058,-70.2333,2,0,2,0,2,"MA",0.013
"2400",514,"199391.9210.39","MA",1993,5,11,131,20,42.1015,-70.218,2,1,1,2,0,"MA",0.013
"2401",514,"199391.9180.40","MA",1993,5,12,132,20,41.9922,-70.0017,7,2,5,7,0,"MA",0.013
"2402",521,"199391.9170.41","MA",1993,5,12,132,13,41.9575,-69.983,6,6,0,0,6,"MA",0.013
"2403",521,"199391.9190.42","MA",1993,5,12,132,20,41.8245,-69.913,1,0,1,0,1,"MA",0.013
"2404",521,"199391.9210.43","MA",1993,5,12,132,20,41.8317,-69.8668,1,0,1,1,0,"MA",0.013
"2405",521,"199391.9200.44","MA",1993,5,12,132,20,41.786,-69.8763,0,0,0,0,0,"MA",0.013
"2406",521,"199391.9180.64","MA",1993,5,15,135,20,41.364,-69.9535,1,1,0,1,0,"MA",0.013
"2407",514,"199491.9260.1","MA",1994,5,10,130,20,41.7618,-70.3788,11,3,8,7,4,"MA",0.013
"2408",514,"199491.9270.2","MA",1994,5,10,130,20,41.792,-70.3813,14,5,9,9,5,"MA",0.013
"2409",514,"199491.9260.3","MA",1994,5,10,130,20,41.7708,-70.3243,6,5,1,5,1,"MA",0.013
"2410",514,"199491.9280.4","MA",1994,5,10,130,20,41.8728,-70.3465,6,2,4,4,2,"MA",0.013
"2411",514,"199491.9280.5","MA",1994,5,10,130,20,41.9048,-70.4405,5,4,1,5,0,"MA",0.013
"2412",514,"199491.9250.6","MA",1994,5,11,131,20,41.8322,-70.513,18,13,5,10,8,"MA",0.013
"2413",514,"199491.9250.7","MA",1994,5,11,131,20,41.9757,-70.6017,39,18,21,28,11,"MA",0.013
"2414",514,"199491.9280.8","MA",1994,5,11,131,20,41.9755,-70.5158,22,12,10,17,5,"MA",0.013
"2415",514,"199491.9270.9","MA",1994,5,11,131,20,42.0398,-70.5727,30,16,14,25,5,"MA",0.013
"2416",514,"199491.9310.10","MA",1994,5,11,131,13,42.2902,-70.864,306,142,164,103,203,"MA",0.013
"2417",514,"199491.9320.11","MA",1994,5,12,132,17,42.3035,-70.832,179,97,82,103,76,"MA",0.013
"2418",514,"199491.9340.12","MA",1994,5,12,132,20,42.3847,-70.8238,125,69,56,112,13,"MA",0.013
"2419",514,"199491.9320.13","MA",1994,5,12,132,14,42.4517,-70.909,87,41,46,52,35,"MA",0.013
"2420",514,"199491.9350.15","MA",1994,5,12,132,20,42.5225,-70.7192,1,0,1,1,0,"MA",0.013
"2421",514,"199491.9350.16","MA",1994,5,13,133,20,42.5883,-70.5835,5,1,4,4,1,"MA",0.013
"2422",514,"199491.9360.17","MA",1994,5,14,134,15,42.7017,-70.545,4,1,3,4,0,"MA",0.013
"2423",514,"199491.9330.18","MA",1994,5,14,134,20,42.7457,-70.7413,2,0,2,2,0,"MA",0.013
"2424",514,"199491.9310.19","MA",1994,5,14,134,20,42.7247,-70.7672,1,0,1,1,0,"MA",0.013
"2425",514,"199491.9330.20","MA",1994,5,14,134,20,42.704,-70.6957,2,1,1,1,1,"MA",0.013
"2426",514,"199491.9340.21","MA",1994,5,14,134,20,42.718,-70.6605,1,0,1,1,0,"MA",0.013
"2427",514,"199491.9360.22","MA",1994,5,14,134,20,42.7297,-70.6063,2,1,1,2,0,"MA",0.013
"2428",514,"199491.9270.23","MA",1994,5,15,135,20,41.8482,-70.264,10,3,7,8,2,"MA",0.013
"2429",514,"199491.9260.24","MA",1994,5,15,135,20,41.8628,-70.1857,3,0,3,3,0,"MA",0.013
"2430",514,"199491.9280.25","MA",1994,5,15,135,20,41.9325,-70.2112,3,1,2,3,0,"MA",0.013
"2431",514,"199491.9270.26","MA",1994,5,15,135,20,41.9112,-70.157,3,1,2,3,0,"MA",0.013
"2432",514,"199491.9260.27","MA",1994,5,15,135,20,41.9005,-70.1398,4,0,4,4,0,"MA",0.013
"2433",514,"199491.9250.28","MA",1994,5,15,135,20,41.8827,-70.1138,1,1,0,1,0,"MA",0.013
"2434",514,"199491.9280.29","MA",1994,5,15,135,20,41.9382,-70.2533,3,1,2,1,2,"MA",0.013
"2435",514,"199491.9290.30","MA",1994,5,16,136,20,41.9353,-70.3815,9,1,8,9,0,"MA",0.013
"2436",514,"199491.9290.31","MA",1994,5,16,136,20,42.0155,-70.4242,9,1,8,7,2,"MA",0.013
"2437",514,"199491.9290.32","MA",1994,5,16,136,20,42.0288,-70.3118,9,1,8,8,1,"MA",0.013
"2438",514,"199491.9300.33","MA",1994,5,16,136,20,42.0705,-70.3182,2,0,2,1,1,"MA",0.013
"2439",514,"199491.9290.34","MA",1994,5,16,136,20,41.9848,-70.31,3,1,2,3,0,"MA",0.013
"2440",521,"199491.9170.66","MA",1994,5,22,142,20,41.4017,-69.9788,0,0,0,0,0,"MA",0.013
"2441",521,"199491.9170.67","MA",1994,5,22,142,20,41.3705,-69.9902,0,0,0,0,0,"MA",0.013
"2442",521,"199491.9180.68","MA",1994,5,22,142,20,41.3683,-69.9608,0,0,0,0,0,"MA",0.013
"2443",521,"199491.9180.80","MA",1994,5,24,144,18,41.7462,-69.9177,4,0,4,1,3,"MA",0.013
"2444",521,"199491.9200.81","MA",1994,5,24,144,20,41.7957,-69.8783,0,0,0,0,0,"MA",0.013
"2445",521,"199491.9180.82","MA",1994,5,24,144,20,41.8268,-69.9248,5,1,4,4,1,"MA",0.013
"2446",521,"199491.9170.83","MA",1994,5,24,144,20,41.881,-69.9518,2,1,1,1,1,"MA",0.013
"2447",514,"199491.9300.84","MA",1994,5,25,145,20,42.0503,-70.2808,2,1,1,2,0,"MA",0.013
"2448",514,"199491.9210.85","MA",1994,5,25,145,20,42.0945,-70.2247,5,2,3,5,0,"MA",0.013
"2449",514,"199491.9210.86","MA",1994,5,25,145,20,42.0773,-70.0252,0,0,0,0,0,"MA",0.013
"2450",514,"199491.9190.87","MA",1994,5,25,145,13,42.0323,-70.0187,0,0,0,0,0,"MA",0.013
"2451",514,"199491.9200.88","MA",1994,5,25,145,20,42.1003,-70.1453,1,1,0,1,0,"MA",0.013
"2452",514,"199591.9260.1","MA",1995,5,9,129,20,41.7637,-70.3887,5,1,4,2,3,"MA",0.013
"2453",514,"199591.9260.2","MA",1995,5,9,129,20,41.7988,-70.2322,2,0,2,2,0,"MA",0.013
"2454",514,"199591.9270.3","MA",1995,5,9,129,20,41.8348,-70.3127,9,3,6,7,2,"MA",0.013
"2455",514,"199591.9280.4","MA",1995,5,9,129,20,41.883,-70.3292,1,0,1,1,0,"MA",0.013
"2456",514,"199591.9280.5","MA",1995,5,9,129,20,41.9168,-70.2775,6,2,4,6,0,"MA",0.013
"2457",514,"199591.9270.6","MA",1995,5,9,129,20,41.8437,-70.4297,14,5,9,10,4,"MA",0.013
"2458",514,"199591.9250.7","MA",1995,5,10,130,20,41.8337,-70.5115,3,2,1,2,1,"MA",0.013
"2459",514,"199591.9280.8","MA",1995,5,10,130,20,41.9553,-70.4718,19,7,12,14,5,"MA",0.013
"2460",514,"199591.9260.9","MA",1995,5,10,130,20,41.9772,-70.5822,17,8,9,11,6,"MA",0.013
"2461",514,"199591.9250.10","MA",1995,5,10,130,20,41.9717,-70.6035,14,8,6,6,8,"MA",0.013
"2462",514,"199591.9270.11","MA",1995,5,10,130,20,42.0438,-70.5678,29,18,11,21,8,"MA",0.013
"2463",514,"199591.9280.12","MA",1995,5,10,130,20,42.0955,-70.5423,6,3,3,6,0,"MA",0.013
"2464",514,"199591.9310.13","MA",1995,5,10,130,13,42.2903,-70.8668,295,136,159,42,253,"MA",0.013
"2465",514,"199591.9320.14","MA",1995,5,10,130,13,42.2997,-70.8467,202,106,96,92,110,"MA",0.013
"2466",514,"199591.9330.15","MA",1995,5,11,131,13.5,42.3883,-70.8237,65,33,32,63,2,"MA",0.013
"2467",514,"199591.9320.16","MA",1995,5,11,131,20,42.4522,-70.906,21,10,11,15,6,"MA",0.013
"2468",514,"199591.9340.17","MA",1995,5,11,131,20,42.4373,-70.8652,48,14,34,37,11,"MA",0.013
"2469",514,"199591.9350.18","MA",1995,5,11,131,20,42.5175,-70.7212,6,2,4,6,0,"MA",0.013
"2470",514,"199591.9340.19","MA",1995,5,11,131,14,42.5458,-70.7197,11,1,10,8,3,"MA",0.013
"2471",514,"199591.9350.20","MA",1995,5,12,132,20,42.5848,-70.59,10,1,9,9,1,"MA",0.013
"2472",514,"199591.9360.21","MA",1995,5,12,132,20,42.6243,-70.535,9,2,7,7,2,"MA",0.013
"2473",514,"199591.9350.22","MA",1995,5,12,132,13,42.7023,-70.5897,22,10,12,20,2,"MA",0.013
"2474",514,"199591.9350.23","MA",1995,5,12,132,20,42.7285,-70.6418,3,0,3,3,0,"MA",0.013
"2475",514,"199591.9340.24","MA",1995,5,12,132,20,42.8293,-70.7597,1,1,0,1,0,"MA",0.013
"2476",514,"199591.9330.25","MA",1995,5,12,132,20,42.7858,-70.7642,1,1,0,1,0,"MA",0.013
"2477",514,"199591.9320.26","MA",1995,5,12,132,20,42.7723,-70.7835,7,2,5,7,0,"MA",0.013
"2478",514,"199591.9310.27","MA",1995,5,12,132,20,42.763,-70.7907,21,8,13,3,18,"MA",0.013
"2479",514,"199591.9310.28","MA",1995,5,12,132,20,42.7293,-70.7737,3,2,1,0,3,"MA",0.013
"2480",514,"199591.9330.29","MA",1995,5,12,132,20,42.7018,-70.7065,5,0,5,4,1,"MA",0.013
"2481",514,"199591.9350.30","MA",1995,5,13,133,20,42.533,-70.6697,8,4,4,8,0,"MA",0.013
"2482",514,"199591.9360.31","MA",1995,5,13,133,20,42.4553,-70.6473,3,0,3,3,0,"MA",0.013
"2483",514,"199591.9260.32","MA",1995,5,14,134,20,41.8632,-70.1817,1,1,0,1,0,"MA",0.013
"2484",514,"199591.9250.33","MA",1995,5,14,134,20,41.9012,-70.1055,0,0,0,0,0,"MA",0.013
"2485",514,"199591.9290.34","MA",1995,5,14,134,20,41.9937,-70.2558,10,2,8,10,0,"MA",0.013
"2486",514,"199591.9290.35","MA",1995,5,14,134,13,41.982,-70.3103,1,0,1,1,0,"MA",0.013
"2487",514,"199591.9290.36","MA",1995,5,14,134,20,42.0245,-70.4255,2,1,1,2,0,"MA",0.013
"2488",514,"199591.9290.37","MA",1995,5,14,134,20,41.9677,-70.4097,10,6,4,9,1,"MA",0.013
"2489",514,"199591.9290.38","MA",1995,5,15,135,20,41.935,-70.4032,10,2,8,10,0,"MA",0.013
"2490",514,"199591.9280.39","MA",1995,5,15,135,20,41.9467,-70.2392,4,2,2,4,0,"MA",0.013
"2491",514,"199591.9270.40","MA",1995,5,15,135,20,42.0075,-70.1468,2,0,2,2,0,"MA",0.013
"2492",514,"199591.9260.41","MA",1995,5,15,135,20,41.9858,-70.113,0,0,0,0,0,"MA",0.013
"2493",514,"199591.9270.42","MA",1995,5,15,135,13,41.9733,-70.1383,14,6,8,12,2,"MA",0.013
"2494",514,"199591.9300.43","MA",1995,5,15,135,20,42.061,-70.328,8,3,5,8,0,"MA",0.013
"2495",514,"199591.9300.44","MA",1995,5,16,136,20,42.1027,-70.2838,0,0,0,0,0,"MA",0.013
"2496",514,"199591.9210.45","MA",1995,5,16,136,13,42.0968,-70.1997,5,4,1,5,0,"MA",0.013
"2497",514,"199591.9200.46","MA",1995,5,16,136,20,42.102,-70.1715,0,0,0,0,0,"MA",0.013
"2498",514,"199591.9170.47","MA",1995,5,16,136,20,42.0893,-70.1745,0,0,0,0,0,"MA",0.013
"2499",514,"199591.9180.48","MA",1995,5,16,136,20,42.0275,-70.026,0,0,0,0,0,"MA",0.013
"2500",514,"199591.9170.49","MA",1995,5,16,136,20,42.0555,-70.0732,0,0,0,0,0,"MA",0.013
"2501",514,"199591.9200.50","MA",1995,5,16,136,13,42.0678,-70.0293,0,0,0,0,0,"MA",0.013
"2502",521,"199591.9180.52","MA",1995,5,17,137,20,41.985,-69.9908,3,0,3,3,0,"MA",0.013
"2503",521,"199591.9190.53","MA",1995,5,17,137,20,41.9668,-69.9687,1,1,0,1,0,"MA",0.013
"2504",521,"199591.9170.75","MA",1995,5,21,141,20,41.3707,-69.9832,0,0,0,0,0,"MA",0.013
"2505",514,"199691.9250.1","MA",1996,5,7,128,20,41.8282,-70.5183,3,0,3,2,1,"MA",0.013
"2506",514,"199691.9280.2","MA",1996,5,7,128,20,41.8865,-70.4107,20,6,14,18,2,"MA",0.013
"2507",514,"199691.9290.3","MA",1996,5,7,128,20,41.9367,-70.4067,4,3,1,4,0,"MA",0.013
"2508",514,"199691.9290.4","MA",1996,5,7,128,20,41.9562,-70.3498,7,2,5,7,0,"MA",0.013
"2509",514,"199691.9280.5","MA",1996,5,7,128,20,41.9158,-70.3332,4,2,2,4,0,"MA",0.013
"2510",514,"199691.9270.6","MA",1996,5,8,129,20,41.8897,-70.482,18,10,8,14,4,"MA",0.013
"2511",514,"199691.9260.7","MA",1996,5,8,129,20,41.975,-70.5817,5,2,3,4,1,"MA",0.013
"2512",514,"199691.9270.8","MA",1996,5,8,129,20,42.0417,-70.57,18,8,10,12,6,"MA",0.013
"2513",514,"199691.9250.9","MA",1996,5,8,129,20,42.0533,-70.635,60,24,36,19,41,"MA",0.013
"2514",514,"199691.9260.10","MA",1996,5,8,129,20,42.1495,-70.6828,58,24,34,28,30,"MA",0.013
"2515",514,"199691.9310.11","MA",1996,5,8,129,13,42.2917,-70.865,48,24,24,22,26,"MA",0.013
"2516",514,"199691.9320.12","MA",1996,5,8,129,13,42.3032,-70.8377,40,19,21,24,16,"MA",0.013
"2517",514,"199691.9340.13","MA",1996,5,9,130,13,42.3915,-70.829,44,29,15,40,4,"MA",0.013
"2518",514,"199691.9320.14","MA",1996,5,9,130,17,42.4428,-70.9125,38,15,23,15,23,"MA",0.013
"2519",514,"199691.9330.15","MA",1996,5,9,130,20,42.4425,-70.8925,27,11,16,21,6,"MA",0.013
"2520",514,"199691.9340.16","MA",1996,5,9,130,20,42.4405,-70.863,15,7,8,12,3,"MA",0.013
"2521",514,"199691.9360.17","MA",1996,5,9,130,20,42.4693,-70.646,8,3,5,8,0,"MA",0.013
"2522",514,"199691.9350.18","MA",1996,5,9,130,20,42.5175,-70.7232,1,1,0,1,0,"MA",0.013
"2523",514,"199691.9350.19","MA",1996,5,9,130,20,42.576,-70.6137,4,0,4,4,0,"MA",0.013
"2524",514,"199691.9350.20","MA",1996,5,10,131,20,42.5852,-70.5878,4,2,2,4,0,"MA",0.013
"2525",514,"199691.9360.21","MA",1996,5,10,131,20,42.7327,-70.6097,3,0,3,3,0,"MA",0.013
"2526",514,"199691.9330.22","MA",1996,5,10,131,20,42.717,-70.7177,1,0,1,1,0,"MA",0.013
"2527",514,"199691.9330.23","MA",1996,5,10,131,20,42.7668,-70.7457,2,1,1,2,0,"MA",0.013
"2528",513,"199691.9340.24","MA",1996,5,10,131,17,42.839,-70.752,0,0,0,0,0,"MA",0.013
"2529",514,"199691.9310.25","MA",1996,5,10,131,20,42.7722,-70.7947,3,2,1,2,1,"MA",0.013
"2530",514,"199691.9320.26","MA",1996,5,10,131,16,42.7847,-70.7935,2,0,2,1,1,"MA",0.013
"2531",514,"199691.9310.27","MA",1996,5,10,131,20,42.7137,-70.754,1,0,1,1,0,"MA",0.013
"2532",514,"199691.9350.28","MA",1996,5,10,131,20,42.7325,-70.6672,1,0,1,1,0,"MA",0.013
"2533",514,"199691.9350.29","MA",1996,5,11,132,20,42.5292,-70.6725,10,9,1,10,0,"MA",0.013
"2534",514,"199691.9350.30","MA",1996,5,11,132,20,42.3822,-70.7028,4,3,1,3,1,"MA",0.013
"2535",514,"199691.9270.31","MA",1996,5,11,132,20,42.1195,-70.5697,3,1,2,3,0,"MA",0.013
"2536",514,"199691.9280.32","MA",1996,5,11,132,20,42.0858,-70.5478,5,2,3,5,0,"MA",0.013
"2537",514,"199691.9290.33","MA",1996,5,11,132,20,42.1155,-70.4937,6,4,2,6,0,"MA",0.013
"2538",514,"199691.9300.34","MA",1996,5,11,132,20,42.1132,-70.396,0,0,0,0,0,"MA",0.013
"2539",514,"199691.9260.35","MA",1996,5,12,133,20,41.7587,-70.3798,3,1,2,3,0,"MA",0.013
"2540",514,"199691.9260.36","MA",1996,5,12,133,13,41.8448,-70.1837,0,0,0,0,0,"MA",0.013
"2541",514,"199691.9270.37","MA",1996,5,12,133,13,41.8762,-70.1885,4,0,4,4,0,"MA",0.013
"2542",514,"199691.9260.38","MA",1996,5,12,133,20,41.9173,-70.1223,1,1,0,1,0,"MA",0.013
"2543",514,"199691.9280.39","MA",1996,5,13,134,20,41.8923,-70.2263,0,0,0,0,0,"MA",0.013
"2544",514,"199691.9280.40","MA",1996,5,13,134,20,41.947,-70.1987,2,1,1,2,0,"MA",0.013
"2545",514,"199691.9270.41","MA",1996,5,13,134,20,41.9385,-70.139,2,0,2,2,0,"MA",0.013
"2546",514,"199691.9250.42","MA",1996,5,13,134,20,41.9422,-70.0993,1,0,1,1,0,"MA",0.013
"2547",514,"199691.9290.43","MA",1996,5,13,134,20,42.0125,-70.223,4,2,2,4,0,"MA",0.013
"2548",514,"199691.9300.44","MA",1996,5,13,134,20,42.0913,-70.297,2,1,1,2,0,"MA",0.013
"2549",514,"199691.9290.45","MA",1996,5,13,134,20,42.031,-70.3192,5,1,4,5,0,"MA",0.013
"2550",514,"199691.9210.46","MA",1996,5,14,135,20,42.1092,-70.2333,0,0,0,0,0,"MA",0.013
"2551",514,"199691.9200.47","MA",1996,5,14,135,20,42.1008,-70.1467,0,0,0,0,0,"MA",0.013
"2552",514,"199691.9180.48","MA",1996,5,14,135,20,42.0815,-70.1153,0,0,0,0,0,"MA",0.013
"2553",514,"199691.9210.49","MA",1996,5,14,135,20,42.083,-70.0368,0,0,0,0,0,"MA",0.013
"2554",514,"199691.9170.50","MA",1996,5,14,135,20,42.0562,-70.0713,0,0,0,0,0,"MA",0.013
"2555",521,"199691.9190.51","MA",1996,5,14,135,20,42.0008,-69.9895,1,1,0,1,0,"MA",0.013
"2556",521,"199691.9170.52","MA",1996,5,15,136,20,41.8658,-69.943,0,0,0,0,0,"MA",0.013
"2557",521,"199691.9190.53","MA",1996,5,15,136,20,41.8723,-69.9275,1,1,0,1,0,"MA",0.013
"2558",521,"199691.9180.54","MA",1996,5,15,136,20,41.8678,-69.9402,1,1,0,1,0,"MA",0.013
"2559",521,"199691.9200.55","MA",1996,5,15,136,20,41.8227,-69.8893,0,0,0,0,0,"MA",0.013
"2560",521,"199691.9180.56","MA",1996,5,15,136,20,41.6543,-69.906,0,0,0,0,0,"MA",0.013
"2561",521,"199691.9170.78","MA",1996,5,19,140,20,41.4017,-69.9805,0,0,0,0,0,"MA",0.013
"2562",521,"199691.9170.79","MA",1996,5,19,140,13,41.3448,-69.985,0,0,0,0,0,"MA",0.013
"2563",514,"199791.9270.1","MA",1997,5,6,126,20,41.7865,-70.3468,4,3,1,3,1,"MA",0.013
"2564",514,"199791.9260.2","MA",1997,5,6,126,20,41.7663,-70.3263,1,1,0,1,0,"MA",0.013
"2565",514,"199791.9260.3","MA",1997,5,6,126,20,41.8027,-70.2395,0,0,0,0,0,"MA",0.013
"2566",514,"199791.9270.4","MA",1997,5,6,126,20,41.8792,-70.1855,1,1,0,1,0,"MA",0.013
"2567",514,"199791.9270.5","MA",1997,5,6,126,20,41.846,-70.4205,15,7,8,13,2,"MA",0.013
"2568",514,"199791.9270.6","MA",1997,5,6,126,20,41.865,-70.4557,3,2,1,3,0,"MA",0.013
"2569",514,"199791.9250.7","MA",1997,5,7,127,20,41.8325,-70.5113,2,1,1,0,2,"MA",0.013
"2570",514,"199791.9280.8","MA",1997,5,7,127,20,41.9467,-70.4832,35,17,18,20,15,"MA",0.013
"2571",514,"199791.9250.9","MA",1997,5,7,127,20,42.038,-70.6238,8,3,5,2,6,"MA",0.013
"2572",514,"199791.9260.10","MA",1997,5,7,127,13,42.1422,-70.6795,7,6,1,2,5,"MA",0.013
"2573",514,"199791.9330.11","MA",1997,5,7,127,13,42.313,-70.7973,18,12,6,14,4,"MA",0.013
"2574",514,"199791.9320.12","MA",1997,5,8,128,20,42.301,-70.8423,24,11,13,17,7,"MA",0.013
"2575",514,"199791.9340.13","MA",1997,5,8,128,20,42.3023,-70.7133,25,0,25,23,2,"MA",0.013
"2576",514,"199791.9320.14","MA",1997,5,8,128,13,42.4502,-70.9088,2,1,1,0,2,"MA",0.013
"2577",514,"199791.9310.15","MA",1997,5,8,128,13,42.4532,-70.9198,1,0,1,0,1,"MA",0.013
"2578",514,"199791.9350.16","MA",1997,5,9,129,20,42.5948,-70.5778,21,10,11,20,1,"MA",0.013
"2579",514,"199791.9360.17","MA",1997,5,9,129,20,42.7153,-70.5642,20,8,12,18,2,"MA",0.013
"2580",514,"199791.9350.18","MA",1997,5,9,129,20,42.711,-70.6145,12,7,5,10,2,"MA",0.013
"2581",514,"199791.9340.19","MA",1997,5,9,129,17,42.7202,-70.6862,1,1,0,1,0,"MA",0.013
"2582",514,"199791.9350.20","MA",1997,5,9,129,20,42.7352,-70.6378,3,1,2,3,0,"MA",0.013
"2583",514,"199791.9330.21","MA",1997,5,9,129,20,42.7005,-70.6947,1,1,0,1,0,"MA",0.013
"2584",514,"199791.9310.22","MA",1997,5,9,129,20,42.6778,-70.6897,2,2,0,2,0,"MA",0.013
"2585",514,"199791.9320.23","MA",1997,5,9,129,20,42.7802,-70.786,1,0,1,0,1,"MA",0.013
"2586",514,"199791.9310.24","MA",1997,5,9,129,20,42.7608,-70.7885,2,0,2,2,0,"MA",0.013
"2587",514,"199791.9330.25","MA",1997,5,9,129,20,42.7583,-70.757,0,0,0,0,0,"MA",0.013
"2588",514,"199791.9360.26","MA",1997,5,10,130,20,42.5092,-70.6375,39,10,29,28,11,"MA",0.013
"2589",514,"199791.9350.27","MA",1997,5,10,130,20,42.5137,-70.7148,8,2,6,8,0,"MA",0.013
"2590",514,"199791.9340.28","MA",1997,5,10,130,20,42.544,-70.7347,6,2,4,6,0,"MA",0.013
"2591",514,"199791.9280.29","MA",1997,5,10,130,20,42.0852,-70.5483,6,1,5,5,1,"MA",0.013
"2592",514,"199791.9290.30","MA",1997,5,10,130,20,42.0627,-70.5155,38,17,21,28,10,"MA",0.013
"2593",514,"199791.9290.31","MA",1997,5,10,130,20,42.0128,-70.4543,28,14,14,23,5,"MA",0.013
"2594",514,"199791.9290.32","MA",1997,5,10,130,20,41.967,-70.4062,22,11,11,21,1,"MA",0.013
"2595",514,"199791.9260.33","MA",1997,5,11,131,20,41.8367,-70.1927,1,1,0,1,0,"MA",0.013
"2596",514,"199791.9280.34","MA",1997,5,11,131,20,41.9148,-70.2352,4,1,3,4,0,"MA",0.013
"2597",514,"199791.9280.35","MA",1997,5,11,131,13,41.921,-70.1795,7,0,7,7,0,"MA",0.013
"2598",514,"199791.9270.36","MA",1997,5,11,131,20,41.9813,-70.1375,3,0,3,3,0,"MA",0.013
"2599",514,"199791.9260.37","MA",1997,5,11,131,13,41.9645,-70.1158,7,1,6,7,0,"MA",0.013
"2600",514,"199791.9250.38","MA",1997,5,11,131,20,41.9233,-70.1008,0,0,0,0,0,"MA",0.013
"2601",514,"199791.9290.39","MA",1997,5,11,131,20,41.9802,-70.2917,14,2,12,14,0,"MA",0.013
"2602",514,"199791.9280.40","MA",1997,5,11,131,20,41.8967,-70.3363,43,7,36,37,6,"MA",0.013
"2603",514,"199791.9290.41","MA",1997,5,12,132,20,42.0287,-70.3123,10,3,7,9,1,"MA",0.013
"2604",514,"199791.9300.42","MA",1997,5,12,132,20,42.0832,-70.4038,5,4,1,3,2,"MA",0.013
"2605",514,"199791.9210.43","MA",1997,5,12,132,20,42.1102,-70.2298,2,1,1,1,1,"MA",0.013
"2606",514,"199791.9210.44","MA",1997,5,12,132,20,42.097,-70.2232,1,1,0,1,0,"MA",0.013
"2607",514,"199791.9300.45","MA",1997,5,12,132,13,42.0965,-70.2853,23,2,21,23,0,"MA",0.013
"2608",514,"199791.9170.46","MA",1997,5,13,133,20,42.0577,-70.074,0,0,0,0,0,"MA",0.013
"2609",521,"199791.9190.47","MA",1997,5,13,133,20,41.983,-69.9783,0,0,0,0,0,"MA",0.013
"2610",514,"199791.9170.48","MA",1997,5,13,133,20,42.0067,-70.0145,2,2,0,2,0,"MA",0.013
"2611",521,"199791.9180.49","MA",1997,5,13,133,20,41.9143,-69.9578,4,2,2,4,0,"MA",0.013
"2612",514,"199791.9200.50","MA",1997,5,14,134,20,42.101,-70.1465,2,2,0,2,0,"MA",0.013
"2613",521,"199791.9200.51","MA",1997,5,14,134,20,41.8333,-69.888,0,0,0,0,0,"MA",0.013
"2614",521,"199791.9180.52","MA",1997,5,14,134,20,41.7338,-69.8932,0,0,0,0,0,"MA",0.013
"2615",521,"199791.9170.74","MA",1997,5,18,138,13,41.4013,-69.9873,0,0,0,0,0,"MA",0.013
"2616",521,"199791.9170.75","MA",1997,5,18,138,20,41.3585,-69.9792,0,0,0,0,0,"MA",0.013
"2617",514,"199891.9250.1","MA",1998,5,5,125,20,41.7487,-70.285,2,2,0,1,1,"MA",0.013
"2618",514,"199891.9260.2","MA",1998,5,5,125,20,41.7833,-70.2772,0,0,0,0,0,"MA",0.013
"2619",514,"199891.9260.3","MA",1998,5,5,125,14,41.8328,-70.1208,0,0,0,0,0,"MA",0.013
"2620",514,"199891.9250.4","MA",1998,5,5,125,14,41.8215,-70.0862,0,0,0,0,0,"MA",0.013
"2621",514,"199891.9260.5","MA",1998,5,5,125,20,41.8807,-70.1473,2,1,1,2,0,"MA",0.013
"2622",514,"199891.9270.6","MA",1998,5,6,126,20,41.9533,-70.5342,24,14,10,19,5,"MA",0.013
"2623",514,"199891.9260.7","MA",1998,5,6,126,15,41.9782,-70.5822,8,2,6,6,2,"MA",0.013
"2624",514,"199891.9250.8","MA",1998,5,6,126,20,41.9763,-70.601,0,0,0,0,0,"MA",0.013
"2625",514,"199891.9270.9","MA",1998,5,6,126,20,42.0508,-70.5753,9,5,4,9,0,"MA",0.013
"2626",514,"199891.9310.10","MA",1998,5,6,126,13,42.2903,-70.8658,85,34,51,41,44,"MA",0.013
"2627",514,"199891.9320.11","MA",1998,5,7,127,20,42.3,-70.8513,72,31,41,59,13,"MA",0.013
"2628",514,"199891.9330.12","MA",1998,5,7,127,20,42.3112,-70.8013,131,74,57,86,45,"MA",0.013
"2629",514,"199891.9320.13","MA",1998,5,7,127,13,42.4328,-70.9108,50,8,42,38,12,"MA",0.013
"2630",514,"199891.9350.14","MA",1998,5,7,127,20,42.5212,-70.7155,2,1,1,2,0,"MA",0.013
"2631",514,"199891.9340.15","MA",1998,5,7,127,19,42.5458,-70.7377,3,3,0,2,1,"MA",0.013
"2632",514,"199891.9350.16","MA",1998,5,8,128,20,42.5982,-70.5682,12,6,6,12,0,"MA",0.013
"2633",514,"199891.9360.17","MA",1998,5,8,128,20,42.6252,-70.5123,6,3,3,5,1,"MA",0.013
"2634",514,"199891.9350.18","MA",1998,5,8,128,20,42.7018,-70.5777,27,10,17,27,0,"MA",0.013
"2635",514,"199891.9340.19","MA",1998,5,8,128,20,42.7302,-70.6752,0,0,0,0,0,"MA",0.013
"2636",514,"199891.9330.20","MA",1998,5,8,128,20,42.7887,-70.7553,0,0,0,0,0,"MA",0.013
"2637",514,"199891.9320.21","MA",1998,5,8,128,20,42.7353,-70.7613,10,3,7,10,0,"MA",0.013
"2638",514,"199891.9310.22","MA",1998,5,8,128,20,42.713,-70.7517,5,1,4,5,0,"MA",0.013
"2639",514,"199891.9350.23","MA",1998,5,8,128,20,42.7212,-70.6375,0,0,0,0,0,"MA",0.013
"2640",514,"199891.9350.24","MA",1998,5,9,129,20,42.5763,-70.6292,7,4,3,6,1,"MA",0.013
"2641",514,"199891.9360.25","MA",1998,5,9,129,18,42.475,-70.6375,9,1,8,9,0,"MA",0.013
"2642",521,"199891.9170.63","MA",1998,5,17,137,13,41.3692,-69.9925,0,0,0,0,0,"MA",0.013
"2643",521,"199891.9180.70","MA",1998,5,18,138,20,41.6578,-69.9093,1,0,1,1,0,"MA",0.013
"2644",521,"199891.9200.71","MA",1998,5,18,138,20,41.7668,-69.8657,1,0,1,1,0,"MA",0.013
"2645",521,"199891.9210.72","MA",1998,5,18,138,20,41.8208,-69.8735,0,0,0,0,0,"MA",0.013
"2646",521,"199891.9170.73","MA",1998,5,18,138,20,41.8237,-69.9312,1,0,1,0,1,"MA",0.013
"2647",521,"199891.9180.74","MA",1998,5,18,138,20,41.9275,-69.9632,7,6,1,4,3,"MA",0.013
"2648",514,"199891.9200.75","MA",1998,5,18,138,20,42.0667,-70.0267,0,0,0,0,0,"MA",0.013
"2649",514,"199891.9190.76","MA",1998,5,19,139,13,42.0967,-70.167,1,1,0,1,0,"MA",0.013
"2650",514,"199891.9210.77","MA",1998,5,19,139,20,42.0978,-70.223,3,2,1,3,0,"MA",0.013
"2651",514,"199891.9300.78","MA",1998,5,19,139,20,42.0633,-70.3142,0,0,0,0,0,"MA",0.013
"2652",514,"199891.9300.79","MA",1998,5,19,139,20,42.0715,-70.2823,1,1,0,1,0,"MA",0.013
"2653",514,"199891.9290.80","MA",1998,5,19,139,20,42.0437,-70.395,0,0,0,0,0,"MA",0.013
"2654",514,"199891.9290.81","MA",1998,5,19,139,20,41.9933,-70.3907,16,5,11,14,2,"MA",0.013
"2655",514,"199891.9290.82","MA",1998,5,19,139,20,41.9903,-70.2842,2,1,1,2,0,"MA",0.013
"2656",514,"199891.9280.83","MA",1998,5,19,139,20,41.9732,-70.2088,2,1,1,2,0,"MA",0.013
"2657",514,"199891.9280.84","MA",1998,5,19,139,20,41.941,-70.2522,7,1,6,7,0,"MA",0.013
"2658",514,"199891.9280.85","MA",1998,5,20,140,20,41.9343,-70.4718,5,0,5,5,0,"MA",0.013
"2659",514,"199891.9290.86","MA",1998,5,20,140,20,41.9497,-70.4268,4,1,3,4,0,"MA",0.013
"2660",514,"199891.9280.87","MA",1998,5,20,140,20,41.9137,-70.3947,3,1,2,2,1,"MA",0.013
"2661",514,"199891.9270.88","MA",1998,5,20,140,20,41.8478,-70.2255,2,1,1,2,0,"MA",0.013
"2662",514,"199891.9270.89","MA",1998,5,20,140,17,41.8493,-70.337,15,7,8,12,3,"MA",0.013
"2663",514,"199991.9270.1","MA",1999,5,11,131,20,41.776,-70.3678,4,2,2,3,1,"MA",0.013
"2664",514,"199991.9260.2","MA",1999,5,11,131,20,41.7585,-70.3362,12,4,8,9,3,"MA",0.013
"2665",514,"199991.9260.3","MA",1999,5,11,131,20,41.8263,-70.2075,12,2,10,12,0,"MA",0.013
"2666",514,"199991.9270.4","MA",1999,5,11,131,20,41.8055,-70.3538,5,3,2,5,0,"MA",0.013
"2667",514,"199991.9260.5","MA",1999,5,11,131,20,41.8072,-70.4947,38,12,26,32,6,"MA",0.013
"2668",514,"199991.9250.6","MA",1999,5,12,132,20,41.8177,-70.518,13,10,3,13,0,"MA",0.013
"2669",514,"199991.9270.7","MA",1999,5,12,132,18,41.9088,-70.4857,27,8,19,23,4,"MA",0.013
"2670",514,"199991.9260.8","MA",1999,5,12,132,20,41.9752,-70.5807,32,17,15,21,11,"MA",0.013
"2671",514,"199991.9280.9","MA",1999,5,12,132,20,42,-70.5347,7,3,4,7,0,"MA",0.013
"2672",514,"199991.9250.10","MA",1999,5,12,132,20,42.0592,-70.6392,74,15,59,41,33,"MA",0.013
"2673",514,"199991.9320.11","MA",1999,5,12,132,13,42.2838,-70.8103,84,55,29,58,26,"MA",0.013
"2674",514,"199991.9330.12","MA",1999,5,13,133,15,42.3927,-70.8228,18,10,8,17,1,"MA",0.013
"2675",514,"199991.9320.13","MA",1999,5,13,133,13,42.4102,-70.9537,70,26,44,52,18,"MA",0.013
"2676",514,"199991.9310.14","MA",1999,5,13,133,13,42.406,-70.9635,36,18,18,26,10,"MA",0.013
"2677",514,"199991.9350.15","MA",1999,5,13,133,17,42.4498,-70.817,0,0,0,0,0,"MA",0.013
"2678",514,"199991.9350.16","MA",1999,5,13,133,20,42.5115,-70.72,0,0,0,0,0,"MA",0.013
"2679",514,"199991.9340.17","MA",1999,5,13,133,20,42.544,-70.7377,1,0,1,1,0,"MA",0.013
"2680",514,"199991.9350.18","MA",1999,5,14,134,20,42.5907,-70.5798,13,9,4,13,0,"MA",0.013
"2681",514,"199991.9360.19","MA",1999,5,14,134,20,42.6375,-70.5088,1,1,0,1,0,"MA",0.013
"2682",514,"199991.9350.20","MA",1999,5,14,134,20,42.7215,-70.6257,1,1,0,1,0,"MA",0.013
"2683",514,"199991.9330.21","MA",1999,5,14,134,20,42.7022,-70.7013,2,2,0,2,0,"MA",0.013
"2684",514,"199991.9310.22","MA",1999,5,14,134,20,42.6988,-70.7425,17,10,7,16,1,"MA",0.013
"2685",514,"199991.9330.23","MA",1999,5,14,134,20,42.77,-70.761,0,0,0,0,0,"MA",0.013
"2686",514,"199991.9310.24","MA",1999,5,14,134,20,42.7712,-70.7933,50,27,23,47,3,"MA",0.013
"2687",514,"199991.9340.25","MA",1999,5,14,134,20,42.7358,-70.7128,2,1,1,2,0,"MA",0.013
"2688",514,"199991.9320.26","MA",1999,5,14,134,20,42.697,-70.7042,2,1,1,2,0,"MA",0.013
"2689",514,"199991.9360.27","MA",1999,5,14,134,20,42.7307,-70.6108,3,2,1,3,0,"MA",0.013
"2690",514,"199991.9350.28","MA",1999,5,15,135,20,42.5232,-70.7055,0,0,0,0,0,"MA",0.013
"2691",514,"199991.9360.29","MA",1999,5,15,135,20,42.4827,-70.65,9,0,9,9,0,"MA",0.013
"2692",514,"199991.9280.30","MA",1999,5,15,135,20,42.1022,-70.5338,1,0,1,1,0,"MA",0.013
"2693",514,"199991.9290.31","MA",1999,5,15,135,20,42.1025,-70.454,8,2,6,7,1,"MA",0.013
"2694",514,"199991.9290.32","MA",1999,5,15,135,20,42.0762,-70.5112,2,0,2,2,0,"MA",0.013
"2695",514,"199991.9290.33","MA",1999,5,16,136,20,41.9658,-70.3557,0,0,0,0,0,"MA",0.013
"2696",514,"199991.9290.34","MA",1999,5,16,136,20,42.0403,-70.308,0,0,0,0,0,"MA",0.013
"2697",514,"199991.9300.35","MA",1999,5,16,136,20,42.0627,-70.3513,1,0,1,1,0,"MA",0.013
"2698",514,"199991.9290.36","MA",1999,5,16,136,20,41.9948,-70.2383,0,0,0,0,0,"MA",0.013
"2699",514,"199991.9280.37","MA",1999,5,16,136,20,41.9743,-70.176,0,0,0,0,0,"MA",0.013
"2700",514,"199991.9280.38","MA",1999,5,16,136,20,41.9393,-70.2143,0,0,0,0,0,"MA",0.013
"2701",514,"199991.9280.39","MA",1999,5,16,136,20,41.885,-70.3125,2,0,2,2,0,"MA",0.013
"2702",514,"199991.9260.40","MA",1999,5,17,137,20,41.8897,-70.1277,9,1,8,9,0,"MA",0.013
"2703",514,"199991.9270.41","MA",1999,5,17,137,20,41.94,-70.145,0,0,0,0,0,"MA",0.013
"2704",514,"199991.9250.42","MA",1999,5,17,137,13,41.9665,-70.0933,4,0,4,4,0,"MA",0.013
"2705",514,"199991.9270.43","MA",1999,5,17,137,20,42.0078,-70.1443,0,0,0,0,0,"MA",0.013
"2706",514,"199991.9300.44","MA",1999,5,17,137,20,42.083,-70.2915,0,0,0,0,0,"MA",0.013
"2707",514,"199991.9210.45","MA",1999,5,17,137,20,42.1028,-70.2128,1,1,0,1,0,"MA",0.013
"2708",514,"199991.9200.46","MA",1999,5,18,138,20,42.1022,-70.1593,1,0,1,1,0,"MA",0.013
"2709",514,"199991.9170.47","MA",1999,5,18,138,20,42.085,-70.1392,0,0,0,0,0,"MA",0.013
"2710",514,"199991.9210.48","MA",1999,5,18,138,20,42.0825,-70.0305,0,0,0,0,0,"MA",0.013
"2711",514,"199991.9200.49","MA",1999,5,18,138,20,42.051,-70.0127,0,0,0,0,0,"MA",0.013
"2712",514,"199991.9170.50","MA",1999,5,18,138,13,42.0533,-70.069,1,1,0,1,0,"MA",0.013
"2713",521,"199991.9190.51","MA",1999,5,19,139,20,41.834,-69.916,1,1,0,1,0,"MA",0.013
"2714",521,"199991.9180.52","MA",1999,5,19,139,15,41.792,-69.9207,2,1,1,1,1,"MA",0.013
"2715",521,"199991.9180.53","MA",1999,5,19,139,20,41.7323,-69.8928,1,1,0,1,0,"MA",0.013
"2716",521,"199991.9170.74","MA",1999,5,22,142,20,41.3955,-69.9802,0,0,0,0,0,"MA",0.013
"2717",514,"200091.9270.1","MA",2000,5,9,130,20,41.7938,-70.3768,4,2,2,2,2,"MA",0.013
"2718",514,"200091.9260.2","MA",2000,5,9,130,20,41.7563,-70.2948,10,5,5,6,4,"MA",0.013
"2719",514,"200091.9250.3","MA",2000,5,9,130,20,41.8495,-70.15,5,0,5,5,0,"MA",0.013
"2720",514,"200091.9280.4","MA",2000,5,9,130,20,41.8747,-70.2325,3,1,2,3,0,"MA",0.013
"2721",514,"200091.9280.5","MA",2000,5,9,130,20,41.8958,-70.4175,8,2,6,8,0,"MA",0.013
"2722",514,"200091.9260.6","MA",2000,5,10,131,20,41.7968,-70.483,2,0,2,2,0,"MA",0.013
"2723",514,"200091.9250.7","MA",2000,5,10,131,13,42.0417,-70.6282,93,32,61,27,66,"MA",0.013
"2724",514,"200091.9270.8","MA",2000,5,10,131,20,42.0937,-70.5783,7,3,4,7,0,"MA",0.013
"2725",514,"200091.9330.9","MA",2000,5,11,132,20,42.3048,-70.8117,27,18,9,26,1,"MA",0.013
"2726",514,"200091.9340.10","MA",2000,5,11,132,14,42.39,-70.8233,21,9,12,19,2,"MA",0.013
"2727",514,"200091.9340.11","MA",2000,5,11,132,19,42.433,-70.858,7,2,5,6,1,"MA",0.013
"2728",514,"200091.9310.12","MA",2000,5,11,132,20,42.4405,-70.9167,48,12,36,39,9,"MA",0.013
"2729",514,"200091.9320.13","MA",2000,5,11,132,20,42.4415,-70.9033,30,18,12,24,6,"MA",0.013
"2730",514,"200091.9350.14","MA",2000,5,11,132,20,42.473,-70.7338,0,0,0,0,0,"MA",0.013
"2731",514,"200091.9350.15","MA",2000,5,11,132,20,42.522,-70.711,0,0,0,0,0,"MA",0.013
"2732",514,"200091.9350.16","MA",2000,5,12,133,20,42.5935,-70.5805,24,12,12,23,1,"MA",0.013
"2733",514,"200091.9350.17","MA",2000,5,12,133,20,42.6487,-70.5443,46,21,25,43,3,"MA",0.013
"2734",514,"200091.9360.18","MA",2000,5,12,133,20,42.713,-70.5562,12,6,6,8,4,"MA",0.013
"2735",514,"200091.9350.19","MA",2000,5,12,133,20,42.7088,-70.5965,12,5,7,12,0,"MA",0.013
"2736",514,"200091.9330.20","MA",2000,5,12,133,20,42.7087,-70.7148,6,3,3,6,0,"MA",0.013
"2737",514,"200091.9330.21","MA",2000,5,12,133,20,42.7,-70.6545,10,6,4,8,2,"MA",0.013
"2738",514,"200091.9320.22","MA",2000,5,12,133,20,42.7557,-70.7812,12,5,7,10,2,"MA",0.013
"2739",514,"200091.9310.23","MA",2000,5,12,133,20,42.7875,-70.8002,19,5,14,12,7,"MA",0.013
"2740",513,"200091.9310.24","MA",2000,5,12,133,13,42.835,-70.81,92,29,63,45,47,"MA",0.013
"2741",514,"200091.9340.25","MA",2000,5,12,133,20,42.8265,-70.7472,4,2,2,4,0,"MA",0.013
"2742",514,"200091.9350.26","MA",2000,5,13,134,20,42.567,-70.5992,5,2,3,5,0,"MA",0.013
"2743",514,"200091.9360.27","MA",2000,5,13,134,20,42.4702,-70.6313,7,4,3,7,0,"MA",0.013
"2744",514,"200091.9290.28","MA",2000,5,13,134,20,42.0868,-70.5048,1,0,1,1,0,"MA",0.013
"2745",514,"200091.9290.29","MA",2000,5,13,134,20,41.9743,-70.4553,1,1,0,1,0,"MA",0.013
"2746",514,"200091.9260.30","MA",2000,5,14,135,20,41.7585,-70.3705,8,5,3,7,1,"MA",0.013
"2747",514,"200091.9250.31","MA",2000,5,14,135,20,41.7497,-70.28,1,0,1,0,1,"MA",0.013
"2748",514,"200091.9270.32","MA",2000,5,14,135,20,41.8655,-70.2335,1,1,0,1,0,"MA",0.013
"2749",514,"200091.9260.33","MA",2000,5,14,135,20,41.8828,-70.1435,5,1,4,5,0,"MA",0.013
"2750",514,"200091.9260.34","MA",2000,5,14,135,20,41.919,-70.1188,7,1,6,7,0,"MA",0.013
"2751",514,"200091.9270.35","MA",2000,5,14,135,20,41.9797,-70.1362,7,1,6,7,0,"MA",0.013
"2752",514,"200091.9280.36","MA",2000,5,14,135,20,41.9493,-70.2342,0,0,0,0,0,"MA",0.013
"2753",514,"200091.9290.37","MA",2000,5,14,135,20,42.0098,-70.3343,1,0,1,1,0,"MA",0.013
"2754",514,"200091.9270.38","MA",2000,5,15,136,20,41.8613,-70.4538,36,17,19,23,13,"MA",0.013
"2755",514,"200091.9280.39","MA",2000,5,15,136,20,41.9405,-70.4773,8,4,4,6,2,"MA",0.013
"2756",514,"200091.9290.40","MA",2000,5,15,136,20,41.9557,-70.3977,5,1,4,5,0,"MA",0.013
"2757",514,"200091.9290.41","MA",2000,5,15,136,20,42.0138,-70.258,6,2,4,6,0,"MA",0.013
"2758",514,"200091.9280.42","MA",2000,5,15,136,20,41.9068,-70.3263,9,1,8,8,1,"MA",0.013
"2759",514,"200091.9300.43","MA",2000,5,16,137,20,42.1048,-70.4032,9,2,7,9,0,"MA",0.013
"2760",514,"200091.9300.44","MA",2000,5,16,137,20,42.0908,-70.2928,14,6,8,13,1,"MA",0.013
"2761",514,"200091.9210.45","MA",2000,5,16,137,20,42.1007,-70.1898,1,0,1,1,0,"MA",0.013
"2762",514,"200091.9210.46","MA",2000,5,16,137,20,42.1202,-70.2298,1,0,1,1,0,"MA",0.013
"2763",514,"200091.9200.47","MA",2000,5,16,137,20,42.1018,-70.1547,3,3,0,3,0,"MA",0.013
"2764",521,"200091.9170.48","MA",2000,5,17,138,20,41.8788,-69.9507,1,0,1,1,0,"MA",0.013
"2765",521,"200091.9180.49","MA",2000,5,17,138,20,41.9283,-69.9632,3,1,2,3,0,"MA",0.013
"2766",521,"200091.9190.50","MA",2000,5,17,138,20,41.8817,-69.93,2,2,0,2,0,"MA",0.013
"2767",521,"200091.9200.51","MA",2000,5,17,138,20,41.8198,-69.886,0,0,0,0,0,"MA",0.013
"2768",521,"200091.9170.52","MA",2000,5,17,138,20,41.7713,-69.9233,0,0,0,0,0,"MA",0.013
"2769",521,"200091.9180.53","MA",2000,5,17,138,20,41.7253,-69.901,2,1,1,2,0,"MA",0.013
"2770",521,"200091.9180.70","MA",2000,5,21,142,18,41.372,-69.9587,1,0,1,0,1,"MA",0.013
"2771",521,"200091.9170.71","MA",2000,5,21,142,20,41.3887,-69.9798,0,0,0,0,0,"MA",0.013
"2772",521,"200091.9170.72","MA",2000,5,21,142,20,41.3585,-69.9792,0,0,0,0,0,"MA",0.013
"2773",514,"200191.9260.1","MA",2001,5,8,128,20,41.767,-70.427,9,6,3,9,0,"MA",0.013
"2774",514,"200191.9260.2","MA",2001,5,8,128,20,41.7803,-70.2787,9,4,5,9,0,"MA",0.013
"2775",514,"200191.9260.3","MA",2001,5,8,128,20,41.8363,-70.193,5,1,4,5,0,"MA",0.013
"2776",514,"200191.9280.4","MA",2001,5,8,128,20,41.8988,-70.2138,2,0,2,2,0,"MA",0.013
"2777",514,"200191.9270.5","MA",2001,5,9,129,20,41.9095,-70.4853,8,3,5,6,2,"MA",0.013
"2778",514,"200191.9250.6","MA",2001,5,9,129,20,41.967,-70.6067,5,1,4,4,1,"MA",0.013
"2779",514,"200191.9260.7","MA",2001,5,9,129,20,41.9685,-70.5783,14,7,7,13,1,"MA",0.013
"2780",514,"200191.9250.8","MA",2001,5,9,129,15,42.138,-70.6793,10,4,6,4,6,"MA",0.013
"2781",514,"200191.9320.9","MA",2001,5,9,129,13,42.2347,-70.7412,29,14,15,18,11,"MA",0.013
"2782",514,"200191.9330.10","MA",2001,5,9,129,18,42.3085,-70.816,8,4,4,3,5,"MA",0.013
"2783",514,"200191.9320.11","MA",2001,5,9,129,13,42.2993,-70.8515,89,55,34,47,42,"MA",0.013
"2784",514,"200191.9310.12","MA",2001,5,10,130,13,42.4137,-70.9597,32,9,23,23,9,"MA",0.013
"2785",514,"200191.9340.13","MA",2001,5,10,130,20,42.4362,-70.8445,4,3,1,4,0,"MA",0.013
"2786",514,"200191.9350.14","MA",2001,5,10,130,15,42.5142,-70.7137,2,0,2,2,0,"MA",0.013
"2787",514,"200191.9340.15","MA",2001,5,10,130,17,42.5455,-70.7348,5,3,2,5,0,"MA",0.013
"2788",514,"200191.9350.16","MA",2001,5,10,130,20,42.593,-70.5772,3,0,3,3,0,"MA",0.013
"2789",514,"200191.9350.17","MA",2001,5,10,130,20,42.6053,-70.5738,4,3,1,3,1,"MA",0.013
"2790",514,"200191.9360.18","MA",2001,5,11,131,13,42.6613,-70.5325,28,9,19,28,0,"MA",0.013
"2791",514,"200191.9350.19","MA",2001,5,11,131,20,42.696,-70.5732,16,10,6,15,1,"MA",0.013
"2792",514,"200191.9320.20","MA",2001,5,11,131,20,42.6968,-70.7098,2,1,1,2,0,"MA",0.013
"2793",514,"200191.9330.21","MA",2001,5,11,131,20,42.7043,-70.7047,4,2,2,3,1,"MA",0.013
"2794",514,"200191.9310.22","MA",2001,5,11,131,20,42.729,-70.7717,2,1,1,1,1,"MA",0.013
"2795",514,"200191.9310.23","MA",2001,5,11,131,20,42.7785,-70.7967,2,2,0,2,0,"MA",0.013
"2796",513,"200191.9330.24","MA",2001,5,11,131,18,42.8463,-70.788,4,3,1,4,0,"MA",0.013
"2797",513,"200191.9340.25","MA",2001,5,11,131,20,42.8458,-70.754,0,0,0,0,0,"MA",0.013
"2798",514,"200191.9350.26","MA",2001,5,12,132,20,42.532,-70.6707,2,1,1,2,0,"MA",0.013
"2799",514,"200191.9360.27","MA",2001,5,12,132,20,42.5073,-70.6375,5,2,3,4,1,"MA",0.013
"2800",514,"200191.9270.28","MA",2001,5,12,132,13,42.0962,-70.5775,1,0,1,1,0,"MA",0.013
"2801",514,"200191.9280.29","MA",2001,5,12,132,20,41.9912,-70.5407,2,2,0,2,0,"MA",0.013
"2802",514,"200191.9270.30","MA",2001,5,13,133,20,41.8007,-70.344,19,9,10,10,9,"MA",0.013
"2803",514,"200191.9260.31","MA",2001,5,13,133,20,41.8822,-70.1448,9,1,8,9,0,"MA",0.013
"2804",514,"200191.9270.32","MA",2001,5,13,133,20,41.913,-70.1608,1,0,1,1,0,"MA",0.013
"2805",514,"200191.9270.33","MA",2001,5,13,133,16,41.997,-70.153,0,0,0,0,0,"MA",0.013
"2806",514,"200191.9250.34","MA",2001,5,13,133,20,42.0408,-70.1208,16,1,15,16,0,"MA",0.013
"2807",514,"200191.9280.35","MA",2001,5,13,133,20,41.9373,-70.2547,9,2,7,8,1,"MA",0.013
"2808",514,"200191.9280.36","MA",2001,5,14,134,20,41.8857,-70.3782,13,4,9,10,3,"MA",0.013
"2809",514,"200191.9290.37","MA",2001,5,14,134,20,42.0132,-70.4102,31,11,20,29,2,"MA",0.013
"2810",514,"200191.9290.38","MA",2001,5,14,134,20,42.031,-70.3203,2,0,2,2,0,"MA",0.013
"2811",514,"200191.9290.39","MA",2001,5,14,134,20,42.0532,-70.3725,6,0,6,5,1,"MA",0.013
"2812",514,"200191.9290.40","MA",2001,5,14,134,20,42.0188,-70.4612,26,11,15,22,4,"MA",0.013
"2813",514,"200191.9290.41","MA",2001,5,14,134,20,41.94,-70.3818,27,9,18,25,2,"MA",0.013
"2814",514,"200191.9280.42","MA",2001,5,14,134,20,41.8603,-70.4238,20,7,13,12,8,"MA",0.013
"2815",521,"200191.9180.75","MA",2001,5,20,140,20,41.3722,-69.957,0,0,0,0,0,"MA",0.013
"2816",521,"200191.9170.76","MA",2001,5,20,140,17,41.3615,-69.9807,0,0,0,0,0,"MA",0.013
"2817",521,"200191.9180.88","MA",2001,5,22,142,13,41.658,-69.9003,0,0,0,0,0,"MA",0.013
"2818",521,"200191.9190.89","MA",2001,5,22,142,20,41.8312,-69.9155,0,0,0,0,0,"MA",0.013
"2819",521,"200191.9200.90","MA",2001,5,22,142,20,41.83,-69.8882,0,0,0,0,0,"MA",0.013
"2820",521,"200191.9170.91","MA",2001,5,22,142,20,41.8925,-69.9552,3,1,2,2,1,"MA",0.013
"2821",521,"200191.9180.92","MA",2001,5,22,142,20,41.9275,-69.9627,8,4,4,8,0,"MA",0.013
"2822",514,"200191.9170.93","MA",2001,5,22,142,20,42.0072,-70.016,5,2,3,3,2,"MA",0.013
"2823",514,"200191.9210.94","MA",2001,5,23,143,20,42.0935,-70.2315,1,1,0,1,0,"MA",0.013
"2824",514,"200191.9200.95","MA",2001,5,23,143,20,42.1018,-70.1688,6,4,2,6,0,"MA",0.013
"2825",514,"200191.9210.96","MA",2001,5,23,143,20,42.1045,-70.2418,0,0,0,0,0,"MA",0.013
"2826",514,"200191.9300.97","MA",2001,5,23,143,20,42.0878,-70.2995,0,0,0,0,0,"MA",0.013
"2827",514,"200191.9300.98","MA",2001,5,23,143,20,42.0605,-70.2953,1,1,0,1,0,"MA",0.013
"2828",514,"200291.9250.1","MA",2002,5,7,127,20,41.7562,-70.4412,5,1,4,4,1,"MA",0.013
"2829",514,"200291.9250.2","MA",2002,5,7,127,20,41.743,-70.3787,1,0,1,1,0,"MA",0.013
"2830",514,"200291.9260.3","MA",2002,5,7,127,20,41.7598,-70.3367,7,6,1,5,2,"MA",0.013
"2831",514,"200291.9280.4","MA",2002,5,7,127,20,41.8793,-70.23,8,1,7,8,0,"MA",0.013
"2832",514,"200291.9280.5","MA",2002,5,7,127,20,41.8682,-70.3635,6,2,4,6,0,"MA",0.013
"2833",514,"200291.9270.6","MA",2002,5,7,127,20,41.8443,-70.426,9,4,5,6,3,"MA",0.013
"2834",514,"200291.9270.7","MA",2002,5,8,128,20,41.8557,-70.4515,17,9,8,13,4,"MA",0.013
"2835",514,"200291.9280.8","MA",2002,5,8,128,20,41.9383,-70.4728,15,5,10,11,4,"MA",0.013
"2836",514,"200291.9260.9","MA",2002,5,8,128,20,42.1482,-70.6815,23,12,11,16,7,"MA",0.013
"2837",514,"200291.9320.10","MA",2002,5,8,128,17,42.2382,-70.7405,131,60,71,68,63,"MA",0.013
"2838",514,"200291.9330.11","MA",2002,5,8,128,20,42.3092,-70.8117,22,12,10,21,1,"MA",0.013
"2839",514,"200291.9340.12","MA",2002,5,9,129,20,42.3902,-70.8205,19,13,6,14,5,"MA",0.013
"2840",514,"200291.9320.13","MA",2002,5,9,129,20,42.4127,-70.9445,19,9,10,17,2,"MA",0.013
"2841",514,"200291.9310.14","MA",2002,5,9,129,20,42.4515,-70.9177,10,5,5,5,5,"MA",0.013
"2842",514,"200291.9340.15","MA",2002,5,9,129,20,42.4387,-70.8452,10,9,1,9,1,"MA",0.013
"2843",514,"200291.9350.16","MA",2002,5,9,129,20,42.513,-70.7123,0,0,0,0,0,"MA",0.013
"2844",514,"200291.9350.17","MA",2002,5,9,129,20,42.5245,-70.6922,1,0,1,1,0,"MA",0.013
"2845",514,"200291.9330.18","MA",2002,5,9,129,14.7,42.6107,-70.6123,6,3,3,5,1,"MA",0.013
"2846",514,"200291.9350.19","MA",2002,5,10,130,20,42.698,-70.5708,13,9,4,11,2,"MA",0.013
"2847",514,"200291.9350.20","MA",2002,5,10,130,20,42.7145,-70.6143,15,5,10,15,0,"MA",0.013
"2848",514,"200291.9350.21","MA",2002,5,10,130,20,42.7362,-70.6578,4,2,2,4,0,"MA",0.013
"2849",514,"200291.9310.22","MA",2002,5,10,130,20,42.6828,-70.7157,9,2,7,7,2,"MA",0.013
"2850",514,"200291.9320.23","MA",2002,5,10,130,20,42.7453,-70.7667,5,2,3,5,0,"MA",0.013
"2851",514,"200291.9330.24","MA",2002,5,10,130,20,42.7842,-70.7615,2,0,2,2,0,"MA",0.013
"2852",513,"200291.9310.25","MA",2002,5,10,130,17,42.8432,-70.8107,6,2,4,2,4,"MA",0.013
"2853",514,"200291.9340.26","MA",2002,5,10,130,14,42.8257,-70.7438,0,0,0,0,0,"MA",0.013
"2854",514,"200291.9360.27","MA",2002,5,11,131,14,42.7083,-70.5563,11,8,3,8,3,"MA",0.013
"2855",514,"200291.9360.28","MA",2002,5,11,131,20,42.5082,-70.6377,1,0,1,1,0,"MA",0.013
"2856",514,"200291.9350.29","MA",2002,5,11,131,20,42.3822,-70.7008,0,0,0,0,0,"MA",0.013
"2857",514,"200291.9350.30","MA",2002,5,11,131,13,42.3343,-70.7065,1,0,1,0,1,"MA",0.013
"2858",514,"200291.9290.31","MA",2002,5,11,131,20,42.0143,-70.4567,3,1,2,3,0,"MA",0.013
"2859",514,"200291.9260.32","MA",2002,5,12,132,20,41.8102,-70.4958,6,3,3,5,1,"MA",0.013
"2860",514,"200291.9280.33","MA",2002,5,12,132,20,41.8715,-70.4277,6,4,2,5,1,"MA",0.013
"2861",514,"200291.9290.34","MA",2002,5,12,132,20,41.9735,-70.4382,3,1,2,3,0,"MA",0.013
"2862",514,"200291.9290.35","MA",2002,5,12,132,20,41.9677,-70.3745,13,5,8,13,0,"MA",0.013
"2863",514,"200291.9290.36","MA",2002,5,12,132,13,42.0122,-70.3627,14,10,4,14,0,"MA",0.013
"2864",514,"200291.9300.37","MA",2002,5,12,132,20,42.0592,-70.3247,1,0,1,1,0,"MA",0.013
"2865",514,"200291.9300.38","MA",2002,5,12,132,20,42.101,-70.2753,0,0,0,0,0,"MA",0.013
"2866",514,"200291.9290.39","MA",2002,5,12,132,20,41.9603,-70.306,3,0,3,3,0,"MA",0.013
"2867",514,"200291.9270.40","MA",2002,5,13,133,20,41.7905,-70.3925,7,5,2,7,0,"MA",0.013
"2868",514,"200291.9260.41","MA",2002,5,13,133,20,41.8243,-70.122,3,1,2,3,0,"MA",0.013
"2869",514,"200291.9270.42","MA",2002,5,13,133,20,41.8775,-70.1823,10,1,9,10,0,"MA",0.013
"2870",514,"200291.9250.43","MA",2002,5,13,133,20,41.8693,-70.1353,6,0,6,6,0,"MA",0.013
"2871",514,"200291.9260.44","MA",2002,5,13,133,13,41.9433,-70.1072,10,0,10,10,0,"MA",0.013
"2872",514,"200291.9270.45","MA",2002,5,13,133,19,42.019,-70.1497,1,0,1,1,0,"MA",0.013
"2873",514,"200291.9280.46","MA",2002,5,13,133,20,41.9618,-70.208,2,1,1,2,0,"MA",0.013
"2874",514,"200291.9180.47","MA",2002,5,14,134,20,42.06,-70.0755,0,0,0,0,0,"MA",0.013
"2875",514,"200291.9180.48","MA",2002,5,14,134,13,42.0285,-70.0265,0,0,0,0,0,"MA",0.013
"2876",514,"200291.9170.49","MA",2002,5,14,134,20,42.0073,-70.0148,1,1,0,1,0,"MA",0.013
"2877",514,"200291.9210.50","MA",2002,5,14,134,20,42.0755,-70.0203,0,0,0,0,0,"MA",0.013
"2878",514,"200291.9210.51","MA",2002,5,14,134,20,42.1077,-70.2247,0,0,0,0,0,"MA",0.013
"2879",521,"200291.9200.52","MA",2002,5,15,135,13,41.826,-69.8865,0,0,0,0,0,"MA",0.013
"2880",521,"200291.9200.53","MA",2002,5,15,135,20,41.79,-69.8738,0,0,0,0,0,"MA",0.013
"2881",521,"200291.9170.54","MA",2002,5,15,135,20,41.7953,-69.9237,1,1,0,1,0,"MA",0.013
"2882",521,"200291.9190.55","MA",2002,5,15,135,13,41.7107,-69.8755,5,1,4,5,0,"MA",0.013
"2883",514,"200391.9270.1","MA",2003,5,6,126,20,41.8487,-70.4185,8,2,6,6,2,"MA",0.013
"2884",514,"200391.9270.2","MA",2003,5,6,126,20,41.8472,-70.3263,2,0,2,2,0,"MA",0.013
"2885",514,"200391.9270.3","MA",2003,5,6,126,20,41.8442,-70.2297,3,0,3,2,1,"MA",0.013
"2886",514,"200391.9260.4","MA",2003,5,6,126,20,41.7857,-70.1745,0,0,0,0,0,"MA",0.013
"2887",514,"200391.9280.6","MA",2003,5,7,127,20,41.9493,-70.4775,6,2,4,2,4,"MA",0.013
"2888",514,"200391.9270.7","MA",2003,5,7,127,20,42.1157,-70.5685,3,0,3,3,0,"MA",0.013
"2889",514,"200391.9250.8","MA",2003,5,7,127,20,42.1473,-70.6855,5,1,4,0,5,"MA",0.013
"2890",514,"200391.9340.9","MA",2003,5,7,127,20,42.3075,-70.7168,0,0,0,0,0,"MA",0.013
"2891",514,"200391.9320.10","MA",2003,5,7,127,16,42.284,-70.798,6,3,3,6,0,"MA",0.013
"2892",514,"200391.9310.11","MA",2003,5,7,127,20,42.2927,-70.8633,2,1,1,1,1,"MA",0.013
"2893",514,"200391.9330.12","MA",2003,5,7,127,20,42.315,-70.8022,2,1,1,2,0,"MA",0.013
"2894",514,"200391.9320.13","MA",2003,5,8,128,13,42.4095,-70.9298,15,1,14,13,2,"MA",0.013
"2895",514,"200391.9350.14","MA",2003,5,8,128,20,42.4503,-70.8197,2,2,0,2,0,"MA",0.013
"2896",514,"200391.9350.15","MA",2003,5,8,128,17,42.4805,-70.7523,1,1,0,1,0,"MA",0.013
"2897",514,"200391.9350.16","MA",2003,5,8,128,20,42.522,-70.6767,1,1,0,1,0,"MA",0.013
"2898",514,"200391.9350.17","MA",2003,5,8,128,20,42.5913,-70.5813,7,5,2,7,0,"MA",0.013
"2899",514,"200391.9340.18","MA",2003,5,8,128,20,42.5475,-70.7233,0,0,0,0,0,"MA",0.013
"2900",514,"200391.9360.19","MA",2003,5,9,129,16,42.7117,-70.5478,7,2,5,5,2,"MA",0.013
"2901",514,"200391.9350.20","MA",2003,5,9,129,20,42.7255,-70.621,22,11,11,22,0,"MA",0.013
"2902",514,"200391.9330.21","MA",2003,5,9,129,20,42.7003,-70.6662,9,4,5,8,1,"MA",0.013
"2903",514,"200391.9310.22","MA",2003,5,9,129,20,42.7088,-70.7518,2,1,1,2,0,"MA",0.013
"2904",514,"200391.9320.23","MA",2003,5,9,129,18,42.7295,-70.7533,1,0,1,1,0,"MA",0.013
"2905",514,"200391.9310.24","MA",2003,5,9,129,20,42.7787,-70.7978,6,2,4,4,2,"MA",0.013
"2906",514,"200391.9330.25","MA",2003,5,9,129,20,42.7962,-70.764,0,0,0,0,0,"MA",0.013
"2907",513,"200391.9340.26","MA",2003,5,9,129,20,42.8345,-70.7498,0,0,0,0,0,"MA",0.013
"2908",514,"200391.9360.27","MA",2003,5,10,130,20,42.4833,-70.646,1,1,0,1,0,"MA",0.013
"2909",514,"200391.9350.28","MA",2003,5,10,130,20,42.3812,-70.6913,2,1,1,2,0,"MA",0.013
"2910",514,"200391.9290.29","MA",2003,5,10,130,20,42.0573,-70.4635,1,0,1,1,0,"MA",0.013
"2911",514,"200391.9280.30","MA",2003,5,10,130,20,41.9027,-70.403,7,3,4,5,2,"MA",0.013
"2912",514,"200391.9280.31","MA",2003,5,10,130,20,41.8742,-70.4437,6,2,4,4,2,"MA",0.013
"2913",514,"200391.9250.32","MA",2003,5,10,130,15.5,41.8455,-70.521,1,0,1,0,1,"MA",0.013
"2914",514,"200391.9260.33","MA",2003,5,11,131,15,41.7623,-70.3863,0,0,0,0,0,"MA",0.013
"2915",514,"200391.9260.34","MA",2003,5,11,131,20,41.752,-70.2985,6,4,2,5,1,"MA",0.013
"2916",514,"200391.9260.35","MA",2003,5,11,131,20,41.8895,-70.1438,5,2,3,4,1,"MA",0.013
"2917",514,"200391.9250.36","MA",2003,5,11,131,18,41.9603,-70.0952,15,2,13,14,1,"MA",0.013
"2918",514,"200391.9270.37","MA",2003,5,11,131,20,41.9992,-70.154,2,1,1,2,0,"MA",0.013
"2919",514,"200391.9280.38","MA",2003,5,11,131,20,41.9923,-70.1827,4,0,4,4,0,"MA",0.013
"2920",514,"200391.9280.39","MA",2003,5,11,131,20,41.8992,-70.196,0,0,0,0,0,"MA",0.013
"2921",514,"200391.9290.40","MA",2003,5,12,132,20,41.9317,-70.4368,9,6,3,5,4,"MA",0.013
"2922",514,"200391.9290.41","MA",2003,5,12,132,20,42.0092,-70.472,3,0,3,3,0,"MA",0.013
"2923",514,"200391.9300.42","MA",2003,5,12,132,14,42.0938,-70.3988,2,1,1,2,0,"MA",0.013
"2924",514,"200391.9300.43","MA",2003,5,12,132,14,42.1082,-70.413,4,0,4,4,0,"MA",0.013
"2925",514,"200391.9290.44","MA",2003,5,12,132,20,42.0262,-70.3158,7,0,7,7,0,"MA",0.013
"2926",514,"200391.9290.45","MA",2003,5,13,133,13,42.0335,-70.2453,0,0,0,0,0,"MA",0.013
"2927",514,"200391.9210.46","MA",2003,5,13,133,20,42.1018,-70.2148,2,1,1,2,0,"MA",0.013
"2928",514,"200391.9210.47","MA",2003,5,13,133,20,42.1273,-70.1748,1,1,0,1,0,"MA",0.013
"2929",514,"200391.9180.48","MA",2003,5,13,133,20,42.0188,-70.02,2,2,0,2,0,"MA",0.013
"2930",514,"200391.9200.49","MA",2003,5,13,133,15,42.0988,-70.1203,1,1,0,1,0,"MA",0.013
"2931",521,"200391.9170.50","MA",2003,5,14,134,20,41.947,-69.9752,0,0,0,0,0,"MA",0.013
"2932",521,"200391.9170.51","MA",2003,5,14,134,20,41.787,-69.9238,0,0,0,0,0,"MA",0.013
"2933",521,"200391.9200.52","MA",2003,5,14,134,20,41.7502,-69.8592,0,0,0,0,0,"MA",0.013
"2934",521,"200391.9180.53","MA",2003,5,14,134,13,41.6872,-69.8817,0,0,0,0,0,"MA",0.013
"2935",521,"200391.9190.54","MA",2003,5,14,134,13,41.687,-69.865,1,0,1,1,0,"MA",0.013
"2936",521,"200391.9170.74","MA",2003,5,18,138,20,41.3978,-69.9825,0,0,0,0,0,"MA",0.013
"2937",521,"200391.9180.75","MA",2003,5,18,138,19,41.3623,-69.9527,0,0,0,0,0,"MA",0.013
"2938",514,"200491.9270.1","MA",2004,5,3,124,20,41.8348,-70.3668,0,0,0,0,0,"MA",0.013
"2939",514,"200491.9280.2","MA",2004,5,3,124,20,41.8767,-70.3645,1,0,1,0,1,"MA",0.013
"2940",514,"200491.9270.3","MA",2004,5,3,124,20,41.8513,-70.421,3,1,2,3,0,"MA",0.013
"2941",514,"200491.9260.4","MA",2004,5,3,124,19,41.86,-70.5033,1,0,1,1,0,"MA",0.013
"2942",514,"200491.9250.5","MA",2004,5,3,124,20,41.8178,-70.5185,1,0,1,1,0,"MA",0.013
"2943",514,"200491.9270.6","MA",2004,5,4,125,20,41.7727,-70.3572,4,1,3,4,0,"MA",0.013
"2944",514,"200491.9260.7","MA",2004,5,4,125,20,41.7842,-70.248,8,2,6,8,0,"MA",0.013
"2945",514,"200491.9260.8","MA",2004,5,4,125,16,41.7997,-70.1725,1,0,1,1,0,"MA",0.013
"2946",514,"200491.9250.9","MA",2004,5,4,125,20,41.8073,-70.0673,1,1,0,1,0,"MA",0.013
"2947",514,"200491.9260.10","MA",2004,5,4,125,17,41.877,-70.1525,1,0,1,1,0,"MA",0.013
"2948",514,"200491.9270.11","MA",2004,5,4,125,20,41.9392,-70.1428,3,0,3,3,0,"MA",0.013
"2949",514,"200491.9270.12","MA",2004,5,4,125,20,42.014,-70.1393,3,1,2,3,0,"MA",0.013
"2950",514,"200491.9300.13","MA",2004,5,5,126,18,42.0662,-70.3025,3,3,0,3,0,"MA",0.013
"2951",514,"200491.9300.14","MA",2004,5,5,126,20,42.0678,-70.3905,5,0,5,5,0,"MA",0.013
"2952",514,"200491.9290.15","MA",2004,5,5,126,20,41.967,-70.45,10,3,7,8,2,"MA",0.013
"2953",514,"200491.9280.16","MA",2004,5,5,126,20,41.9757,-70.5163,12,7,5,11,1,"MA",0.013
"2954",514,"200491.9260.17","MA",2004,5,5,126,20,41.9842,-70.5848,5,3,2,4,1,"MA",0.013
"2955",514,"200491.9250.18","MA",2004,5,5,126,20,42.1357,-70.6815,1,0,1,1,0,"MA",0.013
"2956",514,"200491.9310.19","MA",2004,5,6,127,14,42.2833,-70.8577,10,8,2,6,4,"MA",0.013
"2957",514,"200491.9330.20","MA",2004,5,6,127,20,42.3152,-70.7918,7,6,1,6,1,"MA",0.013
"2958",514,"200491.9340.21","MA",2004,5,6,127,15,42.3083,-70.7125,2,1,1,2,0,"MA",0.013
"2959",514,"200491.9320.22","MA",2004,5,6,127,14.5,42.286,-70.801,0,0,0,0,0,"MA",0.013
"2960",514,"200491.9340.23","MA",2004,5,6,127,13,42.3912,-70.8213,0,0,0,0,0,"MA",0.013
"2961",514,"200491.9320.24","MA",2004,5,7,128,14,42.4505,-70.9073,3,0,3,3,0,"MA",0.013
"2962",514,"200491.9350.25","MA",2004,5,7,128,17,42.4605,-70.8077,2,1,1,2,0,"MA",0.013
"2963",514,"200491.9350.26","MA",2004,5,7,128,15,42.4602,-70.7162,0,0,0,0,0,"MA",0.013
"2964",514,"200491.9350.27","MA",2004,5,7,128,20,42.5142,-70.7128,2,1,1,2,0,"MA",0.013
"2965",514,"200491.9360.28","MA",2004,5,7,128,20,42.4872,-70.652,2,0,2,2,0,"MA",0.013
"2966",514,"200491.9350.29","MA",2004,5,7,128,20,42.5297,-70.6708,3,1,2,3,0,"MA",0.013
"2967",514,"200491.9340.30","MA",2004,5,8,129,20,42.7035,-70.647,37,21,16,33,4,"MA",0.013
"2968",514,"200491.9330.31","MA",2004,5,8,129,20,42.6948,-70.6628,12,7,5,12,0,"MA",0.013
"2969",514,"200491.9350.32","MA",2004,5,8,129,20,42.7333,-70.6682,3,2,1,2,1,"MA",0.013
"2970",514,"200491.9330.33","MA",2004,5,8,129,20,42.7658,-70.7478,3,3,0,3,0,"MA",0.013
"2971",513,"200491.9310.34","MA",2004,5,8,129,20,42.8422,-70.8117,0,0,0,0,0,"MA",0.013
"2972",514,"200491.9320.35","MA",2004,5,8,129,20,42.7827,-70.7892,11,3,8,8,3,"MA",0.013
"2973",514,"200491.9310.36","MA",2004,5,8,129,20,42.7055,-70.7465,0,0,0,0,0,"MA",0.013
"2974",514,"200491.9360.37","MA",2004,5,9,130,20,42.6052,-70.538,15,5,10,14,1,"MA",0.013
"2975",514,"200491.9350.38","MA",2004,5,9,130,20,42.6513,-70.5403,43,18,25,36,7,"MA",0.013
"2976",514,"200491.9280.39","MA",2004,5,10,131,20,41.9548,-70.4818,8,6,2,7,1,"MA",0.013
"2977",514,"200491.9290.40","MA",2004,5,10,131,20,41.9418,-70.385,3,2,1,3,0,"MA",0.013
"2978",514,"200491.9290.41","MA",2004,5,10,131,20,41.9635,-70.3493,3,1,2,3,0,"MA",0.013
"2979",514,"200491.9280.42","MA",2004,5,10,131,20,41.885,-70.2673,1,1,0,1,0,"MA",0.013
"2980",514,"200491.9280.43","MA",2004,5,10,131,20,41.9508,-70.2227,0,0,0,0,0,"MA",0.013
"2981",514,"200491.9290.44","MA",2004,5,10,131,20,42.0363,-70.3223,3,1,2,3,0,"MA",0.013
"2982",514,"200491.9290.45","MA",2004,5,10,131,20,41.9927,-70.2223,2,0,2,2,0,"MA",0.013
"2983",514,"200491.9210.46","MA",2004,5,11,132,20,42.0975,-70.2158,0,0,0,0,0,"MA",0.013
"2984",514,"200491.9200.47","MA",2004,5,11,132,20,42.1023,-70.1437,0,0,0,0,0,"MA",0.013
"2985",514,"200491.9170.48","MA",2004,5,11,132,20,42.0482,-70.0568,0,0,0,0,0,"MA",0.013
"2986",514,"200491.9210.49","MA",2004,5,11,132,20,42.0682,-70.016,0,0,0,0,0,"MA",0.013
"2987",521,"200491.9190.50","MA",2004,5,11,132,20,41.979,-69.973,0,0,0,0,0,"MA",0.013
"2988",514,"200491.9180.51","MA",2004,5,11,132,20,41.9998,-70.009,4,1,3,1,3,"MA",0.013
"2989",521,"200491.9170.52","MA",2004,5,12,133,20,41.8663,-69.9433,3,2,1,2,1,"MA",0.013
"2990",521,"200491.9200.53","MA",2004,5,12,133,20,41.8178,-69.8835,2,0,2,2,0,"MA",0.013
"2991",521,"200491.9180.54","MA",2004,5,12,133,20,41.7838,-69.9135,5,1,4,4,1,"MA",0.013
"2992",514,"200591.9260.1","MA",2005,5,10,130,20,41.762,-70.3815,13,10,3,8,5,"MA",0.013
"2993",514,"200591.9250.2","MA",2005,5,10,130,20,41.7458,-70.38,11,5,6,4,7,"MA",0.013
"2994",514,"200591.9260.3","MA",2005,5,10,130,19,41.7798,-70.2585,1,0,1,0,1,"MA",0.013
"2995",514,"200591.9260.4","MA",2005,5,10,130,16.2,41.7848,-70.1633,1,0,1,1,0,"MA",0.013
"2996",514,"200591.9250.5","MA",2005,5,10,130,20,41.83,-70.111,0,0,0,0,0,"MA",0.013
"2997",514,"200591.9270.6","MA",2005,5,10,130,20,41.8445,-70.253,5,0,5,5,0,"MA",0.013
"2998",514,"200591.9260.7","MA",2005,5,11,131,20,41.8228,-70.4957,8,5,3,2,6,"MA",0.013
"2999",514,"200591.9270.8","MA",2005,5,11,131,20,41.9228,-70.5,54,28,26,38,16,"MA",0.013
"3000",514,"200591.9250.9","MA",2005,5,11,131,20,41.9568,-70.6067,28,14,14,7,21,"MA",0.013
"3001",514,"200591.9280.10","MA",2005,5,11,131,13,42.0707,-70.5602,30,18,12,18,12,"MA",0.013
"3002",514,"200591.9270.11","MA",2005,5,11,131,20,42.1112,-70.5528,5,1,4,5,0,"MA",0.013
"3003",514,"200591.9320.12","MA",2005,5,11,131,20,42.296,-70.8512,58,32,26,49,9,"MA",0.013
"3004",514,"200591.9350.13","MA",2005,5,12,132,13,42.3208,-70.7117,10,6,4,10,0,"MA",0.013
"3005",514,"200591.9310.14","MA",2005,5,12,132,18,42.4535,-70.9157,18,4,14,13,5,"MA",0.013
"3006",514,"200591.9330.15","MA",2005,5,12,132,20,42.4475,-70.8787,22,15,7,20,2,"MA",0.013
"3007",514,"200591.9320.16","MA",2005,5,13,133,20,42.4133,-70.9465,32,13,19,24,8,"MA",0.013
"3008",514,"200591.9340.17","MA",2005,5,13,133,20,42.4878,-70.7602,5,5,0,5,0,"MA",0.013
"3009",514,"200591.9350.18","MA",2005,5,13,133,20,42.5198,-70.7105,1,1,0,1,0,"MA",0.013
"3010",514,"200591.9340.19","MA",2005,5,13,133,20,42.5443,-70.7353,12,6,6,11,1,"MA",0.013
"3011",514,"200591.9350.20","MA",2005,5,13,133,16,42.5838,-70.6073,18,6,12,17,1,"MA",0.013
"3012",514,"200591.9360.21","MA",2005,5,16,136,20,42.4957,-70.652,3,1,2,3,0,"MA",0.013
"3013",514,"200591.9360.22","MA",2005,5,17,137,20,42.661,-70.522,3,2,1,3,0,"MA",0.013
"3014",514,"200591.9350.23","MA",2005,5,17,137,20,42.7018,-70.5922,46,28,18,43,3,"MA",0.013
"3015",514,"200591.9340.24","MA",2005,5,17,137,20,42.7155,-70.6658,7,3,4,5,2,"MA",0.013
"3016",514,"200591.9330.25","MA",2005,5,17,137,20,42.767,-70.7557,6,5,1,4,2,"MA",0.013
"3017",514,"200591.9310.26","MA",2005,5,17,137,20,42.7127,-70.7562,22,11,11,19,3,"MA",0.013
"3018",514,"200591.9310.27","MA",2005,5,17,137,20,42.6808,-70.7062,19,9,10,19,0,"MA",0.013
"3019",514,"200591.9320.28","MA",2005,5,17,137,16,42.6935,-70.6965,15,5,10,11,4,"MA",0.013
"3020",514,"200591.9330.29","MA",2005,5,17,137,20,42.6995,-70.6705,21,9,12,18,3,"MA",0.013
"3021",514,"200591.9350.30","MA",2005,5,17,137,20,42.7403,-70.6605,6,2,4,5,1,"MA",0.013
"3022",514,"200591.9280.31","MA",2005,5,18,138,20,41.907,-70.3665,3,1,2,2,1,"MA",0.013
"3023",514,"200591.9290.32","MA",2005,5,18,138,20,41.9433,-70.3387,4,1,3,4,0,"MA",0.013
"3024",514,"200591.9290.33","MA",2005,5,18,138,20,41.9995,-70.265,1,0,1,1,0,"MA",0.013
"3025",514,"200591.9280.34","MA",2005,5,18,138,20,41.9958,-70.1772,0,0,0,0,0,"MA",0.013
"3026",514,"200591.9280.35","MA",2005,5,18,138,20,41.9605,-70.1607,3,0,3,3,0,"MA",0.013
"3027",514,"200591.9260.36","MA",2005,5,18,138,20,41.8838,-70.1518,3,0,3,3,0,"MA",0.013
"3028",514,"200591.9270.37","MA",2005,5,18,138,20,41.9337,-70.162,4,0,4,3,1,"MA",0.013
"3029",514,"200591.9300.38","MA",2005,5,18,138,20,42.0647,-70.2773,3,3,0,3,0,"MA",0.013
"3030",514,"200591.9290.39","MA",2005,5,19,139,17.6,42.0485,-70.4305,3,0,3,2,1,"MA",0.013
"3031",514,"200591.9290.40","MA",2005,5,19,139,20,42.0772,-70.4257,3,0,3,2,1,"MA",0.013
"3032",514,"200591.9300.41","MA",2005,5,19,139,20,42.1027,-70.4467,1,1,0,1,0,"MA",0.013
"3033",514,"200591.9210.42","MA",2005,5,19,139,20,42.1128,-70.22,0,0,0,0,0,"MA",0.013
"3034",514,"200591.9210.43","MA",2005,5,19,139,20,42.0837,-70.033,0,0,0,0,0,"MA",0.013
"3035",514,"200591.9200.44","MA",2005,5,19,139,20,42.0555,-70.0197,0,0,0,0,0,"MA",0.013
"3036",521,"200591.9170.45","MA",2005,5,19,139,20,41.88,-69.9498,8,3,5,1,7,"MA",0.013
"3037",521,"200591.9190.46","MA",2005,5,20,140,20,41.9033,-69.9382,11,7,4,9,2,"MA",0.013
"3038",521,"200591.9180.47","MA",2005,5,20,140,18.4,41.7985,-69.912,4,2,2,4,0,"MA",0.013
"3039",521,"200591.9200.48","MA",2005,5,20,140,20,41.7957,-69.8738,0,0,0,0,0,"MA",0.013
"3040",521,"200591.9180.49","MA",2005,5,20,140,16,41.6302,-69.9007,3,3,0,3,0,"MA",0.013
"3041",521,"200591.9170.50","MA",2005,5,20,140,20,41.5807,-69.9475,0,0,0,0,0,"MA",0.013
"3042",521,"200591.9180.89","MA",2005,5,28,148,20,41.4393,-69.9965,0,0,0,0,0,"MA",0.013
"3043",521,"200591.9170.90","MA",2005,5,28,148,20,41.364,-69.982,0,0,0,0,0,"MA",0.013
"3044",514,"200691.9260.1","MA",2006,5,8,128,20,41.8092,-70.475,2,1,1,2,0,"MA",0.013
"3045",514,"200691.9250.2","MA",2006,5,8,128,20,41.744,-70.3583,2,0,2,2,0,"MA",0.013
"3046",514,"200691.9260.3","MA",2006,5,8,128,17.5,41.8258,-70.4763,4,1,3,4,0,"MA",0.013
"3047",514,"200691.9270.4","MA",2006,5,8,128,20,41.8608,-70.4723,10,2,8,7,3,"MA",0.013
"3048",514,"200691.9280.5","MA",2006,5,8,128,15,41.8722,-70.3907,6,2,4,5,1,"MA",0.013
"3049",514,"200691.9270.26","MA",2006,5,13,133,20,41.8148,-70.3568,3,0,3,2,1,"MA",0.013
"3050",514,"200691.9280.27","MA",2006,5,13,133,20,41.9195,-70.433,10,1,9,9,1,"MA",0.013
"3051",514,"200691.9280.28","MA",2006,5,13,133,20,41.9017,-70.2963,6,0,6,6,0,"MA",0.013
"3052",514,"200691.9260.29","MA",2006,5,13,133,18.5,41.8018,-70.1913,3,0,3,3,0,"MA",0.013
"3053",514,"200691.9250.30","MA",2006,5,13,133,20,41.8273,-70.1112,0,0,0,0,0,"MA",0.013
"3054",514,"200691.9290.31","MA",2006,5,15,135,20,41.9687,-70.4522,3,3,0,3,0,"MA",0.013
"3055",514,"200691.9290.32","MA",2006,5,15,135,20,41.9527,-70.3395,2,0,2,2,0,"MA",0.013
"3056",514,"200691.9280.33","MA",2006,5,15,135,20,41.9148,-70.3437,1,0,1,1,0,"MA",0.013
"3057",514,"200691.9270.34","MA",2006,5,15,135,20,41.8545,-70.2818,1,1,0,0,1,"MA",0.013
"3058",514,"200691.9280.35","MA",2006,5,15,135,20,41.8717,-70.242,6,4,2,5,1,"MA",0.013
"3059",514,"200691.9250.36","MA",2006,5,15,135,20,41.8387,-70.1648,6,2,4,6,0,"MA",0.013
"3060",514,"200691.9250.37","MA",2006,5,16,136,20,42.044,-70.63,59,21,38,14,45,"MA",0.013
"3061",514,"200691.9290.38","MA",2006,5,16,136,20,42.0617,-70.514,1,1,0,1,0,"MA",0.013
"3062",514,"200691.9290.39","MA",2006,5,16,136,20,42.0812,-70.45,0,0,0,0,0,"MA",0.013
"3063",514,"200691.9260.40","MA",2006,5,16,136,13,42.1443,-70.68,121,43,78,79,42,"MA",0.013
"3064",514,"200691.9330.41","MA",2006,5,16,136,20,42.3122,-70.8018,32,16,16,29,3,"MA",0.013
"3065",514,"200691.9310.42","MA",2006,5,17,137,20,42.2798,-70.8518,109,46,63,62,47,"MA",0.013
"3066",514,"200691.9320.43","MA",2006,5,17,137,15,42.2857,-70.8557,99,50,49,64,35,"MA",0.013
"3067",514,"200691.9320.44","MA",2006,5,17,137,13,42.4133,-70.9445,83,40,43,62,21,"MA",0.013
"3068",514,"200691.9330.45","MA",2006,5,17,137,20,42.4483,-70.8743,45,20,25,38,7,"MA",0.013
"3069",514,"200691.9340.46","MA",2006,5,17,137,20,42.4388,-70.8342,10,8,2,10,0,"MA",0.013
"3070",514,"200691.9350.47","MA",2006,5,17,137,13,42.4733,-70.741,1,0,1,1,0,"MA",0.013
"3071",514,"200691.9350.48","MA",2006,5,18,138,15,42.3275,-70.7007,7,3,4,7,0,"MA",0.013
"3072",514,"200691.9350.49","MA",2006,5,18,138,20,42.381,-70.6968,4,2,2,4,0,"MA",0.013
"3073",514,"200691.9360.50","MA",2006,5,18,138,20,42.4953,-70.6447,3,0,3,3,0,"MA",0.013
"3074",514,"200691.9340.51","MA",2006,5,18,138,20,42.5458,-70.7337,15,11,4,13,2,"MA",0.013
"3075",514,"200691.9350.52","MA",2006,5,18,138,13,42.5877,-70.5835,32,19,13,30,2,"MA",0.013
"3076",514,"200691.9350.53","MA",2006,5,19,139,18.5,42.6892,-70.5623,76,44,32,64,12,"MA",0.013
"3077",514,"200691.9360.54","MA",2006,5,19,139,20,42.7283,-70.5982,23,8,15,21,2,"MA",0.013
"3078",514,"200691.9340.55","MA",2006,5,19,139,20,42.7133,-70.6863,8,1,7,7,1,"MA",0.013
"3079",514,"200691.9310.56","MA",2006,5,19,139,20,42.681,-70.7022,23,8,15,19,4,"MA",0.013
"3080",514,"200691.9320.57","MA",2006,5,19,139,20,42.7067,-70.7212,16,5,11,14,2,"MA",0.013
"3081",514,"200691.9310.58","MA",2006,5,19,139,20,42.6985,-70.7375,10,6,4,6,4,"MA",0.013
"3082",514,"200691.9330.59","MA",2006,5,19,139,20,42.7168,-70.7173,9,3,6,9,0,"MA",0.013
"3083",514,"200691.9300.60","MA",2006,5,20,140,20,42.1063,-70.3008,0,0,0,0,0,"MA",0.013
"3084",514,"200691.9210.61","MA",2006,5,20,140,20,42.11,-70.226,1,0,1,1,0,"MA",0.013
"3085",514,"200691.9210.62","MA",2006,5,20,140,20,42.1008,-70.2118,1,0,1,1,0,"MA",0.013
"3086",514,"200691.9270.63","MA",2006,5,20,140,20,41.9382,-70.1365,3,0,3,3,0,"MA",0.013
"3087",514,"200691.9260.64","MA",2006,5,20,140,20,41.9423,-70.1233,5,1,4,5,0,"MA",0.013
"3088",514,"200691.9290.65","MA",2006,5,21,141,20,42.0088,-70.2445,0,0,0,0,0,"MA",0.013
"3089",514,"200691.9300.66","MA",2006,5,21,141,20,42.0585,-70.2742,1,0,1,1,0,"MA",0.013
"3090",514,"200691.9200.67","MA",2006,5,21,141,20,42.0547,-70.0195,1,1,0,1,0,"MA",0.013
"3091",514,"200691.9170.68","MA",2006,5,21,141,20,42.0088,-70.0162,8,6,2,6,2,"MA",0.013
"3092",514,"200691.9200.69","MA",2006,5,21,141,20,42.1002,-70.1708,2,0,2,2,0,"MA",0.013
"3093",521,"200691.9170.70","MA",2006,5,22,142,20,41.875,-69.9482,2,1,1,1,1,"MA",0.013
"3094",521,"200691.9180.71","MA",2006,5,22,142,13,41.7945,-69.9193,8,2,6,4,4,"MA",0.013
"3095",521,"200691.9180.72","MA",2006,5,22,142,20,41.7173,-69.8958,1,1,0,1,0,"MA",0.013
"3096",521,"200691.9190.73","MA",2006,5,22,142,13,41.678,-69.8795,6,2,4,6,0,"MA",0.013
"3097",521,"200691.9170.82","MA",2006,5,24,144,20,41.3752,-69.991,0,0,0,0,0,"MA",0.013
"3098",514,"200791.9260.1","MA",2007,5,7,127,20,41.8123,-70.4778,1,0,1,0,1,"MA",0.013
"3099",514,"200791.9260.2","MA",2007,5,7,127,20,41.8545,-70.4995,0,0,0,0,0,"MA",0.013
"3100",514,"200791.9270.3","MA",2007,5,7,127,20,41.9123,-70.4908,1,0,1,1,0,"MA",0.013
"3101",514,"200791.9280.4","MA",2007,5,7,127,20,41.912,-70.4203,1,1,0,1,0,"MA",0.013
"3102",514,"200791.9290.5","MA",2007,5,7,127,20,41.9668,-70.3705,5,0,5,3,2,"MA",0.013
"3103",514,"200791.9280.6","MA",2007,5,7,127,20,41.8725,-70.3478,0,0,0,0,0,"MA",0.013
"3104",514,"200791.9250.7","MA",2007,5,8,128,20,41.7443,-70.3252,0,0,0,0,0,"MA",0.013
"3105",514,"200791.9260.8","MA",2007,5,8,128,20,41.7727,-70.2783,0,0,0,0,0,"MA",0.013
"3106",514,"200791.9270.9","MA",2007,5,8,128,20,41.7902,-70.2927,0,0,0,0,0,"MA",0.013
"3107",514,"200791.9270.10","MA",2007,5,8,128,20,41.8455,-70.3105,0,0,0,0,0,"MA",0.013
"3108",514,"200791.9260.11","MA",2007,5,8,128,20,41.8163,-70.2237,0,0,0,0,0,"MA",0.013
"3109",514,"200791.9250.12","MA",2007,5,8,128,20,41.8327,-70.1648,0,0,0,0,0,"MA",0.013
"3110",514,"200791.9250.13","MA",2007,5,8,128,20,41.818,-70.049,0,0,0,0,0,"MA",0.013
"3111",514,"200791.9280.14","MA",2007,5,9,129,13,42.0992,-70.5415,0,0,0,0,0,"MA",0.013
"3112",514,"200791.9290.15","MA",2007,5,9,129,20,42.1072,-70.5085,0,0,0,0,0,"MA",0.013
"3113",514,"200791.9250.16","MA",2007,5,9,129,20,42.144,-70.6852,3,1,2,2,1,"MA",0.013
"3114",514,"200791.9320.17","MA",2007,5,9,129,20,42.237,-70.7435,0,0,0,0,0,"MA",0.013
"3115",514,"200791.9310.18","MA",2007,5,9,129,20,42.2802,-70.8537,5,1,4,3,2,"MA",0.013
"3116",514,"200791.9320.19","MA",2007,5,9,129,14,42.3003,-70.8462,1,0,1,1,0,"MA",0.013
"3117",514,"200791.9330.20","MA",2007,5,10,130,13,42.31,-70.7977,0,0,0,0,0,"MA",0.013
"3118",514,"200791.9350.21","MA",2007,5,10,130,13,42.319,-70.7027,5,4,1,5,0,"MA",0.013
"3119",514,"200791.9350.22","MA",2007,5,10,130,13,42.364,-70.6947,2,2,0,2,0,"MA",0.013
"3120",514,"200791.9360.23","MA",2007,5,10,130,15,42.4182,-70.6567,0,0,0,0,0,"MA",0.013
"3121",514,"200791.9340.24","MA",2007,5,10,130,20,42.4832,-70.763,6,4,2,5,1,"MA",0.013
"3122",514,"200791.9340.25","MA",2007,5,10,130,13,42.439,-70.8473,0,0,0,0,0,"MA",0.013
"3123",514,"200791.9330.26","MA",2007,5,10,130,20,42.4498,-70.8925,0,0,0,0,0,"MA",0.013
"3124",514,"200791.9350.27","MA",2007,5,11,131,15,42.5735,-70.5848,0,0,0,0,0,"MA",0.013
"3125",514,"200791.9350.28","MA",2007,5,11,131,20,42.5907,-70.5818,3,0,3,3,0,"MA",0.013
"3126",514,"200791.9340.29","MA",2007,5,11,131,20,42.6652,-70.5537,17,9,8,15,2,"MA",0.013
"3127",514,"200791.9350.30","MA",2007,5,11,131,13,42.6967,-70.5645,13,9,4,7,6,"MA",0.013
"3128",514,"200791.9360.31","MA",2007,5,12,132,20,42.7233,-70.5957,7,3,4,6,1,"MA",0.013
"3129",514,"200791.9310.32","MA",2007,5,12,132,20,42.6877,-70.7207,0,0,0,0,0,"MA",0.013
"3130",514,"200791.9310.33","MA",2007,5,12,132,20,42.6765,-70.6877,5,3,2,5,0,"MA",0.013
"3131",514,"200791.9320.34","MA",2007,5,12,132,20,42.695,-70.7162,5,3,2,4,1,"MA",0.013
"3132",514,"200791.9330.35","MA",2007,5,12,132,15,42.703,-70.711,0,0,0,0,0,"MA",0.013
"3133",514,"200791.9330.36","MA",2007,5,12,132,17,42.7497,-70.7485,0,0,0,0,0,"MA",0.013
"3134",514,"200791.9340.37","MA",2007,5,12,132,20,42.7165,-70.6758,6,5,1,6,0,"MA",0.013
"3135",514,"200791.9300.38","MA",2007,5,14,134,20,42.1014,-70.3579,2,0,2,2,0,"MA",0.013
"3136",514,"200791.9300.39","MA",2007,5,14,134,20,42.0615,-70.3307,3,1,2,3,0,"MA",0.013
"3137",514,"200791.9290.40","MA",2007,5,16,136,17,41.9873,-70.4067,2,0,2,1,1,"MA",0.013
"3138",514,"200791.9290.41","MA",2007,5,16,136,20,42.0133,-70.3423,2,1,1,2,0,"MA",0.013
"3139",514,"200791.9290.42","MA",2007,5,16,136,20,42.0035,-70.262,0,0,0,0,0,"MA",0.013
"3140",514,"200791.9270.43","MA",2007,5,16,136,13,42.0205,-70.1415,1,0,1,1,0,"MA",0.013
"3141",514,"200791.9280.44","MA",2007,5,16,136,20,41.946,-70.2435,0,0,0,0,0,"MA",0.013
"3142",514,"200791.9280.45","MA",2007,5,16,136,20,41.9347,-70.192,1,0,1,1,0,"MA",0.013
"3143",514,"200791.9260.46","MA",2007,5,16,136,20,41.9088,-70.13,1,1,0,1,0,"MA",0.013
"3144",514,"200791.9270.47","MA",2007,5,16,136,20,41.8948,-70.1702,0,0,0,0,0,"MA",0.013
"3145",514,"200791.9210.82","MA",2007,5,23,143,20,42.11,-70.2203,1,0,1,1,0,"MA",0.013
"3146",514,"200791.9200.83","MA",2007,5,23,143,20,42.1003,-70.14,3,1,2,2,1,"MA",0.013
"3147",514,"200791.9170.84","MA",2007,5,23,143,13,42.0458,-70.0542,6,5,1,4,2,"MA",0.013
"3148",514,"200791.9200.85","MA",2007,5,23,143,20,42.0583,-70.0212,0,0,0,0,0,"MA",0.013
"3149",514,"200791.9180.86","MA",2007,5,23,143,13,42.0322,-70.0275,1,1,0,1,0,"MA",0.013
"3150",514,"200791.9210.87","MA",2007,5,23,143,20,42.0842,-70.0377,0,0,0,0,0,"MA",0.013
"3151",521,"200791.9170.88","MA",2007,5,23,143,20,41.9397,-69.972,8,5,3,4,4,"MA",0.013
"3152",521,"200791.9180.89","MA",2007,5,23,143,20,41.8822,-69.9442,8,1,7,8,0,"MA",0.013
"3153",521,"200791.9190.90","MA",2007,5,23,143,13,41.7225,-69.8818,1,0,1,1,0,"MA",0.013
"3154",521,"200791.9180.91","MA",2007,5,24,144,20,41.3703,-69.9545,0,0,0,0,0,"MA",0.013
"3155",514,"200891.9260.1","MA",2008,5,5,126,20,41.8498,-70.4942,2,0,2,2,0,"MA",0.013
"3156",514,"200891.9280.2","MA",2008,5,5,126,20,41.9098,-70.4388,1,1,0,1,0,"MA",0.013
"3157",514,"200891.9280.3","MA",2008,5,5,126,20,41.9407,-70.4775,7,2,5,7,0,"MA",0.013
"3158",514,"200891.9280.4","MA",2008,5,5,126,18.5,42.0048,-70.4887,4,1,3,4,0,"MA",0.013
"3159",514,"200891.9250.5","MA",2008,5,5,126,20,41.9638,-70.601,3,0,3,3,0,"MA",0.013
"3160",514,"200891.9250.6","MA",2008,5,5,126,20,41.82,-70.52,0,0,0,0,0,"MA",0.013
"3161",514,"200891.9270.7","MA",2008,5,6,127,20,41.7815,-70.4173,7,4,3,5,2,"MA",0.013
"3162",514,"200891.9260.8","MA",2008,5,6,127,20,41.7632,-70.384,3,2,1,3,0,"MA",0.013
"3163",514,"200891.9260.9","MA",2008,5,6,127,20,41.771,-70.3262,3,3,0,3,0,"MA",0.013
"3164",514,"200891.9250.10","MA",2008,5,6,127,20,41.8128,-70.0713,0,0,0,0,0,"MA",0.013
"3165",514,"200891.9260.11","MA",2008,5,6,127,20,41.8162,-70.1418,1,1,0,1,0,"MA",0.013
"3166",514,"200891.9260.12","MA",2008,5,6,127,20,41.8393,-70.2022,1,0,1,1,0,"MA",0.013
"3167",514,"200891.9250.13","MA",2008,5,6,127,20,41.8623,-70.1408,0,0,0,0,0,"MA",0.013
"3168",514,"200891.9270.14","MA",2008,5,6,127,20,41.8392,-70.3333,2,0,2,2,0,"MA",0.013
"3169",514,"200891.9270.15","MA",2008,5,7,128,20,42.1065,-70.5658,6,4,2,6,0,"MA",0.013
"3170",514,"200891.9340.16","MA",2008,5,7,128,16,42.3118,-70.7252,1,1,0,1,0,"MA",0.013
"3171",514,"200891.9330.17","MA",2008,5,7,128,20,42.307,-70.8093,12,6,6,9,3,"MA",0.013
"3172",514,"200891.9320.18","MA",2008,5,7,128,13,42.2842,-70.809,30,18,12,22,8,"MA",0.013
"3173",514,"200891.9320.19","MA",2008,5,7,128,20,42.2993,-70.8335,25,10,15,22,3,"MA",0.013
"3174",514,"200891.9310.20","MA",2008,5,7,128,20,42.2785,-70.8517,22,5,17,16,6,"MA",0.013
"3175",514,"200891.9330.21","MA",2008,5,8,129,20,42.45,-70.8753,11,6,5,10,1,"MA",0.013
"3176",514,"200891.9340.22","MA",2008,5,8,129,20,42.4392,-70.8437,10,2,8,9,1,"MA",0.013
"3177",514,"200891.9360.23","MA",2008,5,8,129,20,42.4237,-70.6633,2,1,1,2,0,"MA",0.013
"3178",514,"200891.9350.24","MA",2008,5,8,129,20,42.4788,-70.7628,4,2,2,4,0,"MA",0.013
"3179",514,"200891.9350.25","MA",2008,5,8,129,19,42.5228,-70.7137,3,2,1,3,0,"MA",0.013
"3180",514,"200891.9350.26","MA",2008,5,8,129,15,42.5998,-70.5725,3,1,2,3,0,"MA",0.013
"3181",514,"200891.9360.27","MA",2008,5,8,129,20,42.621,-70.5362,10,3,7,10,0,"MA",0.013
"3182",514,"200891.9340.28","MA",2008,5,8,129,20,42.6542,-70.5698,38,23,15,35,3,"MA",0.013
"3183",514,"200891.9350.29","MA",2008,5,9,130,20,42.7083,-70.633,15,13,2,13,2,"MA",0.013
"3184",514,"200891.9340.30","MA",2008,5,9,130,20,42.7157,-70.677,5,2,3,5,0,"MA",0.013
"3185",514,"200891.9310.31","MA",2008,5,9,130,20,42.7195,-70.7573,3,3,0,3,0,"MA",0.013
"3186",514,"200891.9330.32","MA",2008,5,9,130,20,42.7858,-70.7683,2,1,1,2,0,"MA",0.013
"3187",514,"200891.9320.33","MA",2008,5,9,130,20,42.7967,-70.7945,34,19,15,27,7,"MA",0.013
"3188",513,"200891.9310.34","MA",2008,5,9,130,20,42.838,-70.806,8,4,4,3,5,"MA",0.013
"3189",513,"200891.9330.35","MA",2008,5,9,130,20,42.8348,-70.7782,5,1,4,4,1,"MA",0.013
"3190",514,"200891.9290.36","MA",2008,5,11,132,20,41.984,-70.3152,0,0,0,0,0,"MA",0.013
"3191",514,"200891.9290.37","MA",2008,5,11,132,20,41.961,-70.3047,0,0,0,0,0,"MA",0.013
"3192",514,"200891.9270.38","MA",2008,5,11,132,20,42.0083,-70.1535,0,0,0,0,0,"MA",0.013
"3193",514,"200891.9270.39","MA",2008,5,11,132,20,41.9792,-70.1362,2,0,2,2,0,"MA",0.013
"3194",514,"200891.9280.40","MA",2008,5,11,132,20,41.9085,-70.199,0,0,0,0,0,"MA",0.013
"3195",521,"200891.9180.59","MA",2008,5,16,137,20,41.374,-69.9577,0,0,0,0,0,"MA",0.013
"3196",521,"200891.9170.60","MA",2008,5,16,137,20,41.3822,-69.992,0,0,0,0,0,"MA",0.013
"3197",521,"200891.9170.61","MA",2008,5,16,137,20,41.407,-69.9675,0,0,0,0,0,"MA",0.013
"3198",521,"200891.9190.78","MA",2008,5,19,140,20,41.7098,-69.8617,2,0,2,1,1,"MA",0.013
"3199",521,"200891.9200.79","MA",2008,5,19,140,20,41.7665,-69.8643,0,0,0,0,0,"MA",0.013
"3200",521,"200891.9210.80","MA",2008,5,19,140,20,41.82,-69.8722,1,1,0,1,0,"MA",0.013
"3201",521,"200891.9200.81","MA",2008,5,19,140,20,41.8313,-69.8868,1,1,0,1,0,"MA",0.013
"3202",521,"200891.9180.82","MA",2008,5,19,140,18,41.8137,-69.9208,13,10,3,13,0,"MA",0.013
"3203",521,"200891.9180.83","MA",2008,5,19,140,20,41.8838,-69.9438,36,18,18,33,3,"MA",0.013
"3204",521,"200891.9170.84","MA",2008,5,20,141,20,41.961,-69.9833,29,22,7,28,1,"MA",0.013
"3205",514,"200891.9210.85","MA",2008,5,20,141,20,42.0667,-70.0048,1,1,0,1,0,"MA",0.013
"3206",514,"200891.9170.86","MA",2008,5,20,141,20,42.0653,-70.0887,50,29,21,48,2,"MA",0.013
"3207",514,"200891.9210.87","MA",2008,5,20,141,17,42.1088,-70.2238,1,0,1,1,0,"MA",0.013
"3208",514,"200891.9300.88","MA",2008,5,20,141,20,42.0707,-70.3775,1,1,0,1,0,"MA",0.013
"3209",514,"200891.9300.89","MA",2008,5,20,141,20,42.074,-70.3013,0,0,0,0,0,"MA",0.013
"3210",514,"200891.9290.90","MA",2008,5,21,142,20,42.07,-70.4737,3,1,2,3,0,"MA",0.013
"3211",514,"200891.9290.91","MA",2008,5,21,142,20,42.0377,-70.4612,4,1,3,4,0,"MA",0.013
"3212",514,"200891.9290.92","MA",2008,5,21,142,20,42.003,-70.4113,2,1,1,2,0,"MA",0.013
"3213",514,"200891.9280.93","MA",2008,5,21,142,20,41.9073,-70.2325,1,0,1,1,0,"MA",0.013
"3214",514,"200991.9250.1","MA",2009,5,4,124,20,41.8328,-70.5105,3,0,3,3,0,"MA",0.013
"3215",514,"200991.9270.2","MA",2009,5,4,124,16,41.888,-70.48,1,1,0,1,0,"MA",0.013
"3216",514,"200991.9280.3","MA",2009,5,4,124,20,41.934,-70.4673,4,2,2,4,0,"MA",0.013
"3217",514,"200991.9270.4","MA",2009,5,4,124,20,41.9748,-70.5538,4,2,2,4,0,"MA",0.013
"3218",514,"200991.9250.5","MA",2009,5,4,124,20,41.9602,-70.6087,0,0,0,0,0,"MA",0.013
"3219",514,"200991.9290.6","MA",2009,5,4,124,20,41.9303,-70.376,1,0,1,1,0,"MA",0.013
"3220",514,"200991.9280.7","MA",2009,5,4,124,20,41.9108,-70.3455,1,1,0,1,0,"MA",0.013
"3221",514,"200991.9280.8","MA",2009,5,4,124,20,41.8682,-70.3182,4,1,3,4,0,"MA",0.013
"3222",514,"200991.9270.9","MA",2009,5,5,125,20,41.7945,-70.4159,3,1,2,2,1,"MA",0.013
"3223",514,"200991.9260.10","MA",2009,5,5,125,20,41.7663,-70.4127,4,3,1,4,0,"MA",0.013
"3224",514,"200991.9260.11","MA",2009,5,5,125,20,41.7616,-70.3209,3,0,3,3,0,"MA",0.013
"3225",514,"200991.9260.12","MA",2009,5,5,125,20,41.7867,-70.269,2,0,2,2,0,"MA",0.013
"3226",514,"200991.9250.13","MA",2009,5,5,125,20,41.8177,-70.05,0,0,0,0,0,"MA",0.013
"3227",514,"200991.9280.14","MA",2009,5,5,125,20,41.8703,-70.2602,0,0,0,0,0,"MA",0.013
"3228",514,"200991.9290.15","MA",2009,5,6,126,18,42.0327,-70.5112,3,2,1,1,2,"MA",0.013
"3229",514,"200991.9340.16","MA",2009,5,6,126,14,42.3165,-70.7233,2,1,1,2,0,"MA",0.013
"3230",514,"200991.9330.17","MA",2009,5,6,126,20,42.3083,-70.8143,3,1,2,3,0,"MA",0.013
"3231",514,"200991.9320.18","MA",2009,5,6,126,20,42.2973,-70.85,5,2,3,5,0,"MA",0.013
"3232",514,"200991.9310.19","MA",2009,5,6,126,20,42.2793,-70.8535,10,3,7,6,4,"MA",0.013
"3233",514,"200991.9350.20","MA",2009,5,7,127,14,42.3715,-70.705,2,1,1,2,0,"MA",0.013
"3234",514,"200991.9340.21","MA",2009,5,7,127,15,42.3938,-70.8238,9,6,3,9,0,"MA",0.013
"3235",514,"200991.9320.22","MA",2009,5,7,127,13,42.4427,-70.9107,25,6,19,21,4,"MA",0.013
"3236",514,"200991.9330.23","MA",2009,5,7,127,20,42.4499,-70.873,13,5,8,13,0,"MA",0.013
"3237",514,"200991.9350.24","MA",2009,5,8,128,13,42.5674,-70.6136,23,10,13,19,4,"MA",0.013
"3238",514,"200991.9360.25","MA",2009,5,8,128,17,42.6187,-70.5392,17,8,9,12,5,"MA",0.013
"3239",514,"200991.9350.26","MA",2009,5,8,128,20,42.7037,-70.5968,41,24,17,39,2,"MA",0.013
"3240",514,"200991.9350.27","MA",2009,5,8,128,20,42.7076,-70.6331,30,17,13,28,2,"MA",0.013
"3241",514,"200991.9340.28","MA",2009,5,8,128,20,42.724,-70.6695,4,1,3,4,0,"MA",0.013
"3242",514,"200991.9330.29","MA",2009,5,9,129,15,42.7019,-70.7021,3,1,2,3,0,"MA",0.013
"3243",514,"200991.9310.30","MA",2009,5,9,129,20,42.7065,-70.7451,2,0,2,2,0,"MA",0.013
"3244",514,"200991.9320.31","MA",2009,5,9,129,20,42.7334,-70.7553,3,1,2,3,0,"MA",0.013
"3245",514,"200991.9330.32","MA",2009,5,9,129,20,42.7975,-70.766,5,2,3,5,0,"MA",0.013
"3246",513,"200991.9340.33","MA",2009,5,9,129,20,42.8365,-70.7491,3,0,3,3,0,"MA",0.013
"3247",514,"200991.9360.34","MA",2009,5,10,130,13,42.4961,-70.6465,35,24,11,35,0,"MA",0.013
"3248",514,"200991.9300.35","MA",2009,5,10,130,13,42.1082,-70.3453,0,0,0,0,0,"MA",0.013
"3249",514,"200991.9300.36","MA",2009,5,10,130,16,42.0837,-70.4196,1,1,0,0,1,"MA",0.013
"3250",514,"200991.9290.37","MA",2009,5,10,130,20,42.0284,-70.3467,3,1,2,3,0,"MA",0.013
"3251",514,"200991.9290.38","MA",2009,5,10,130,20,42.0296,-70.4234,2,1,1,2,0,"MA",0.013
"3252",514,"200991.9270.39","MA",2009,5,11,131,20,41.9102,-70.1632,0,0,0,0,0,"MA",0.013
"3253",514,"200991.9250.40","MA",2009,5,11,131,20,41.8947,-70.1157,1,1,0,1,0,"MA",0.013
"3254",514,"200991.9260.41","MA",2009,5,11,131,20,41.958,-70.1158,3,0,3,3,0,"MA",0.013
"3255",514,"200991.9270.42","MA",2009,5,11,131,20,41.972,-70.136,4,0,4,4,0,"MA",0.013
"3256",514,"200991.9260.43","MA",2009,5,11,131,20,41.9982,-70.1125,6,2,4,6,0,"MA",0.013
"3257",514,"200991.9280.44","MA",2009,5,11,131,20,41.9893,-70.2093,1,1,0,1,0,"MA",0.013
"3258",514,"200991.9290.45","MA",2009,5,11,131,20,42.0422,-70.2648,1,0,1,1,0,"MA",0.013
"3259",514,"200991.9200.46","MA",2009,5,12,132,20,42.1007,-70.1535,2,2,0,2,0,"MA",0.013
"3260",514,"200991.9210.47","MA",2009,5,12,132,20,42.1247,-70.1853,0,0,0,0,0,"MA",0.013
"3261",514,"200991.9210.48","MA",2009,5,12,132,20,42.0752,-70.0207,0,0,0,0,0,"MA",0.013
"3262",514,"200991.9170.49","MA",2009,5,12,132,20,42.0502,-70.06,3,1,2,2,1,"MA",0.013
"3263",521,"200991.9170.50","MA",2009,5,12,132,20,41.9667,-69.9875,3,0,3,2,1,"MA",0.013
"3264",521,"200991.9200.51","MA",2009,5,12,132,20,41.8172,-69.8875,0,0,0,0,0,"MA",0.013
"3265",521,"200991.9180.52","MA",2009,5,12,132,20,41.8248,-69.9223,4,3,1,4,0,"MA",0.013
"3266",521,"200991.9180.53","MA",2009,5,13,133,16.5,41.7403,-69.9105,4,1,3,4,0,"MA",0.013
"3267",521,"200991.9190.54","MA",2009,5,13,133,20,41.7022,-69.8813,7,6,1,7,0,"MA",0.013
"3268",521,"200991.9170.55","MA",2009,5,13,133,20,41.375,-69.9897,0,0,0,0,0,"MA",0.013
"3269",521,"200991.9180.56","MA",2009,5,13,133,20,41.3728,-69.9558,1,0,1,1,0,"MA",0.013
"3270",514,"201091.9260.1","MA",2010,5,3,123,20.1,41.7963,-70.4754,4,1,3,3,1,"MA",0.013065
"3271",514,"201091.9250.2","MA",2010,5,3,123,20.1,41.8368,-70.5102,0,0,0,0,0,"MA",0.013065
"3272",514,"201091.9260.3","MA",2010,5,3,123,20,41.856,-70.4947,3,0,3,2,1,"MA",0.013
"3273",514,"201091.9280.4","MA",2010,5,3,123,20.2,41.8855,-70.3137,2,0,2,2,0,"MA",0.01313
"3274",514,"201091.9280.5","MA",2010,5,3,123,20,41.866,-70.3195,4,1,3,4,0,"MA",0.013
"3275",514,"201091.9270.6","MA",2010,5,3,123,20.1,41.8458,-70.3011,10,5,5,10,0,"MA",0.013065
"3276",514,"201091.9270.7","MA",2010,5,3,123,20,41.8062,-70.3546,1,0,1,1,0,"MA",0.013
"3277",514,"201091.9270.8","MA",2010,5,3,123,13.7,41.8022,-70.4159,0,0,0,0,0,"MA",0.013
"3278",514,"201091.9250.9","MA",2010,5,4,124,20.2,41.7442,-70.33,5,3,2,4,1,"MA",0.01313
"3279",514,"201091.9260.10","MA",2010,5,4,124,20,41.7705,-70.3244,0,0,0,0,0,"MA",0.013
"3280",514,"201091.9260.11","MA",2010,5,4,124,20,41.8439,-70.1791,4,2,2,4,0,"MA",0.013
"3281",514,"201091.9250.12","MA",2010,5,4,124,20.1,41.8392,-70.1641,0,0,0,0,0,"MA",0.013065
"3282",514,"201091.9250.13","MA",2010,5,4,124,20.2,41.8955,-70.1159,0,0,0,0,0,"MA",0.01313
"3283",514,"201091.9280.14","MA",2010,5,4,124,20.3,41.9614,-70.1802,2,0,2,2,0,"MA",0.013195
"3284",514,"201091.9290.15","MA",2010,5,4,124,20,41.9617,-70.3096,2,0,2,2,0,"MA",0.013
"3285",514,"201091.9280.16","MA",2010,5,4,124,20,41.9313,-70.2911,5,1,4,5,0,"MA",0.013
"3286",514,"201091.9290.17","MA",2010,5,5,125,20.3,41.9945,-70.4584,4,2,2,3,1,"MA",0.013195
"3287",514,"201091.9280.18","MA",2010,5,5,125,17,42.1066,-70.5183,2,1,1,2,0,"MA",0.013
"3288",514,"201091.9320.19","MA",2010,5,5,125,16.1,42.2348,-70.7422,7,2,5,5,2,"MA",0.013
"3289",514,"201091.9340.20","MA",2010,5,5,125,19.7,42.3123,-70.7224,8,5,3,8,0,"MA",0.013
"3290",514,"201091.9320.22","MA",2010,5,5,125,20.2,42.292,-70.8635,15,7,8,4,11,"MA",0.01313
"3291",514,"201091.9310.23","MA",2010,5,5,125,20,42.2886,-70.8639,7,2,5,6,1,"MA",0.013
"3292",514,"201091.9340.25","MA",2010,5,6,126,13.1,42.3928,-70.8221,10,4,6,10,0,"MA",0.013
"3293",514,"201091.9330.26","MA",2010,5,6,126,20,42.3916,-70.9106,9,3,6,8,1,"MA",0.013
"3294",514,"201091.9330.27","MA",2010,5,6,126,20.1,42.4517,-70.8735,13,4,9,13,0,"MA",0.013065
"3295",514,"201091.9350.28","MA",2010,5,6,126,20,42.3811,-70.6969,0,0,0,0,0,"MA",0.013
"3296",514,"201091.9360.29","MA",2010,5,6,126,20,42.4295,-70.6612,2,1,1,2,0,"MA",0.013
"3297",514,"201091.9350.30","MA",2010,5,6,126,20,42.5117,-70.7085,1,1,0,1,0,"MA",0.013
"3298",514,"201091.9350.31","MA",2010,5,6,126,20,42.5321,-70.6663,2,1,1,2,0,"MA",0.013
"3299",514,"201091.9350.32","MA",2010,5,7,127,20.1,42.5985,-70.5698,4,2,2,4,0,"MA",0.013065
"3300",514,"201091.9360.33","MA",2010,5,7,127,20.3,42.624,-70.5177,9,4,5,8,1,"MA",0.013195
"3301",514,"201091.9340.34","MA",2010,5,7,127,13.3,42.65,-70.5767,41,19,22,37,4,"MA",0.013
"3302",514,"201091.9350.35","MA",2010,5,7,127,20.1,42.695,-70.5733,12,4,8,11,1,"MA",0.013065
"3303",514,"201091.9340.36","MA",2010,5,7,127,20.1,42.7174,-70.6592,5,1,4,5,0,"MA",0.013065
"3304",514,"201091.9330.37","MA",2010,5,7,127,20.1,42.7152,-70.7178,1,1,0,1,0,"MA",0.013065
"3305",514,"201091.9330.38","MA",2010,5,8,128,20.1,42.7461,-70.7483,1,1,0,1,0,"MA",0.013065
"3306",514,"201091.9320.39","MA",2010,5,8,128,20,42.7505,-70.771,4,1,3,4,0,"MA",0.013
"3307",514,"201091.9310.40","MA",2010,5,8,128,20,42.7642,-70.7903,5,3,2,5,0,"MA",0.013
"3308",514,"201091.9310.41","MA",2010,5,8,128,20.4,42.7172,-70.7598,4,3,1,4,0,"MA",0.01326
"3309",514,"201091.9270.42","MA",2010,5,10,130,20.3,41.9918,-70.136,1,0,1,1,0,"MA",0.013195
"3310",514,"201091.9260.44","MA",2010,5,10,130,20.1,41.9691,-70.1071,11,5,6,9,2,"MA",0.013065
"3311",514,"201091.9270.45","MA",2010,5,10,130,20.1,41.9514,-70.1398,9,1,8,7,2,"MA",0.013065
"3312",514,"201091.9290.46","MA",2010,5,10,130,20,42.0341,-70.3432,3,1,2,3,0,"MA",0.013
"3313",514,"201091.9300.47","MA",2010,5,10,130,20.2,42.0767,-70.4064,8,2,6,6,2,"MA",0.01313
"3314",514,"201091.9290.48","MA",2010,5,10,130,20.1,42.0647,-70.4738,5,2,3,4,1,"MA",0.013065
"3315",514,"201091.9290.49","MA",2010,5,10,130,20.2,42.1238,-70.4917,1,1,0,1,0,"MA",0.01313
"3316",514,"201091.9300.50","MA",2010,5,10,130,16,42.1128,-70.4141,11,1,10,9,2,"MA",0.013
"3317",514,"201091.9210.51","MA",2010,5,11,131,20.3,42.0914,-70.2348,5,2,3,5,0,"MA",0.013195
"3318",514,"201091.9210.52","MA",2010,5,11,131,18.5,42.1042,-70.2352,3,1,2,3,0,"MA",0.013
"3319",514,"201091.9200.53","MA",2010,5,11,131,20.1,42.1007,-70.1443,3,2,1,3,0,"MA",0.013065
"3320",514,"201091.9170.54","MA",2010,5,11,131,17.7,42.09,-70.1695,4,1,3,3,1,"MA",0.013
"3321",514,"201091.9180.55","MA",2010,5,11,131,20.2,42.03,-70.0258,5,2,3,5,0,"MA",0.01313
"3322",514,"201091.9170.56","MA",2010,5,11,131,20.1,42.0015,-70.0106,2,1,1,2,0,"MA",0.013065
"3323",521,"201091.9190.57","MA",2010,5,11,131,20.1,41.8175,-69.9057,3,2,1,3,0,"MA",0.013065
"3324",521,"201091.9200.58","MA",2010,5,11,131,20.1,41.7956,-69.8789,0,0,0,0,0,"MA",0.013065
"3325",521,"201091.9180.59","MA",2010,5,12,132,20.1,41.649,-69.9192,0,0,0,0,0,"MA",0.013065
"3326",521,"201091.9170.60","MA",2010,5,12,132,20,41.393,-69.99,0,0,0,0,0,"MA",0.013
"3327",521,"201091.9180.61","MA",2010,5,12,132,20.1,41.4398,-69.99,0,0,0,0,0,"MA",0.013065
"3328",514,"201191.9260.1","MA",2011,5,3,123,20,41.8277,-70.4768,1,1,0,1,0,"MA",0.013
"3329",514,"201191.9250.2","MA",2011,5,3,123,20.1,41.8525,-70.5135,2,0,2,1,1,"MA",0.013065
"3330",514,"201191.9270.3","MA",2011,5,3,123,19.9,41.9579,-70.5356,11,9,2,9,2,"MA",0.013
"3331",514,"201191.9250.4","MA",2011,5,3,123,20,41.9637,-70.6092,3,1,2,2,1,"MA",0.013
"3332",514,"201191.9280.5","MA",2011,5,3,123,20.1,41.8894,-70.4338,9,3,6,7,2,"MA",0.013065
"3333",514,"201191.9270.6","MA",2011,5,4,124,20,41.8315,-70.3742,1,0,1,1,0,"MA",0.013
"3334",514,"201191.9260.7","MA",2011,5,4,124,20,41.7858,-70.3064,0,0,0,0,0,"MA",0.013
"3335",514,"201191.9260.8","MA",2011,5,4,124,20,41.7982,-70.2317,2,0,2,1,1,"MA",0.013
"3336",514,"201191.9260.9","MA",2011,5,4,124,20.1,41.7815,-70.1635,0,0,0,0,0,"MA",0.013065
"3337",514,"201191.9250.10","MA",2011,5,4,124,20.1,41.7933,-70.1205,1,0,1,1,0,"MA",0.013065
"3338",514,"201191.9250.11","MA",2011,5,4,124,20,41.849,-70.1506,1,0,1,1,0,"MA",0.013
"3339",514,"201191.9260.12","MA",2011,5,4,124,20.1,41.8966,-70.1315,2,2,0,2,0,"MA",0.013065
"3340",514,"201191.9270.13","MA",2011,5,4,124,20.1,41.8429,-70.2442,5,1,4,5,0,"MA",0.013065
"3341",514,"201191.9270.14","MA",2011,5,4,124,20.1,41.8523,-70.4103,6,3,3,6,0,"MA",0.013065
"3342",514,"201191.9290.15","MA",2011,5,5,125,20.2,42.0131,-70.4538,7,2,5,6,1,"MA",0.01313
"3343",514,"201191.9290.16","MA",2011,5,5,125,20.1,42.071,-70.5259,8,5,3,6,2,"MA",0.013065
"3344",514,"201191.9320.18","MA",2011,5,5,125,17.4,42.2268,-70.7352,7,2,5,3,4,"MA",0.013
"3345",514,"201191.9340.19","MA",2011,5,5,125,15.1,42.3098,-70.7187,57,41,16,54,3,"MA",0.013
"3346",514,"201191.9320.20","MA",2011,5,5,125,20,42.3005,-70.8375,16,8,8,14,2,"MA",0.013
"3347",514,"201191.9310.21","MA",2011,5,5,125,20,42.2786,-70.8523,19,11,8,5,14,"MA",0.013
"3348",514,"201191.9330.22","MA",2011,5,6,126,13,42.3136,-70.7979,54,31,23,40,14,"MA",0.013
"3349",514,"201191.9330.23","MA",2011,5,6,126,20,42.3977,-70.8928,24,12,12,18,6,"MA",0.013
"3350",514,"201191.9360.24","MA",2011,5,6,126,13.5,42.4122,-70.6518,7,6,1,7,0,"MA",0.013
"3351",514,"201191.9350.26","MA",2011,5,6,126,15.1,42.473,-70.7405,26,20,6,26,0,"MA",0.013
"3352",514,"201191.9340.27","MA",2011,5,6,126,20,42.5478,-70.721,62,38,24,55,7,"MA",0.013
"3353",514,"201191.9350.28","MA",2011,5,7,127,20,42.5713,-70.6079,11,6,5,10,1,"MA",0.013
"3354",514,"201191.9350.29","MA",2011,5,7,127,20,42.5953,-70.5731,10,7,3,9,1,"MA",0.013
"3355",514,"201191.9360.30","MA",2011,5,7,127,20,42.6021,-70.5433,11,2,9,10,1,"MA",0.013
"3356",514,"201191.9340.31","MA",2011,5,7,127,20.1,42.6548,-70.5689,39,18,21,36,3,"MA",0.013065
"3357",514,"201191.9350.32","MA",2011,5,7,127,20,42.7064,-70.6019,41,23,18,40,1,"MA",0.013
"3358",514,"201191.9340.33","MA",2011,5,7,127,20,42.7155,-70.6785,0,0,0,0,0,"MA",0.013
"3359",514,"201191.9330.34","MA",2011,5,8,128,20.1,42.7112,-70.7025,1,0,1,1,0,"MA",0.013065
"3360",514,"201191.9320.35","MA",2011,5,8,128,20.1,42.7107,-70.7307,2,2,0,1,1,"MA",0.013065
"3361",514,"201191.9310.36","MA",2011,5,8,128,20.1,42.7002,-70.7415,2,2,0,2,0,"MA",0.013065
"3362",513,"201191.9310.37","MA",2011,5,8,128,20.2,42.8459,-70.8085,4,3,1,3,1,"MA",0.01313
"3363",514,"201191.9330.38","MA",2011,5,8,128,20.1,42.7709,-70.7615,2,1,1,2,0,"MA",0.013065
"3364",514,"201191.9280.60","MA",2011,5,14,134,20,41.8604,-70.3375,5,3,2,4,1,"MA",0.013
"3365",514,"201191.9280.61","MA",2011,5,14,134,20.4,41.9021,-70.3708,42,13,29,35,7,"MA",0.01326
"3366",514,"201191.9290.62","MA",2011,5,14,134,20,41.9317,-70.3835,55,18,37,38,17,"MA",0.013
"3367",514,"201191.9280.63","MA",2011,5,14,134,20,41.9202,-70.2597,8,3,5,6,2,"MA",0.013
"3368",514,"201191.9280.64","MA",2011,5,14,134,20,41.9346,-70.1923,3,1,2,3,0,"MA",0.013
"3369",514,"201191.9290.65","MA",2011,5,14,134,20.2,41.9526,-70.341,30,6,24,26,4,"MA",0.01313
"3370",514,"201191.9290.66","MA",2011,5,14,134,20.1,41.9871,-70.3402,6,2,4,6,0,"MA",0.013065
"3371",514,"201191.9300.67","MA",2011,5,14,134,20,42.0856,-70.4194,3,0,3,2,1,"MA",0.013
"3372",514,"201191.9300.68","MA",2011,5,14,134,20.1,42.0825,-70.3738,0,0,0,0,0,"MA",0.013065
"3373",514,"201191.9270.69","MA",2011,5,15,135,20.3,42.0077,-70.1471,0,0,0,0,0,"MA",0.013195
"3374",514,"201191.9210.70","MA",2011,5,15,135,20.2,42.0965,-70.2268,15,12,3,15,0,"MA",0.01313
"3375",514,"201191.9170.71","MA",2011,5,15,135,20,42.0587,-70.0746,21,4,17,21,0,"MA",0.013
"3376",514,"201191.9180.72","MA",2011,5,15,135,19.7,42.0398,-70.0417,7,2,5,7,0,"MA",0.013
"3377",514,"201191.9210.73","MA",2011,5,15,135,20.1,42.0746,-70.0162,0,0,0,0,0,"MA",0.013065
"3378",514,"201191.9200.74","MA",2011,5,15,135,20.1,42.0687,-70.0307,0,0,0,0,0,"MA",0.013065
"3379",521,"201191.9190.75","MA",2011,5,15,135,20,41.9031,-69.9383,2,0,2,2,0,"MA",0.013
"3380",521,"201191.9170.76","MA",2011,5,15,135,19.8,41.9399,-69.9721,16,6,10,15,1,"MA",0.013
"3381",521,"201191.9200.77","MA",2011,5,16,136,20.1,41.8362,-69.889,0,0,0,0,0,"MA",0.013065
"3382",521,"201191.9180.78","MA",2011,5,16,136,20.1,41.7144,-69.8959,0,0,0,0,0,"MA",0.013065
"3383",521,"201191.9170.80","MA",2011,5,16,136,19.9,41.3913,-69.9914,0,0,0,0,0,"MA",0.013
"3384",514,"201291.9270.1","MA",2012,5,7,128,20,41.8541,-70.4099,16,7,9,9,7,"MA",0.013
"3385",514,"201291.9270.2","MA",2012,5,7,128,20.1,41.8617,-70.4479,1,0,1,1,0,"MA",0.013065
"3386",514,"201291.9250.3","MA",2012,5,7,128,20,41.8376,-70.5074,1,1,0,1,0,"MA",0.013
"3387",514,"201291.9260.4","MA",2012,5,7,128,20.1,41.9841,-70.5853,8,6,2,4,4,"MA",0.013065
"3388",514,"201291.9250.5","MA",2012,5,7,128,20,42.053,-70.6364,19,9,10,9,10,"MA",0.013
"3389",514,"201291.9280.6","MA",2012,5,7,128,20.1,41.9702,-70.5094,6,2,4,3,3,"MA",0.013065
"3390",514,"201291.9290.7","MA",2012,5,7,128,20.1,41.9907,-70.4116,5,3,2,5,0,"MA",0.013065
"3391",514,"201291.9280.8","MA",2012,5,8,129,20,41.9039,-70.3844,17,10,7,12,5,"MA",0.013
"3392",514,"201291.9270.9","MA",2012,5,8,129,20,41.8361,-70.3479,7,2,5,5,2,"MA",0.013
"3393",514,"201291.9270.10","MA",2012,5,8,129,20,41.87,-70.2187,5,1,4,5,0,"MA",0.013
"3394",514,"201291.9260.11","MA",2012,5,8,129,21,41.862,-70.1585,8,3,5,7,1,"MA",0.01365
"3395",514,"201291.9250.12","MA",2012,5,8,129,20.1,41.8152,-70.0887,0,0,0,0,0,"MA",0.013065
"3396",514,"201291.9260.13","MA",2012,5,8,129,20.2,41.7835,-70.1606,0,0,0,0,0,"MA",0.01313
"3397",514,"201291.9260.14","MA",2012,5,8,129,13.2,41.7664,-70.3118,1,1,0,1,0,"MA",0.013
"3398",514,"201291.9280.15","MA",2012,5,9,130,20,42.1271,-70.5229,7,6,1,7,0,"MA",0.013
"3399",514,"201291.9320.16","MA",2012,5,9,130,19.9,42.2383,-70.7443,11,6,5,10,1,"MA",0.013
"3400",514,"201291.9320.19","MA",2012,5,9,130,12.9,42.2893,-70.8161,37,25,12,14,23,"MA",0.013
"3401",514,"201291.9310.20","MA",2012,5,9,130,20,42.2906,-70.8654,12,5,7,8,4,"MA",0.013
"3402",514,"201291.9330.21","MA",2012,5,9,130,20,42.3131,-70.7964,5,2,3,4,1,"MA",0.013
"3403",514,"201291.9330.22","MA",2012,5,10,131,20,42.3976,-70.8927,18,9,9,13,5,"MA",0.013
"3404",514,"201291.9340.23","MA",2012,5,10,131,20,42.4389,-70.8327,16,9,7,12,4,"MA",0.013
"3405",514,"201291.9350.26","MA",2012,5,10,131,17,42.4683,-70.7743,12,8,4,10,2,"MA",0.013
"3406",514,"201291.9340.27","MA",2012,5,10,131,13.1,42.4739,-70.7785,30,19,11,30,0,"MA",0.013
"3407",514,"201291.9360.28","MA",2012,5,10,131,15,42.4841,-70.6455,10,2,8,9,1,"MA",0.013
"3408",514,"201291.9330.29","MA",2012,5,11,132,15,42.6128,-70.6005,4,2,2,4,0,"MA",0.013
"3409",514,"201291.9350.30","MA",2012,5,11,132,13.9,42.6502,-70.5408,12,3,9,12,0,"MA",0.013
"3410",514,"201291.9360.31","MA",2012,5,11,132,20,42.7041,-70.5411,20,13,7,15,5,"MA",0.013
"3411",514,"201291.9350.32","MA",2012,5,11,132,13,42.6866,-70.568,15,4,11,13,2,"MA",0.013
"3412",514,"201291.9340.33","MA",2012,5,11,132,20.1,42.6954,-70.5966,6,1,5,6,0,"MA",0.013065
"3413",514,"201291.9340.34","MA",2012,5,11,132,20,42.7174,-70.6542,3,3,0,3,0,"MA",0.013
"3414",514,"201291.9320.35","MA",2012,5,12,133,20,42.7981,-70.7945,9,2,7,6,3,"MA",0.013
"3415",514,"201291.9330.36","MA",2012,5,12,133,20.1,42.7714,-70.7613,0,0,0,0,0,"MA",0.013065
"3416",514,"201291.9310.37","MA",2012,5,12,133,20,42.7157,-70.7577,2,1,1,2,0,"MA",0.013
"3417",514,"201291.9310.38","MA",2012,5,12,133,20.1,42.6759,-70.6872,1,1,0,1,0,"MA",0.013065
"3418",514,"201291.9300.39","MA",2012,5,13,134,20,42.0949,-70.3607,2,2,0,2,0,"MA",0.013
"3419",514,"201291.9290.40","MA",2012,5,13,134,20,42.045,-70.3638,2,1,1,2,0,"MA",0.013
"3420",514,"201291.9290.41","MA",2012,5,13,134,20.1,42.0141,-70.4113,3,1,2,2,1,"MA",0.013065
"3421",514,"201291.9290.42","MA",2012,5,13,134,20,41.9345,-70.3594,4,2,2,3,1,"MA",0.013
"3422",514,"201291.9280.43","MA",2012,5,13,134,20,41.9154,-70.3016,3,1,2,3,0,"MA",0.013
"3423",514,"201291.9280.44","MA",2012,5,14,135,20,41.933,-70.2203,5,1,4,5,0,"MA",0.013
"3424",514,"201291.9250.45","MA",2012,5,14,135,16.6,41.9168,-70.1024,4,2,2,4,0,"MA",0.013
"3425",514,"201291.9270.46","MA",2012,5,14,135,20,41.9575,-70.1452,0,0,0,0,0,"MA",0.013
"3426",514,"201291.9290.47","MA",2012,5,14,135,20.3,41.984,-70.2814,4,0,4,4,0,"MA",0.013195
"3427",514,"201291.9300.48","MA",2012,5,14,135,20,42.0617,-70.264,6,2,4,6,0,"MA",0.013
"3428",514,"201291.9210.49","MA",2012,5,14,135,20.1,42.0964,-70.2066,85,28,57,84,1,"MA",0.013065
"3429",514,"201291.9210.50","MA",2012,5,14,135,20,42.1074,-70.171,4,0,4,4,0,"MA",0.013
"3430",514,"201291.9200.51","MA",2012,5,14,135,13.2,42.0994,-70.1262,59,19,40,59,0,"MA",0.013
"3431",514,"201291.9190.52","MA",2012,5,14,135,15,42.0983,-70.1711,28,9,19,28,0,"MA",0.013
"3432",514,"201291.9200.53","MA",2012,5,15,136,20,42.0553,-70.0198,3,2,1,3,0,"MA",0.013
"3433",514,"201291.9180.54","MA",2012,5,15,136,12.9,42.0273,-70.0306,2,1,1,2,0,"MA",0.013
"3434",521,"201291.9180.55","MA",2012,5,15,136,20.1,41.882,-69.9459,1,1,0,1,0,"MA",0.013065
"3435",521,"201291.9170.56","MA",2012,5,15,136,20,41.8315,-69.9316,1,0,1,1,0,"MA",0.013
"3436",521,"201291.9170.57","MA",2012,5,15,136,20,41.6329,-69.9389,0,0,0,0,0,"MA",0.013
"3437",521,"201291.9170.58","MA",2012,5,15,136,20,41.4053,-69.9702,0,0,0,0,0,"MA",0.013
"3438",521,"201291.9170.59","MA",2012,5,15,136,20,41.3618,-69.9812,0,0,0,0,0,"MA",0.013
"3439",521,"201291.9180.64","MA",2012,5,16,137,20,41.4377,-69.9776,0,0,0,0,0,"MA",0.013
"3440",514,"201391.9260.1","MA",2013,5,6,126,20,41.7707,-70.413,2,0,2,2,0,"MA",0.013
"3441",514,"201391.9260.2","MA",2013,5,6,126,20,41.7584,-70.3399,5,3,2,4,1,"MA",0.013
"3442",514,"201391.9250.3","MA",2013,5,6,126,20,41.7474,-70.3025,1,1,0,1,0,"MA",0.013
"3443",514,"201391.9250.4","MA",2013,5,6,126,20,41.7814,-70.137,0,0,0,0,0,"MA",0.013
"3444",514,"201391.9250.5","MA",2013,5,6,126,20.2,41.8053,-70.0673,0,0,0,0,0,"MA",0.01313
"3445",514,"201391.9260.6","MA",2013,5,6,126,20,41.839,-70.1906,3,2,1,3,0,"MA",0.013
"3446",514,"201391.9270.7","MA",2013,5,6,126,20,41.8356,-70.273,2,0,2,2,0,"MA",0.013
"3447",514,"201391.9280.8","MA",2013,5,6,126,20,41.8741,-70.3186,5,3,2,5,0,"MA",0.013
"3448",514,"201391.9270.9","MA",2013,5,7,127,20.1,41.8488,-70.4335,5,3,2,4,1,"MA",0.013065
"3449",514,"201391.9280.10","MA",2013,5,7,127,20,41.9357,-70.4845,22,10,12,19,3,"MA",0.013
"3450",514,"201391.9290.11","MA",2013,5,7,127,20.1,41.9825,-70.4685,4,3,1,3,1,"MA",0.013065
"3451",514,"201391.9290.12","MA",2013,5,7,127,20,42.0227,-70.3962,1,0,1,0,1,"MA",0.013
"3452",514,"201391.9290.13","MA",2013,5,7,127,20,41.9499,-70.4082,7,4,3,3,4,"MA",0.013
"3453",514,"201391.9280.14","MA",2013,5,7,127,20,41.8958,-70.3752,15,8,7,12,3,"MA",0.013
"3454",514,"201391.9270.15","MA",2013,5,7,127,20,41.8456,-70.3524,1,1,0,1,0,"MA",0.013
"3455",514,"201391.9250.16","MA",2013,5,8,128,20,42.0546,-70.6369,16,7,9,6,10,"MA",0.013
"3456",514,"201391.9320.17","MA",2013,5,8,128,20,42.2384,-70.7448,15,6,9,10,5,"MA",0.013
"3457",514,"201391.9340.18","MA",2013,5,8,128,15,42.3105,-70.734,11,6,5,9,2,"MA",0.013
"3458",514,"201391.9330.19","MA",2013,5,8,128,20,42.3138,-70.8004,15,7,8,11,4,"MA",0.013
"3459",514,"201391.9320.20","MA",2013,5,8,128,13,42.2831,-70.8101,56,27,29,46,10,"MA",0.013
"3460",514,"201391.9340.22","MA",2013,5,9,129,13,42.3908,-70.8277,34,27,7,30,4,"MA",0.013
"3461",514,"201391.9310.23","MA",2013,5,9,129,20,42.4172,-70.9554,26,9,17,12,14,"MA",0.013
"3462",514,"201391.9330.24","MA",2013,5,9,129,20,42.3935,-70.9063,24,8,16,20,4,"MA",0.013
"3463",514,"201391.9350.25","MA",2013,5,9,129,13.1,42.4615,-70.8071,39,22,17,37,2,"MA",0.013
"3464",514,"201391.9360.26","MA",2013,5,9,129,20,42.473,-70.63,17,6,11,16,1,"MA",0.013
"3465",514,"201391.9350.27","MA",2013,5,9,129,19.9,42.5101,-70.6935,14,4,10,12,2,"MA",0.013
"3466",514,"201391.9350.28","MA",2013,5,10,130,20,42.5911,-70.5798,15,6,9,14,1,"MA",0.013
"3467",514,"201391.9360.29","MA",2013,5,10,130,20,42.6533,-70.5184,25,11,14,17,8,"MA",0.013
"3468",514,"201391.9350.30","MA",2013,5,10,130,20,42.6877,-70.5669,38,27,11,34,4,"MA",0.013
"3469",514,"201391.9340.31","MA",2013,5,11,131,20,42.6966,-70.5991,26,16,10,23,3,"MA",0.013
"3470",514,"201391.9340.32","MA",2013,5,11,131,20,42.704,-70.6229,36,23,13,32,4,"MA",0.013
"3471",514,"201391.9350.33","MA",2013,5,11,131,19.9,42.7158,-70.6209,34,15,19,33,1,"MA",0.013
"3472",514,"201391.9310.34","MA",2013,5,11,131,20,42.6989,-70.7323,11,2,9,11,0,"MA",0.013
"3473",514,"201391.9320.35","MA",2013,5,11,131,20,42.696,-70.7119,3,1,2,3,0,"MA",0.013
"3474",514,"201391.9330.36","MA",2013,5,11,131,20,42.7579,-70.7497,1,1,0,1,0,"MA",0.013
"3475",513,"201391.9330.37","MA",2013,5,11,131,20,42.8362,-70.7732,14,3,11,14,0,"MA",0.013
"3476",513,"201391.9310.38","MA",2013,5,11,131,20,42.8422,-70.809,22,9,13,22,0,"MA",0.013
"3477",514,"201391.9300.39","MA",2013,5,12,132,20,42.0753,-70.404,1,1,0,1,0,"MA",0.013
"3478",514,"201391.9300.40","MA",2013,5,12,132,20.1,42.0833,-70.3091,1,0,1,1,0,"MA",0.013065
"3479",514,"201391.9290.41","MA",2013,5,12,132,20,42.015,-70.3029,1,0,1,1,0,"MA",0.013
"3480",514,"201391.9280.42","MA",2013,5,13,133,20,41.9119,-70.2363,9,2,7,9,0,"MA",0.013
"3481",514,"201391.9280.43","MA",2013,5,13,133,20.1,41.952,-70.2116,9,0,9,9,0,"MA",0.013065
"3482",514,"201391.9290.44","MA",2013,5,13,133,20,41.9752,-70.2622,17,3,14,17,0,"MA",0.013
"3483",514,"201391.9270.45","MA",2013,5,13,133,20,41.9511,-70.1454,3,1,2,3,0,"MA",0.013
"3484",514,"201391.9260.46","MA",2013,5,13,133,20,42.0102,-70.1137,2,0,2,2,0,"MA",0.013
"3485",514,"201391.9270.47","MA",2013,5,13,133,20,42.0166,-70.1387,3,1,2,3,0,"MA",0.013
"3486",521,"201391.9180.74","MA",2013,5,17,137,20,41.4251,-69.9989,0,0,0,0,0,"MA",0.013
"3487",521,"201391.9180.75","MA",2013,5,17,137,20,41.3733,-69.9573,0,0,0,0,0,"MA",0.013
"3488",521,"201391.9170.76","MA",2013,5,17,137,20,41.3715,-69.9907,0,0,0,0,0,"MA",0.013
"3489",521,"201391.9170.78","MA",2013,5,18,138,20,41.5239,-69.9337,0,0,0,0,0,"MA",0.013
"3490",521,"201391.9170.79","MA",2013,5,18,138,14,41.6344,-69.9286,0,0,0,0,0,"MA",0.013
"3491",521,"201391.9190.82","MA",2013,5,18,138,20,41.7288,-69.8745,1,0,1,1,0,"MA",0.013
"3492",521,"201391.9180.83","MA",2013,5,18,138,20.1,41.7381,-69.901,0,0,0,0,0,"MA",0.013065
"3493",521,"201391.9210.84","MA",2013,5,18,138,20,41.8039,-69.8708,0,0,0,0,0,"MA",0.013
"3494",521,"201391.9200.85","MA",2013,5,18,138,20,41.8005,-69.8741,1,1,0,1,0,"MA",0.013
"3495",521,"201391.9200.86","MA",2013,5,19,139,20,41.8172,-69.8874,1,0,1,1,0,"MA",0.013
"3496",521,"201391.9170.87","MA",2013,5,19,139,20.1,41.8962,-69.9533,5,3,2,5,0,"MA",0.013065
"3497",514,"201391.9180.88","MA",2013,5,19,139,20,42.0751,-70.1046,63,22,41,61,2,"MA",0.013
"3498",514,"201391.9210.89","MA",2013,5,19,139,20,42.1097,-70.1479,5,3,2,5,0,"MA",0.013
"3499",514,"201491.9250.1","MA",2014,5,5,125,20.2,41.84,-70.5182,0,0,0,0,0,"MA",0.01313
"3500",514,"201491.9270.2","MA",2014,5,5,125,20.5,41.8775,-70.4856,0,0,0,0,0,"MA",0.013325
"3501",514,"201491.9280.3","MA",2014,5,5,125,20.1,41.9285,-70.4752,13,8,5,9,4,"MA",0.013065
"3502",514,"201491.9260.4","MA",2014,5,5,125,20,41.9574,-70.5702,0,0,0,0,0,"MA",0.013
"3503",514,"201491.9290.5","MA",2014,5,5,125,20,41.9335,-70.4356,21,10,11,17,4,"MA",0.013
"3504",514,"201491.9280.6","MA",2014,5,5,125,20,41.9289,-70.3273,5,3,2,3,2,"MA",0.013
"3505",514,"201491.9280.7","MA",2014,5,5,125,20.1,41.8859,-70.3833,19,6,13,18,1,"MA",0.013065
"3506",514,"201491.9270.8","MA",2014,5,5,125,20.1,41.8369,-70.4126,3,0,3,3,0,"MA",0.013065
"3507",514,"201491.9260.9","MA",2014,5,6,126,20.1,41.7619,-70.379,1,0,1,1,0,"MA",0.013065
"3508",514,"201491.9250.10","MA",2014,5,6,126,20,41.7443,-70.3219,0,0,0,0,0,"MA",0.013
"3509",514,"201491.9260.11","MA",2014,5,6,126,20.1,41.762,-70.2488,0,0,0,0,0,"MA",0.013065
"3510",514,"201491.9250.12","MA",2014,5,6,126,20,41.7778,-70.1417,0,0,0,0,0,"MA",0.013
"3511",514,"201491.9270.13","MA",2014,5,6,126,20.1,41.8306,-70.2484,5,3,2,5,0,"MA",0.013065
"3512",514,"201491.9270.14","MA",2014,5,6,126,20.7,41.8622,-70.2416,5,2,3,5,0,"MA",0.013455
"3513",514,"201491.9290.15","MA",2014,5,7,127,20.1,42.0466,-70.4509,19,4,15,16,3,"MA",0.013065
"3514",514,"201491.9290.16","MA",2014,5,7,127,20.1,42.0565,-70.4676,2,0,2,2,0,"MA",0.013065
"3515",514,"201491.9350.18","MA",2014,5,7,127,20,42.3203,-70.716,14,5,9,13,1,"MA",0.013
"3516",514,"201491.9340.19","MA",2014,5,7,127,13,42.3196,-70.7326,15,5,10,13,2,"MA",0.013
"3517",514,"201491.9320.20","MA",2014,5,8,128,20,42.2994,-70.8413,2,2,0,2,0,"MA",0.013
"3518",514,"201491.9310.21","MA",2014,5,8,128,20,42.2772,-70.8503,1,1,0,1,0,"MA",0.013
"3519",514,"201491.9330.22","MA",2014,5,8,128,20,42.3123,-70.7986,4,4,0,4,0,"MA",0.013
"3520",514,"201491.9340.23","MA",2014,5,8,128,17,42.3927,-70.8251,13,8,5,13,0,"MA",0.013
"3521",514,"201491.9330.24","MA",2014,5,8,128,20.1,42.3985,-70.8915,13,5,8,11,2,"MA",0.013065
"3522",514,"201491.9320.25","MA",2014,5,8,128,20,42.4526,-70.9106,3,1,2,3,0,"MA",0.013
"3523",514,"201491.9350.26","MA",2014,5,8,128,20.4,42.3823,-70.6955,8,3,5,8,0,"MA",0.01326
"3524",514,"201491.9350.27","MA",2014,5,8,128,15,42.5084,-70.6968,4,3,1,1,3,"MA",0.013
"3525",514,"201491.9360.28","MA",2014,5,9,129,20.1,42.5164,-70.6262,14,5,9,14,0,"MA",0.013065
"3526",514,"201491.9360.30","MA",2014,5,9,129,20.1,42.6295,-70.5265,29,14,15,17,12,"MA",0.013065
"3527",514,"201491.9340.31","MA",2014,5,9,129,19.7,42.6555,-70.5703,18,9,9,16,2,"MA",0.013
"3528",514,"201491.9350.32","MA",2014,5,8,128,20.2,42.6852,-70.5597,41,23,18,34,7,"MA",0.01313
"3529",514,"201491.9350.33","MA",2014,5,9,129,20,42.707,-70.6026,50,30,20,46,4,"MA",0.013
"3530",514,"201491.9340.34","MA",2014,5,10,130,20,42.7194,-70.6602,5,3,2,5,0,"MA",0.013
"3531",514,"201491.9320.35","MA",2014,5,10,130,20.2,42.6893,-70.6845,4,3,1,4,0,"MA",0.01313
"3532",514,"201491.9310.36","MA",2014,5,10,130,20.1,42.6767,-70.6937,8,4,4,7,1,"MA",0.013065
"3533",514,"201491.9310.37","MA",2014,5,10,130,20.1,42.7524,-70.7843,10,8,2,9,1,"MA",0.013065
"3534",514,"201491.9330.38","MA",2014,5,10,130,20.1,42.7575,-70.7525,8,2,6,7,1,"MA",0.013065
"3535",514,"201491.9330.40","MA",2014,5,10,130,20.1,42.7871,-70.7643,5,1,4,3,2,"MA",0.013065
"3536",514,"201491.9300.41","MA",2014,5,11,131,20.1,42.1157,-70.4114,0,0,0,0,0,"MA",0.013065
"3537",514,"201491.9300.42","MA",2014,5,11,131,20.1,42.1136,-70.3699,0,0,0,0,0,"MA",0.013065
"3538",514,"201491.9290.43","MA",2014,5,11,131,20,42.0417,-70.3122,0,0,0,0,0,"MA",0.013
"3539",514,"201491.9290.44","MA",2014,5,11,131,20,42.0317,-70.3769,0,0,0,0,0,"MA",0.013
"3540",514,"201491.9260.45","MA",2014,5,12,132,20,41.8732,-70.1518,4,1,3,4,0,"MA",0.013
"3541",514,"201491.9280.46","MA",2014,5,12,132,20,41.9331,-70.1983,11,0,11,11,0,"MA",0.013
"3542",514,"201491.9280.47","MA",2014,5,12,132,20,41.9588,-70.2051,5,1,4,5,0,"MA",0.013
"3543",514,"201491.9260.48","MA",2014,5,12,132,20,41.9562,-70.1165,6,1,5,6,0,"MA",0.013
"3544",514,"201491.9270.49","MA",2014,5,12,132,20,41.9758,-70.1343,15,2,13,14,1,"MA",0.013
"3545",514,"201491.9250.50","MA",2014,5,12,132,19.4,42.0407,-70.1191,2,0,2,1,1,"MA",0.013
"3546",514,"201491.9210.51","MA",2014,5,13,133,20,42.096,-70.2255,7,4,3,7,0,"MA",0.013
"3547",514,"201491.9170.52","MA",2014,5,13,133,20,42.092,-70.1919,20,7,13,19,1,"MA",0.013
"3548",514,"201491.9210.53","MA",2014,5,13,133,20,42.1248,-70.1821,2,0,2,2,0,"MA",0.013
"3549",514,"201491.9200.54","MA",2014,5,13,133,20,42.1012,-70.1329,6,0,6,6,0,"MA",0.013
"3550",514,"201491.9200.55","MA",2014,5,14,134,20,42.069,-70.0288,0,0,0,0,0,"MA",0.013
"3551",521,"201491.9180.56","MA",2014,5,14,134,13,41.9765,-69.9887,6,6,0,6,0,"MA",0.013
"3552",521,"201491.9190.57","MA",2014,5,14,134,20,41.8906,-69.9338,5,1,4,5,0,"MA",0.013
"3553",521,"201491.9180.58","MA",2014,5,14,134,20.1,41.6991,-69.9025,1,1,0,1,0,"MA",0.013065
"3554",521,"201491.9170.59","MA",2014,5,14,134,20.1,41.5888,-69.931,0,0,0,0,0,"MA",0.013065
"3555",521,"201491.9180.64","MA",2014,5,15,135,20.1,41.4397,-69.9844,0,0,0,0,0,"MA",0.013065
"3556",521,"201491.9170.65","MA",2014,5,15,135,20,41.3715,-69.9911,0,0,0,0,0,"MA",0.013
"3557",514,"201591.9280.1","MA",2015,5,4,124,20.1,41.9022,-70.4342,31,16,15,30,1,"MA",0.013065
"3558",514,"201591.9280.2","MA",2015,5,4,124,20.2,41.9029,-70.3858,68,26,42,64,4,"MA",0.01313
"3559",514,"201591.9290.3","MA",2015,5,4,124,20,41.9834,-70.4189,26,13,13,25,1,"MA",0.013
"3560",514,"201591.9280.4","MA",2015,5,4,124,20,41.974,-70.5126,12,5,7,10,2,"MA",0.013
"3561",514,"201591.9250.5","MA",2015,5,4,124,20,41.9698,-70.603,1,0,1,1,0,"MA",0.013
"3562",514,"201591.9270.6","MA",2015,5,4,124,20.1,41.8578,-70.4649,2,2,0,2,0,"MA",0.013065
"3563",514,"201591.9290.7","MA",2015,5,5,125,20,42.0587,-70.5006,42,20,22,38,4,"MA",0.013
"3564",514,"201591.9270.8","MA",2015,5,5,125,15,42.0989,-70.5797,7,4,3,7,0,"MA",0.013
"3565",514,"201591.9320.9","MA",2015,5,5,125,16.6,42.2286,-70.7363,0,0,0,0,0,"MA",0.013
"3566",514,"201591.9330.12","MA",2015,5,5,125,13,42.3086,-70.8032,1,1,0,1,0,"MA",0.013
"3567",514,"201591.9320.13","MA",2015,5,5,125,20,42.2928,-70.8589,1,1,0,1,0,"MA",0.013
"3568",514,"201591.9310.14","MA",2015,5,6,126,20.1,42.29,-70.8635,7,1,6,6,1,"MA",0.013065
"3569",514,"201591.9340.15","MA",2015,5,6,126,20,42.3938,-70.8232,25,13,12,19,6,"MA",0.013
"3570",514,"201591.9330.16","MA",2015,5,6,126,20,42.3925,-70.9079,20,11,9,18,2,"MA",0.013
"3571",514,"201591.9340.17","MA",2015,5,6,126,15,42.4406,-70.8678,39,19,20,35,4,"MA",0.013
"3572",514,"201591.9350.18","MA",2015,5,6,126,13,42.454,-70.8197,58,25,33,43,15,"MA",0.013
"3573",514,"201591.9350.19","MA",2015,5,6,126,13,42.4963,-70.7072,72,37,35,67,5,"MA",0.013
"3574",514,"201591.9350.20","MA",2015,5,6,126,20,42.5196,-70.6771,39,19,20,37,2,"MA",0.013
"3575",514,"201591.9350.21","MA",2015,5,7,127,14.4,42.5958,-70.5945,28,16,12,28,0,"MA",0.013
"3576",514,"201591.9350.22","MA",2015,5,7,127,20,42.6088,-70.5605,64,30,34,53,11,"MA",0.013
"3577",514,"201591.9360.23","MA",2015,5,7,127,20.1,42.6336,-70.5268,43,18,25,38,5,"MA",0.013065
"3578",514,"201591.9340.24","MA",2015,5,7,127,20.2,42.7115,-70.6861,12,10,2,12,0,"MA",0.01313
"3579",514,"201591.9330.25","MA",2015,5,7,127,20.2,42.7223,-70.7166,4,1,3,4,0,"MA",0.01313
"3580",514,"201591.9310.26","MA",2015,5,7,127,20,42.7172,-70.7549,6,5,1,5,1,"MA",0.013
"3581",514,"201591.9310.27","MA",2015,5,7,127,20,42.6814,-70.7001,2,1,1,2,0,"MA",0.013
"3582",514,"201591.9330.28","MA",2015,5,8,128,20.2,42.7786,-70.7683,1,0,1,1,0,"MA",0.01313
"3583",514,"201591.9360.30","MA",2015,5,9,129,13.1,42.4211,-70.6516,32,12,20,32,0,"MA",0.013
"3584",514,"201591.9290.31","MA",2015,5,9,129,20,42.1075,-70.4563,27,9,18,25,2,"MA",0.013
"3585",514,"201591.9300.32","MA",2015,5,9,129,20,42.0728,-70.3474,3,1,2,3,0,"MA",0.013
"3586",514,"201591.9290.33","MA",2015,5,9,129,20,42.0403,-70.4301,13,6,7,13,0,"MA",0.013
"3587",514,"201591.9260.34","MA",2015,5,10,130,20.1,41.7734,-70.4369,4,3,1,4,0,"MA",0.013065
"3588",514,"201591.9270.35","MA",2015,5,10,130,20,41.7928,-70.3291,3,1,2,3,0,"MA",0.013
"3589",514,"201591.9270.36","MA",2015,5,10,130,20,41.8961,-70.1674,4,0,4,4,0,"MA",0.013
"3590",514,"201591.9260.37","MA",2015,5,10,130,20,41.8973,-70.1264,4,1,3,4,0,"MA",0.013
"3591",514,"201591.9250.38","MA",2015,5,10,130,19.9,41.8444,-70.1586,6,2,4,6,0,"MA",0.013
"3592",514,"201591.9260.39","MA",2015,5,10,130,20,41.8451,-70.1931,7,1,6,7,0,"MA",0.013
"3593",514,"201591.9260.40","MA",2015,5,10,130,20,41.7743,-70.3361,4,2,2,4,0,"MA",0.013
"3594",514,"201591.9260.41","MA",2015,5,10,130,19.6,41.8202,-70.4803,5,1,4,4,1,"MA",0.013
"3595",514,"201591.9300.42","MA",2015,5,11,131,20,42.1048,-70.3014,5,1,4,5,0,"MA",0.013
"3596",514,"201591.9210.43","MA",2015,5,11,131,14.7,42.119,-70.2187,2,2,0,2,0,"MA",0.013
"3597",514,"201591.9200.45","MA",2015,5,11,131,20,42.1054,-70.154,8,3,5,8,0,"MA",0.013
"3598",514,"201591.9180.46","MA",2015,5,11,131,13,42.0751,-70.101,33,12,21,33,0,"MA",0.013
"3599",514,"201591.9170.47","MA",2015,5,11,131,20,42.0662,-70.0884,5,2,3,5,0,"MA",0.013
"3600",514,"201591.9290.48","MA",2015,5,12,132,20,42.0344,-70.2651,6,1,5,6,0,"MA",0.013
"3601",514,"201591.9280.49","MA",2015,5,12,132,20,41.9692,-70.2018,3,0,3,3,0,"MA",0.013
"3602",514,"201591.9280.50","MA",2015,5,12,132,20,41.9432,-70.1895,2,0,2,2,0,"MA",0.013
"3603",514,"201591.9270.51","MA",2015,5,12,132,20,41.9683,-70.1362,4,0,4,4,0,"MA",0.013
"3604",514,"201591.9250.52","MA",2015,5,12,132,20,41.9645,-70.093,1,0,1,0,1,"MA",0.013
"3605",521,"201591.9190.53","MA",2015,5,13,133,20,41.8223,-69.9033,2,2,0,2,0,"MA",0.013
"3606",521,"201591.9210.54","MA",2015,5,13,133,20,41.8178,-69.8724,0,0,0,0,0,"MA",0.013
"3607",521,"201591.9200.55","MA",2015,5,13,133,20,41.7652,-69.8671,1,0,1,1,0,"MA",0.013
"3608",521,"201591.9180.56","MA",2015,5,13,133,19.1,41.645,-69.8964,0,0,0,0,0,"MA",0.013
"3609",521,"201591.9170.57","MA",2015,5,13,133,20,41.6031,-69.937,0,0,0,0,0,"MA",0.013
"3610",521,"201591.9170.61","MA",2015,5,14,134,20,41.3969,-69.9866,0,0,0,0,0,"MA",0.013
"3611",521,"201591.9170.62","MA",2015,5,14,134,20,41.3665,-69.9854,0,0,0,0,0,"MA",0.013
"3612",526,"198002.265.1110.1","NMFS",1980,4,18,109,NA,40.016667,-69.633333,1,1,0,0,1,"DE",0.038
"3613",526,"198002.266.1110.2","NMFS",1980,4,19,110,NA,40.05,-69.216667,4,1,3,3,1,"DE",0.038
"3614",526,"198002.267.1100.7","NMFS",1980,4,19,110,NA,40.166667,-69.466667,6,4,2,6,0,"DE",0.038
"3615",526,"198002.268.1100.6","NMFS",1980,4,19,110,NA,40.25,-69.716667,2,0,2,2,0,"DE",0.038
"3616",526,"198002.271.1100.1","NMFS",1980,4,19,110,NA,40.55,-69.9,0,0,0,0,0,"DE",0.038
"3617",526,"198002.272.1090.9","NMFS",1980,4,19,110,NA,40.65,-69.9,0,0,0,0,0,"DE",0.038
"3618",526,"198002.273.1100.8","NMFS",1980,4,19,110,NA,40.566667,-69.65,0,0,0,0,0,"DE",0.038
"3619",526,"198002.274.1090.10","NMFS",1980,4,19,110,NA,40.6,-69.433333,0,0,0,0,0,"DE",0.038
"3620",526,"198002.275.1090.5","NMFS",1980,4,19,110,NA,40.75,-69.4,0,0,0,0,0,"DE",0.038
"3621",526,"198002.276.3550.2","NMFS",1980,4,20,111,NA,41.016667,-69.666667,0,0,0,0,0,"DE",0.038
"3622",526,"198002.277.3550.1","NMFS",1980,4,20,111,NA,41.1,-69.633333,0,0,0,0,0,"DE",0.038
"3623",521,"198002.278.3550.3","NMFS",1980,4,20,111,NA,41.166667,-69.583333,0,0,0,0,0,"DE",0.038
"3624",521,"198002.279.3550.4","NMFS",1980,4,20,111,NA,41.25,-69.516667,0,0,0,0,0,"DE",0.038
"3625",521,"198002.280.1250.2","NMFS",1980,4,20,111,NA,41.2,-69.3,0,0,0,0,0,"DE",0.038
"3626",521,"198002.281.1250.1","NMFS",1980,4,20,111,NA,41.433333,-69.466667,0,0,0,0,0,"DE",0.038
"3627",521,"198002.285.1230.1","NMFS",1980,4,21,112,NA,41.816667,-69.833333,0,0,0,0,0,"DE",0.038
"3628",521,"198002.286.1240.6","NMFS",1980,4,21,112,NA,41.85,-69.716667,0,0,0,0,0,"DE",0.038
"3629",521,"198002.287.1230.3","NMFS",1980,4,21,112,NA,41.933333,-69.8,0,0,0,0,0,"DE",0.038
"3630",521,"198002.288.1270.4","NMFS",1980,4,21,112,NA,42.1,-69.783333,1,1,0,1,0,"DE",0.038
"3631",521,"198002.289.1260.3","NMFS",1980,4,21,112,NA,42.1,-69.966667,0,0,0,0,0,"DE",0.038
"3632",514,"198002.290.3610.1","NMFS",1980,4,21,112,NA,42.133333,-70.116667,0,0,0,0,0,"DE",0.038
"3633",514,"198002.291.1260.5","NMFS",1980,4,21,112,NA,42.1,-70.35,3,0,3,3,0,"DE",0.038
"3634",514,"198002.292.3610.2","NMFS",1980,4,21,112,NA,42.016667,-70.366667,4,1,3,4,0,"DE",0.038
"3635",514,"198002.293.3600.2","NMFS",1980,4,21,112,NA,42,-70.183333,0,0,0,0,0,"DE",0.038
"3636",514,"198002.294.3580.1","NMFS",1980,4,21,112,NA,42.016667,-70.116667,1,0,1,1,0,"DE",0.038
"3637",514,"198002.295.3590.1","NMFS",1980,4,21,112,NA,41.883333,-70.183333,0,0,0,0,0,"DE",0.038
"3638",514,"198002.296.3600.1","NMFS",1980,4,21,112,NA,41.95,-70.466667,2,0,2,2,0,"DE",0.038
"3639",514,"198002.297.3640.1","NMFS",1980,4,21,112,NA,42.25,-70.666667,2,2,0,2,0,"DE",0.038
"3640",514,"198002.298.3650.1","NMFS",1980,4,21,112,NA,42.3,-70.7,31,18,13,31,0,"DE",0.038
"3641",514,"198002.299.3660.1","NMFS",1980,4,22,113,NA,42.383333,-70.716667,18,14,4,18,0,"DE",0.038
"3642",514,"198002.300.1260.4","NMFS",1980,4,22,113,NA,42.333333,-70.566667,1,1,0,1,0,"DE",0.038
"3643",514,"198002.301.1260.1","NMFS",1980,4,22,113,NA,42.366667,-70.516667,0,0,0,0,0,"DE",0.038
"3644",514,"198002.302.1260.2","NMFS",1980,4,22,113,NA,42.466667,-70.166667,0,0,0,0,0,"DE",0.038
"3645",514,"198002.303.1270.3","NMFS",1980,4,22,113,NA,42.733333,-70,0,0,0,0,0,"DE",0.038
"3646",514,"198002.304.1270.2","NMFS",1980,4,22,113,NA,42.816667,-69.983333,0,0,0,0,0,"DE",0.038
"3647",514,"198002.305.3660.2","NMFS",1980,4,22,113,NA,42.733333,-70.616667,2,1,1,2,0,"DE",0.038
"3648",514,"198002.306.1400.1","NMFS",1980,4,22,113,NA,42.783333,-70.633333,1,0,1,1,0,"DE",0.038
"3649",514,"198002.307.3660.3","NMFS",1980,4,22,113,NA,42.833333,-70.7,4,1,3,4,0,"DE",0.038
"3650",513,"198002.308.1400.2","NMFS",1980,4,22,113,NA,42.866667,-70.466667,0,0,0,0,0,"DE",0.038
"3651",513,"198002.309.1370.1","NMFS",1980,4,23,114,NA,43.216667,-69.883333,0,0,0,0,0,"DE",0.038
"3652",513,"198002.310.1270.1","NMFS",1980,4,23,114,NA,43.383333,-70.033333,0,0,0,0,0,"DE",0.038
"3653",513,"198002.311.1380.1","NMFS",1980,4,23,114,NA,43.383333,-69.916667,0,0,0,0,0,"DE",0.038
"3654",513,"198002.312.1380.3","NMFS",1980,4,23,114,NA,43.433333,-69.366667,0,0,0,0,0,"DE",0.038
"3655",513,"198002.313.1380.2","NMFS",1980,4,24,115,NA,43.266667,-69.666667,0,0,0,0,0,"DE",0.038
"3656",513,"198002.314.1370.2","NMFS",1980,4,24,115,NA,43.1,-69.716667,0,0,0,0,0,"DE",0.038
"3657",513,"198002.315.1370.5","NMFS",1980,4,24,115,NA,43.066667,-69.566667,0,0,0,0,0,"DE",0.038
"3658",513,"198002.316.1370.3","NMFS",1980,4,24,115,NA,42.85,-69.533333,0,0,0,0,0,"DE",0.038
"3659",515,"198002.317.1280.5","NMFS",1980,4,24,115,NA,42.666667,-69.55,2,1,1,2,0,"DE",0.038
"3660",515,"198002.318.1370.4","NMFS",1980,4,24,115,NA,42.7,-69.3,0,0,0,0,0,"DE",0.038
"3661",515,"198002.319.1280.1","NMFS",1980,4,24,115,NA,42.583333,-69.216667,0,0,0,0,0,"DE",0.038
"3662",521,"198002.320.1280.2","NMFS",1980,4,24,115,NA,42.216667,-69.45,0,0,0,0,0,"DE",0.038
"3663",521,"198002.321.1280.4","NMFS",1980,4,24,115,NA,41.933333,-69.383333,2,2,0,2,0,"DE",0.038
"3664",521,"198002.322.1280.6","NMFS",1980,4,25,116,NA,42.083333,-69.633333,0,0,0,0,0,"DE",0.038
"3665",521,"198002.323.1280.3","NMFS",1980,4,25,116,NA,42.216667,-69.75,0,0,0,0,0,"DE",0.038
"3666",515,"198002.324.1280.7","NMFS",1980,5,1,122,NA,42.55,-68.783333,0,0,0,0,0,"DE",0.038
"3667",515,"198002.325.1290.4","NMFS",1980,5,1,122,NA,42.466667,-68.366667,0,0,0,0,0,"DE",0.038
"3668",522,"198002.326.1290.7","NMFS",1980,5,1,122,NA,42.2,-68.316667,0,0,0,0,0,"DE",0.038
"3669",522,"198002.327.1290.1","NMFS",1980,5,1,122,NA,42.266667,-68.216667,0,0,0,0,0,"DE",0.038
"3670",515,"198002.328.1290.5","NMFS",1980,5,1,122,NA,42.583333,-68.016667,0,0,0,0,0,"DE",0.038
"3671",515,"198002.329.1290.6","NMFS",1980,5,1,122,NA,42.7,-68.2,0,0,0,0,0,"DE",0.038
"3672",515,"198002.330.1360.8","NMFS",1980,5,1,122,NA,42.983333,-68.133333,0,0,0,0,0,"DE",0.038
"3673",465,"198002.331.1360.6","NMFS",1980,5,2,123,NA,43.3,-67.583333,0,0,0,0,0,"DE",0.038
"3674",465,"198002.332.1360.5","NMFS",1980,5,2,123,NA,43.183333,-67.483333,1,1,0,1,0,"DE",0.038
"3675",464,"198002.334.1310.5","NMFS",1980,5,3,124,NA,42.733333,-66.783333,0,0,0,0,0,"DE",0.038
"3676",464,"198002.335.1290.3","NMFS",1980,5,3,124,NA,42.433333,-66.483333,3,3,0,3,0,"DE",0.038
"3677",464,"198002.336.1290.2","NMFS",1980,5,3,124,NA,42.433333,-66.25,0,0,0,0,0,"DE",0.038
"3678",464,"198002.338.1310.6","NMFS",1980,5,3,124,NA,42.183333,-65.55,0,0,0,0,0,"DE",0.038
"3679",464,"198002.341.1320.3","NMFS",1980,5,4,125,NA,42.5,-65.666667,0,0,0,0,0,"DE",0.038
"3680",464,"198002.342.1320.5","NMFS",1980,5,4,125,NA,42.583333,-65.766667,0,0,0,0,0,"DE",0.038
"3681",464,"198002.343.1320.1","NMFS",1980,5,4,125,NA,42.616667,-65.683333,1,0,1,1,0,"DE",0.038
"3682",464,"198002.344.1320.2","NMFS",1980,5,4,125,NA,42.666667,-65.55,0,0,0,0,0,"DE",0.038
"3683",464,"198002.345.1310.7","NMFS",1980,5,4,125,NA,42.783333,-65.583333,0,0,0,0,0,"DE",0.038
"3684",464,"198002.346.1310.3","NMFS",1980,5,4,125,NA,42.733333,-65.75,2,0,2,2,0,"DE",0.038
"3685",464,"198002.347.1320.4","NMFS",1980,5,4,125,NA,42.733333,-66,0,0,0,0,0,"DE",0.038
"3686",464,"198002.348.1310.2","NMFS",1980,5,4,125,NA,42.883333,-66.533333,0,0,0,0,0,"DE",0.038
"3687",465,"198002.350.1330.1","NMFS",1980,5,4,125,NA,43.516667,-66.4,1,0,1,1,0,"DE",0.038
"3688",465,"198002.351.1340.6","NMFS",1980,5,5,126,NA,43.583333,-66.983333,0,0,0,0,0,"DE",0.038
"3689",465,"198002.352.1360.4","NMFS",1980,5,5,126,NA,43.466667,-67.266667,1,0,1,1,0,"DE",0.038
"3690",465,"198002.353.1360.2","NMFS",1980,5,5,126,NA,43.55,-67.233333,1,0,1,1,0,"DE",0.038
"3691",465,"198002.354.1360.3","NMFS",1980,5,5,126,NA,43.683333,-67.466667,0,0,0,0,0,"DE",0.038
"3692",512,"198002.355.1360.7","NMFS",1980,5,5,126,NA,43.666667,-67.816667,1,0,1,1,0,"DE",0.038
"3693",465,"198002.356.1360.1","NMFS",1980,5,5,126,NA,43.783333,-67.483333,2,2,0,2,0,"DE",0.038
"3694",465,"198002.357.1340.4","NMFS",1980,5,5,126,NA,43.766667,-67.233333,1,1,0,1,0,"DE",0.038
"3695",465,"198002.358.1340.1","NMFS",1980,5,5,126,NA,43.75,-67.083333,0,0,0,0,0,"DE",0.038
"3696",465,"198002.359.1340.2","NMFS",1980,5,5,126,NA,43.833333,-66.95,0,0,0,0,0,"DE",0.038
"3697",465,"198002.360.1340.5","NMFS",1980,5,5,126,NA,43.733333,-66.8,1,1,0,1,0,"DE",0.038
"3698",465,"198002.361.1340.3","NMFS",1980,5,6,127,NA,43.883333,-66.8,0,0,0,0,0,"DE",0.038
"3699",465,"198002.362.1330.3","NMFS",1980,5,6,127,NA,43.9,-66.633333,0,0,0,0,0,"DE",0.038
"3700",466,"198002.363.1330.4","NMFS",1980,5,5,126,NA,44.066667,-66.433333,2,0,2,2,0,"DE",0.038
"3701",466,"198002.364.1330.2","NMFS",1980,5,6,127,NA,44.1,-66.583333,0,0,0,0,0,"DE",0.038
"3702",466,"198002.365.1350.2","NMFS",1980,5,6,127,NA,44.116667,-66.833333,0,0,0,0,0,"DE",0.038
"3703",511,"198002.367.1350.1","NMFS",1980,5,6,127,NA,44.383333,-67.216667,0,0,0,0,0,"DE",0.038
"3704",511,"198002.368.1390.2","NMFS",1980,5,6,127,NA,44.333333,-67.7,1,0,1,1,0,"DE",0.038
"3705",512,"198002.370.1390.3","NMFS",1980,5,6,127,NA,43.983333,-68.416667,0,0,0,0,0,"DE",0.038
"3706",512,"198002.371.1390.1","NMFS",1980,5,6,127,NA,43.933333,-68.616667,4,2,2,3,1,"DE",0.038
"3707",512,"198002.375.1380.4","NMFS",1980,5,7,128,NA,43.55,-68.583333,0,0,0,0,0,"DE",0.038
"3708",512,"198002.376.1380.5","NMFS",1980,5,7,128,NA,43.366667,-68.683333,0,0,0,0,0,"DE",0.038
"3709",526,"198002.534.1100.14","NMFS",1980,4,10,101,NA,40.566667,-69.866667,0,0,0,0,0,"AL",0.038
"3710",526,"198002.535.1100.17","NMFS",1980,4,10,101,NA,40.516667,-69.85,0,0,0,0,0,"AL",0.038
"3711",526,"198002.536.1100.13","NMFS",1980,4,11,102,NA,40.35,-69.666667,0,0,0,0,0,"AL",0.038
"3712",526,"198002.537.1100.20","NMFS",1980,4,11,102,NA,40.25,-69.45,10,5,5,10,0,"AL",0.038
"3713",526,"198002.538.1100.12","NMFS",1980,4,11,102,NA,40.316667,-69.25,17,4,13,17,0,"AL",0.038
"3714",526,"198002.539.1100.9","NMFS",1980,4,11,102,NA,40.433333,-68.916667,0,0,0,0,0,"AL",0.038
"3715",526,"198002.540.1100.11","NMFS",1980,4,11,102,NA,40.783333,-68.916667,8,3,5,8,0,"AL",0.038
"3716",526,"198002.541.1100.10","NMFS",1980,4,11,102,NA,40.833333,-69.1,0,0,0,0,0,"AL",0.038
"3717",526,"198002.542.1090.14","NMFS",1980,4,11,102,NA,40.933333,-69.25,0,0,0,0,0,"AL",0.038
"3718",526,"198002.543.1090.13","NMFS",1980,4,11,102,NA,40.833333,-69.433333,0,0,0,0,0,"AL",0.038
"3719",526,"198002.544.1090.15","NMFS",1980,4,11,102,NA,40.766667,-69.583333,0,0,0,0,0,"AL",0.038
"3720",526,"198002.545.1090.17","NMFS",1980,4,11,102,NA,40.616667,-69.533333,0,0,0,0,0,"AL",0.038
"3721",521,"198002.552.1230.2","NMFS",1980,4,25,116,NA,41.016667,-68.966667,0,0,0,0,0,"AL",0.038
"3722",522,"198002.553.1230.5","NMFS",1980,4,25,116,NA,41.1,-68.683333,0,0,0,0,0,"AL",0.038
"3723",522,"198002.554.1230.4","NMFS",1980,4,25,116,NA,41.4,-68.5,0,0,0,0,0,"AL",0.038
"3724",522,"198002.555.1200.3","NMFS",1980,4,25,116,NA,41.266667,-68.45,0,0,0,0,0,"AL",0.038
"3725",522,"198002.556.1190.4","NMFS",1980,4,25,116,NA,41.133333,-68.35,0,0,0,0,0,"AL",0.038
"3726",525,"198002.557.1190.1","NMFS",1980,4,25,116,NA,40.883333,-68.3,0,0,0,0,0,"AL",0.038
"3727",525,"198002.558.1190.2","NMFS",1980,4,25,116,NA,40.816667,-68.366667,0,0,0,0,0,"AL",0.038
"3728",525,"198002.559.1130.1","NMFS",1980,4,25,116,NA,40.483333,-68.483333,1,0,1,1,0,"AL",0.038
"3729",525,"198002.560.1140.2","NMFS",1980,4,25,116,NA,40.316667,-68.35,0,0,0,0,0,"AL",0.038
"3730",525,"198002.561.1150.1","NMFS",1980,4,25,116,NA,40.383333,-68.166667,3,0,3,3,0,"AL",0.038
"3731",525,"198002.562.1150.3","NMFS",1980,4,26,117,NA,40.35,-67.766667,0,0,0,0,0,"AL",0.038
"3732",525,"198002.563.1140.1","NMFS",1980,4,26,117,NA,40.516667,-67.466667,1,1,0,0,1,"AL",0.038
"3733",525,"198002.564.1150.2","NMFS",1980,4,26,117,NA,40.5,-67.183333,6,4,2,6,0,"AL",0.038
"3734",525,"198002.565.1140.4","NMFS",1980,4,26,117,NA,40.633333,-67.133333,0,0,0,0,0,"AL",0.038
"3735",525,"198002.566.1140.3","NMFS",1980,4,26,117,NA,40.766667,-66.866667,0,0,0,0,0,"AL",0.038
"3736",562,"198002.567.1160.7","NMFS",1980,4,26,117,NA,40.95,-66.766667,0,0,0,0,0,"AL",0.038
"3737",562,"198002.568.1130.4","NMFS",1980,4,26,117,NA,40.9,-66.95,1,0,1,1,0,"AL",0.038
"3738",525,"198002.569.1130.6","NMFS",1980,4,26,117,NA,40.966667,-67.066667,0,0,0,0,0,"AL",0.038
"3739",525,"198002.570.1130.3","NMFS",1980,4,26,117,NA,40.833333,-67.05,0,0,0,0,0,"AL",0.038
"3740",525,"198002.571.1130.2","NMFS",1980,4,26,117,NA,40.716667,-67.1,1,0,1,1,0,"AL",0.038
"3741",525,"198002.572.1130.5","NMFS",1980,4,26,117,NA,40.7,-67.266667,0,0,0,0,0,"AL",0.038
"3742",525,"198002.573.1130.8","NMFS",1980,4,27,118,NA,40.716667,-67.333333,0,0,0,0,0,"AL",0.038
"3743",525,"198002.575.1130.7","NMFS",1980,4,27,118,NA,40.883333,-67.7,0,0,0,0,0,"AL",0.038
"3744",525,"198002.576.1190.9","NMFS",1980,4,27,118,NA,41.066667,-67.933333,0,0,0,0,0,"AL",0.038
"3745",525,"198002.577.1190.8","NMFS",1980,4,27,118,NA,41.183333,-68.033333,0,0,0,0,0,"AL",0.038
"3746",562,"198002.578.1190.5","NMFS",1980,4,27,118,NA,41.45,-67.566667,0,0,0,0,0,"AL",0.038
"3747",562,"198002.579.1190.3","NMFS",1980,4,27,118,NA,41.3,-67.483333,0,0,0,0,0,"AL",0.038
"3748",562,"198002.580.1190.7","NMFS",1980,4,27,118,NA,41.383333,-67.416667,0,0,0,0,0,"AL",0.038
"3749",562,"198002.581.1160.1","NMFS",1980,4,27,118,NA,41.216667,-66.9,0,0,0,0,0,"AL",0.038
"3750",562,"198002.582.1160.8","NMFS",1980,4,27,118,NA,41.116667,-66.716667,0,0,0,0,0,"AL",0.038
"3751",562,"198002.583.1170.5","NMFS",1980,4,28,119,NA,41.166667,-66.316667,0,0,0,0,0,"AL",0.038
"3752",562,"198002.584.1170.3","NMFS",1980,4,28,119,NA,41.166667,-66.366667,1,0,1,1,0,"AL",0.038
"3753",552,"198002.585.1160.6","NMFS",1980,4,28,119,NA,41.333333,-66.35,2,1,1,2,0,"AL",0.038
"3754",552,"198002.586.1160.10","NMFS",1980,4,28,119,NA,41.4,-66.366667,0,0,0,0,0,"AL",0.038
"3755",552,"198002.587.1160.3","NMFS",1980,4,28,119,NA,41.583333,-66.233333,0,0,0,0,0,"AL",0.038
"3756",552,"198002.588.1170.2","NMFS",1980,4,28,119,NA,41.566667,-66.016667,1,1,0,1,0,"AL",0.038
"3757",552,"198002.589.1170.4","NMFS",1980,4,28,119,NA,41.783333,-65.866667,0,0,0,0,0,"AL",0.038
"3758",552,"198002.590.1160.9","NMFS",1980,4,28,119,NA,41.8,-65.983333,0,0,0,0,0,"AL",0.038
"3759",551,"198002.591.1160.2","NMFS",1980,4,28,119,NA,41.883333,-65.966667,0,0,0,0,0,"AL",0.038
"3760",551,"198002.592.1170.1","NMFS",1980,4,28,119,NA,41.916667,-65.833333,0,0,0,0,0,"AL",0.038
"3761",551,"198002.593.1180.2","NMFS",1980,4,28,119,NA,41.95,-65.766667,1,1,0,1,0,"AL",0.038
"3762",551,"198002.594.1180.1","NMFS",1980,4,28,119,NA,42.033333,-65.9,0,0,0,0,0,"AL",0.038
"3763",551,"198002.595.1220.4","NMFS",1980,4,29,120,NA,42.083333,-66.05,5,2,3,5,0,"AL",0.038
"3764",552,"198002.596.1160.5","NMFS",1980,4,29,120,NA,41.8,-66.433333,0,0,0,0,0,"AL",0.038
"3765",551,"198002.597.1160.4","NMFS",1980,4,29,120,NA,41.883333,-66.516667,0,0,0,0,0,"AL",0.038
"3766",551,"198002.598.1220.1","NMFS",1980,4,29,120,NA,42.15,-66.466667,1,0,1,1,0,"AL",0.038
"3767",551,"198002.599.1210.4","NMFS",1980,4,29,120,NA,42.1,-66.766667,0,0,0,0,0,"AL",0.038
"3768",551,"198002.600.1210.2","NMFS",1980,4,29,120,NA,42.15,-66.95,0,0,0,0,0,"AL",0.038
"3769",464,"198002.601.1300.3","NMFS",1980,4,29,120,NA,42.383333,-66.916667,5,5,0,5,0,"AL",0.038
"3770",464,"198002.602.1290.8","NMFS",1980,4,30,121,NA,42.666667,-67.433333,1,0,1,1,0,"AL",0.038
"3771",464,"198002.603.1300.2","NMFS",1980,4,30,121,NA,42.433333,-67.316667,8,5,3,8,0,"AL",0.038
"3772",561,"198002.604.1300.1","NMFS",1980,4,30,121,NA,42.333333,-67.366667,19,18,1,19,0,"AL",0.038
"3773",561,"198002.605.1210.1","NMFS",1980,4,30,121,NA,42.116667,-67.316667,1,0,1,1,0,"AL",0.038
"3774",562,"198002.606.1190.6","NMFS",1980,4,30,121,NA,41.766667,-67.116667,1,0,1,1,0,"AL",0.038
"3775",522,"198002.607.1200.5","NMFS",1980,4,30,121,NA,41.816667,-67.716667,0,0,0,0,0,"AL",0.038
"3776",522,"198002.608.1200.1","NMFS",1980,4,30,121,NA,41.883333,-67.783333,0,0,0,0,0,"AL",0.038
"3777",522,"198002.609.1200.4","NMFS",1980,4,30,121,NA,41.85,-67.8,2,1,1,2,0,"AL",0.038
"3778",522,"198002.610.1200.2","NMFS",1980,5,1,122,NA,41.5,-67.933333,0,0,0,0,0,"AL",0.038
"3779",522,"198002.611.1200.6","NMFS",1980,5,1,122,NA,41.466667,-68.166667,0,0,0,0,0,"AL",0.038
"3780",522,"198002.612.1210.3","NMFS",1980,5,1,122,NA,41.8,-68.216667,0,0,0,0,0,"AL",0.038
"3781",522,"198002.613.1220.2","NMFS",1980,5,1,122,NA,41.85,-68.183333,0,0,0,0,0,"AL",0.038
"3782",522,"198002.614.1220.3","NMFS",1980,5,1,122,NA,41.766667,-68.4,0,0,0,0,0,"AL",0.038
"3783",522,"198002.615.1240.1","NMFS",1980,5,1,122,NA,41.933333,-68.483333,0,0,0,0,0,"AL",0.038
"3784",522,"198002.616.1240.3","NMFS",1980,5,1,122,NA,42.033333,-68.6,0,0,0,0,0,"AL",0.038
"3785",522,"198002.617.1240.4","NMFS",1980,5,1,122,NA,42.083333,-68.716667,0,0,0,0,0,"AL",0.038
"3786",521,"198002.618.1240.2","NMFS",1980,5,1,122,NA,41.883333,-69.75,0,0,0,0,0,"AL",0.038
"3787",521,"198002.619.1240.5","NMFS",1980,5,2,123,NA,41.733333,-69.083333,0,0,0,0,0,"AL",0.038
"3788",526,"198102.243.1090.1","NMFS",1981,4,16,106,NA,40.633333,-69.933333,0,0,0,0,0,"DE",0.038
"3789",526,"198102.245.1100.7","NMFS",1981,4,16,106,NA,40.383333,-69.733333,0,0,0,0,0,"DE",0.038
"3790",526,"198102.247.1120.2","NMFS",1981,4,16,106,NA,39.916667,-69.7,24,10,14,11,13,"DE",0.038
"3791",526,"198102.264.1090.2","NMFS",1981,4,21,111,NA,40.85,-69.666667,1,0,1,1,0,"DE",0.038
"3792",526,"198102.265.3550.3","NMFS",1981,4,21,111,NA,40.983333,-69.533333,0,0,0,0,0,"DE",0.038
"3793",526,"198102.266.3550.2","NMFS",1981,4,21,111,NA,41.116667,-69.666667,0,0,0,0,0,"DE",0.038
"3794",521,"198102.267.3550.1","NMFS",1981,4,21,111,NA,41.05,-69.483333,0,0,0,0,0,"DE",0.038
"3795",521,"198102.268.1250.1","NMFS",1981,4,21,111,NA,41.05,-69.3,0,0,0,0,0,"DE",0.038
"3796",522,"198102.269.1230.4","NMFS",1981,4,22,112,NA,41.183333,-68.833333,0,0,0,0,0,"DE",0.038
"3797",522,"198102.270.1230.1","NMFS",1981,4,22,112,NA,41.283333,-68.75,0,0,0,0,0,"DE",0.038
"3798",522,"198102.271.1230.3","NMFS",1981,4,22,112,NA,41.083333,-68.75,3,2,1,3,0,"DE",0.038
"3799",522,"198102.272.1230.2","NMFS",1981,4,22,112,NA,41,-68.783333,0,0,0,0,0,"DE",0.038
"3800",525,"198102.273.1190.6","NMFS",1981,4,22,112,NA,40.916667,-68.45,0,0,0,0,0,"DE",0.038
"3801",525,"198102.274.1130.5","NMFS",1981,4,22,112,NA,40.766667,-68.683333,1,1,0,1,0,"DE",0.038
"3802",526,"198102.275.1100.2","NMFS",1981,4,22,112,NA,40.883333,-68.883333,3,2,1,3,0,"DE",0.038
"3803",526,"198102.276.1100.5","NMFS",1981,4,22,112,NA,40.816667,-69.183333,0,0,0,0,0,"DE",0.038
"3804",526,"198102.277.1100.3","NMFS",1981,4,22,112,NA,40.65,-69.1,0,0,0,0,0,"DE",0.038
"3805",526,"198102.278.1100.4","NMFS",1981,4,23,113,NA,40.55,-69.35,0,0,0,0,0,"DE",0.038
"3806",526,"198102.279.1110.2","NMFS",1981,4,23,113,NA,40.066667,-69.25,2,0,2,2,0,"DE",0.038
"3807",526,"198102.280.1110.1","NMFS",1981,4,23,113,NA,40.166667,-68.916667,0,0,0,0,0,"DE",0.038
"3808",526,"198102.281.1100.8","NMFS",1981,4,23,113,NA,40.25,-68.85,0,0,0,0,0,"DE",0.038
"3809",526,"198102.282.1100.6","NMFS",1981,4,23,113,NA,40.366667,-68.966667,0,0,0,0,0,"DE",0.038
"3810",525,"198102.283.1130.4","NMFS",1981,4,23,113,NA,40.466667,-68.816667,0,0,0,0,0,"DE",0.038
"3811",525,"198102.284.1130.2","NMFS",1981,4,23,113,NA,40.6,-68.733333,0,0,0,0,0,"DE",0.038
"3812",525,"198102.285.1130.7","NMFS",1981,4,23,113,NA,40.466667,-68.366667,1,1,0,1,0,"DE",0.038
"3813",525,"198102.286.1150.1","NMFS",1981,4,23,113,NA,40.25,-68.333333,23,8,15,20,3,"DE",0.038
"3814",525,"198102.287.1150.2","NMFS",1981,4,23,113,NA,40.316667,-68.05,4,0,4,4,0,"DE",0.038
"3815",525,"198102.288.1140.2","NMFS",1981,4,24,114,NA,40.4,-67.983333,0,0,0,0,0,"DE",0.038
"3816",525,"198102.289.1130.3","NMFS",1981,4,24,114,NA,40.516667,-67.85,0,0,0,0,0,"DE",0.038
"3817",525,"198102.290.1140.3","NMFS",1981,4,24,114,NA,40.466667,-67.75,1,0,1,1,0,"DE",0.038
"3818",525,"198102.291.1130.1","NMFS",1981,4,24,114,NA,40.85,-67.466667,0,0,0,0,0,"DE",0.038
"3819",525,"198102.292.1130.9","NMFS",1981,4,24,114,NA,40.65,-67.3,1,0,1,1,0,"DE",0.038
"3820",525,"198102.293.1140.4","NMFS",1981,4,24,114,NA,40.5,-67.616667,0,0,0,0,0,"DE",0.038
"3821",525,"198102.294.1140.1","NMFS",1981,4,24,114,NA,40.616667,-67.166667,0,0,0,0,0,"DE",0.038
"3822",562,"198102.295.1130.8","NMFS",1981,4,24,114,NA,40.85,-66.983333,0,0,0,0,0,"DE",0.038
"3823",562,"198102.296.1170.2","NMFS",1981,4,24,114,NA,40.833333,-66.7,0,0,0,0,0,"DE",0.038
"3824",562,"198102.297.1170.4","NMFS",1981,4,25,115,NA,40.9,-66.6,0,0,0,0,0,"DE",0.038
"3825",562,"198102.298.1160.1","NMFS",1981,4,25,115,NA,40.966667,-66.65,0,0,0,0,0,"DE",0.038
"3826",562,"198102.299.1170.3","NMFS",1981,4,25,115,NA,40.983333,-66.5,0,0,0,0,0,"DE",0.038
"3827",562,"198102.300.1160.3","NMFS",1981,4,25,115,NA,41.133333,-66.766667,0,0,0,0,0,"DE",0.038
"3828",562,"198102.301.1160.4","NMFS",1981,4,25,115,NA,41.216667,-66.916667,0,0,0,0,0,"DE",0.038
"3829",562,"198102.302.1160.8","NMFS",1981,4,25,115,NA,41.05,-66.95,0,0,0,0,0,"DE",0.038
"3830",525,"198102.303.1130.6","NMFS",1981,4,25,115,NA,41,-67.35,0,0,0,0,0,"DE",0.038
"3831",562,"198102.304.1160.5","NMFS",1981,4,25,115,NA,41.166667,-67.25,0,0,0,0,0,"DE",0.038
"3832",525,"198102.305.1190.5","NMFS",1981,4,25,115,NA,41.116667,-67.583333,0,0,0,0,0,"DE",0.038
"3833",525,"198102.306.1190.9","NMFS",1981,4,25,115,NA,41.15,-68.033333,0,0,0,0,0,"DE",0.038
"3834",522,"198102.307.1190.4","NMFS",1981,4,25,115,NA,41.466667,-67.7,0,0,0,0,0,"DE",0.038
"3835",562,"198102.308.1190.8","NMFS",1981,4,26,116,NA,41.433333,-67.333333,0,0,0,0,0,"DE",0.038
"3836",562,"198102.309.1190.3","NMFS",1981,4,26,116,NA,41.516667,-67.15,0,0,0,0,0,"DE",0.038
"3837",562,"198102.310.1160.9","NMFS",1981,4,26,116,NA,41.483333,-67,0,0,0,0,0,"DE",0.038
"3838",562,"198102.311.1160.10","NMFS",1981,4,26,116,NA,41.4,-67.016667,0,0,0,0,0,"DE",0.038
"3839",552,"198102.312.1160.7","NMFS",1981,4,26,116,NA,41.25,-66.333333,0,0,0,0,0,"DE",0.038
"3840",552,"198102.314.1160.6","NMFS",1981,4,26,116,NA,41.75,-65.966667,0,0,0,0,0,"DE",0.038
"3841",552,"198102.315.1170.1","NMFS",1981,4,26,116,NA,41.8,-65.833333,0,0,0,0,0,"DE",0.038
"3842",464,"198102.316.1290.2","NMFS",1981,4,26,116,NA,42.233333,-65.7,11,8,3,11,0,"DE",0.038
"3843",464,"198102.323.1310.1","NMFS",1981,4,27,117,NA,42.716667,-65.716667,0,0,0,0,0,"DE",0.038
"3844",464,"198102.324.1320.3","NMFS",1981,4,27,117,NA,42.683333,-65.716667,0,0,0,0,0,"DE",0.038
"3845",464,"198102.326.1320.4","NMFS",1981,4,27,117,NA,42.483333,-65.633333,0,0,0,0,0,"DE",0.038
"3846",464,"198102.327.1290.8","NMFS",1981,4,27,117,NA,42.416667,-66.066667,1,1,0,1,0,"DE",0.038
"3847",464,"198102.328.1290.7","NMFS",1981,4,28,118,NA,42.466667,-66.033333,11,8,3,11,0,"DE",0.038
"3848",464,"198102.329.1320.1","NMFS",1981,4,28,118,NA,42.666667,-66.016667,0,0,0,0,0,"DE",0.038
"3849",464,"198102.330.1320.2","NMFS",1981,4,28,118,NA,42.766667,-66.266667,0,0,0,0,0,"DE",0.038
"3850",464,"198102.332.1360.5","NMFS",1981,4,28,118,NA,42.816667,-66.666667,0,0,0,0,0,"DE",0.038
"3851",521,"198102.335.1250.3","NMFS",1981,5,6,126,NA,41.283333,-69.366667,0,0,0,0,0,"DE",0.038
"3852",521,"198102.336.1250.2","NMFS",1981,5,6,126,NA,41.416667,-69.416667,1,0,1,1,0,"DE",0.038
"3853",521,"198102.338.1250.4","NMFS",1981,5,6,126,NA,41.75,-69.833333,0,0,0,0,0,"DE",0.038
"3854",521,"198102.339.1280.5","NMFS",1981,5,6,126,NA,41.9,-69.45,0,0,0,0,0,"DE",0.038
"3855",521,"198102.340.1240.2","NMFS",1981,5,7,127,NA,41.716667,-69.266667,0,0,0,0,0,"DE",0.038
"3856",521,"198102.341.1280.2","NMFS",1981,5,7,127,NA,41.883333,-69.283333,0,0,0,0,0,"DE",0.038
"3857",521,"198102.342.1240.1","NMFS",1981,5,7,127,NA,42.033333,-68.966667,0,0,0,0,0,"DE",0.038
"3858",522,"198102.343.1240.3","NMFS",1981,5,7,127,NA,42.133333,-68.533333,0,0,0,0,0,"DE",0.038
"3859",522,"198102.344.1240.6","NMFS",1981,5,7,127,NA,41.933333,-68.666667,0,0,0,0,0,"DE",0.038
"3860",521,"198102.345.1240.4","NMFS",1981,5,7,127,NA,41.75,-68.883333,0,0,0,0,0,"DE",0.038
"3861",522,"198102.346.1240.5","NMFS",1981,5,7,127,NA,41.45,-68.833333,1,1,0,1,0,"DE",0.038
"3862",522,"198102.347.1200.6","NMFS",1981,5,7,127,NA,41.6,-68.283333,0,0,0,0,0,"DE",0.038
"3863",522,"198102.348.1200.4","NMFS",1981,5,7,127,NA,41.616667,-68.233333,2,1,1,2,0,"DE",0.038
"3864",522,"198102.349.1220.2","NMFS",1981,5,8,128,NA,41.75,-68.35,0,0,0,0,0,"DE",0.038
"3865",522,"198102.350.1210.1","NMFS",1981,5,8,128,NA,41.733333,-68.316667,0,0,0,0,0,"DE",0.038
"3866",522,"198102.351.1210.4","NMFS",1981,5,8,128,NA,41.783333,-68.2,0,0,0,0,0,"DE",0.038
"3867",522,"198102.352.1200.2","NMFS",1981,5,8,128,NA,41.8,-67.966667,0,0,0,0,0,"DE",0.038
"3868",561,"198102.353.1200.3","NMFS",1981,5,8,128,NA,41.9,-67.633333,0,0,0,0,0,"DE",0.038
"3869",562,"198102.354.1190.7","NMFS",1981,5,8,128,NA,41.683333,-67.433333,0,0,0,0,0,"DE",0.038
"3870",562,"198102.355.1190.2","NMFS",1981,5,8,128,NA,41.8,-67.366667,1,1,0,1,0,"DE",0.038
"3871",561,"198102.356.1200.1","NMFS",1981,5,8,128,NA,41.916667,-67.416667,0,0,0,0,0,"DE",0.038
"3872",561,"198102.357.1200.5","NMFS",1981,5,8,128,NA,41.983333,-67.333333,0,0,0,0,0,"DE",0.038
"3873",561,"198102.359.1190.1","NMFS",1981,5,8,128,NA,41.933333,-67.05,2,2,0,1,1,"DE",0.038
"3874",552,"198102.360.1160.2","NMFS",1981,5,8,128,NA,41.833333,-66.75,0,0,0,0,0,"DE",0.038
"3875",551,"198102.362.1290.1","NMFS",1981,5,9,129,NA,42.216667,-66.616667,0,0,0,0,0,"DE",0.038
"3876",551,"198102.363.1210.3","NMFS",1981,5,9,129,NA,42.133333,-66.766667,0,0,0,0,0,"DE",0.038
"3877",551,"198102.364.1210.2","NMFS",1981,5,9,129,NA,42.1,-67,0,0,0,0,0,"DE",0.038
"3878",561,"198102.365.1220.3","NMFS",1981,5,9,129,NA,42.166667,-67.183333,2,2,0,2,0,"DE",0.038
"3879",464,"198102.367.1300.1","NMFS",1981,5,9,129,NA,42.5,-66.9,0,0,0,0,0,"DE",0.038
"3880",464,"198102.368.1290.4","NMFS",1981,5,9,129,NA,42.65,-67,0,0,0,0,0,"DE",0.038
"3881",464,"198102.369.1300.2","NMFS",1981,5,9,129,NA,42.416667,-67.316667,14,13,1,14,0,"DE",0.038
"3882",561,"198102.370.1220.1","NMFS",1981,5,9,129,NA,42.166667,-67.616667,1,1,0,1,0,"DE",0.038
"3883",522,"198102.371.1220.4","NMFS",1981,5,10,130,NA,42.016667,-67.966667,1,0,1,1,0,"DE",0.038
"3884",522,"198102.372.1290.6","NMFS",1981,5,10,130,NA,42.25,-68.05,1,1,0,1,0,"DE",0.038
"3885",515,"198102.373.1290.3","NMFS",1981,5,10,130,NA,42.483333,-68.283333,0,0,0,0,0,"DE",0.038
"3886",515,"198102.374.1290.5","NMFS",1981,5,10,130,NA,42.666667,-67.816667,0,0,0,0,0,"DE",0.038
"3887",515,"198102.375.1360.3","NMFS",1981,5,10,130,NA,42.766667,-67.8,0,0,0,0,0,"DE",0.038
"3888",515,"198102.376.1360.1","NMFS",1981,5,10,130,NA,42.783333,-68.316667,0,0,0,0,0,"DE",0.038
"3889",515,"198102.377.1280.4","NMFS",1981,5,10,130,NA,42.633333,-68.5,1,0,1,1,0,"DE",0.038
"3890",515,"198102.378.1370.3","NMFS",1981,5,10,130,NA,42.816667,-68.816667,1,1,0,1,0,"DE",0.038
"3891",515,"198102.380.1370.1","NMFS",1981,5,11,131,NA,43.133333,-69,0,0,0,0,0,"DE",0.038
"3892",515,"198102.381.1370.4","NMFS",1981,5,11,131,NA,43.116667,-68.7,0,0,0,0,0,"DE",0.038
"3893",515,"198102.383.1360.4","NMFS",1981,5,11,131,NA,43.25,-67.933333,0,0,0,0,0,"DE",0.038
"3894",512,"198102.384.1360.7","NMFS",1981,5,11,131,NA,43.416667,-67.7,2,2,0,2,0,"DE",0.038
"3895",465,"198102.385.1360.2","NMFS",1981,5,11,131,NA,43.166667,-67.35,1,1,0,1,0,"DE",0.038
"3896",465,"198102.386.1340.1","NMFS",1981,5,11,131,NA,43.083333,-66.916667,0,0,0,0,0,"DE",0.038
"3897",465,"198102.387.1340.3","NMFS",1981,5,11,131,NA,43.316667,-66.816667,0,0,0,0,0,"DE",0.038
"3898",465,"198102.389.1340.4","NMFS",1981,5,11,131,NA,43.766667,-66.75,0,0,0,0,0,"DE",0.038
"3899",511,"198102.391.1340.2","NMFS",1981,5,12,132,NA,44.066667,-67.25,0,0,0,0,0,"DE",0.038
"3900",511,"198102.392.1390.3","NMFS",1981,5,12,132,NA,44.316667,-67.683333,0,0,0,0,0,"DE",0.038
"3901",512,"198102.393.1390.2","NMFS",1981,5,12,132,NA,44.083333,-67.866667,1,0,1,1,0,"DE",0.038
"3902",512,"198102.394.1360.6","NMFS",1981,5,12,132,NA,43.9,-67.716667,0,0,0,0,0,"DE",0.038
"3903",511,"198102.396.1350.1","NMFS",1981,5,12,132,NA,44.316667,-67.183333,1,1,0,1,0,"DE",0.038
"3904",467,"198102.397.1350.2","NMFS",1981,5,12,132,NA,44.35,-67,2,0,2,2,0,"DE",0.038
"3905",466,"198102.399.1330.3","NMFS",1981,5,12,132,NA,44.116667,-66.55,0,0,0,0,0,"DE",0.038
"3906",465,"198102.402.1330.1","NMFS",1981,5,13,133,NA,43.766667,-66.5,0,0,0,0,0,"DE",0.038
"3907",465,"198102.403.1330.2","NMFS",1981,5,13,133,NA,43.516667,-66.416667,0,0,0,0,0,"DE",0.038
"3908",465,"198102.404.1340.5","NMFS",1981,5,13,133,NA,43.666667,-67.166667,0,0,0,0,0,"DE",0.038
"3909",512,"198102.406.1380.6","NMFS",1981,5,13,133,NA,43.85,-68.066667,0,0,0,0,0,"DE",0.038
"3910",512,"198102.407.1390.4","NMFS",1981,5,13,133,NA,43.933333,-68.35,0,0,0,0,0,"DE",0.038
"3911",514,"198102.409.3590.1","NMFS",1981,5,21,141,NA,41.833333,-70.433333,99,44,55,56,43,"DE",0.038
"3912",514,"198102.410.3600.2","NMFS",1981,5,21,141,NA,41.883333,-70.383333,30,13,17,23,7,"DE",0.038
"3913",514,"198102.411.3580.1","NMFS",1981,5,21,141,NA,41.833333,-70.166667,6,1,5,5,1,"DE",0.038
"3914",514,"198102.412.3600.1","NMFS",1981,5,21,141,NA,41.883333,-70.216667,1,0,1,1,0,"DE",0.038
"3915",514,"198102.413.3610.2","NMFS",1981,5,21,141,NA,42.033333,-70.45,15,6,9,14,1,"DE",0.038
"3916",514,"198102.414.3660.1","NMFS",1981,5,21,141,NA,42.183333,-70.5,3,1,2,3,0,"DE",0.038
"3917",514,"198102.415.3630.1","NMFS",1981,5,21,141,NA,42.25,-70.683333,13,4,9,11,2,"DE",0.038
"3918",514,"198102.416.3650.1","NMFS",1981,5,21,141,NA,42.366667,-70.7,2,0,2,2,0,"DE",0.038
"3919",514,"198102.417.3640.1","NMFS",1981,5,21,141,NA,42.383333,-70.783333,2,1,1,2,0,"DE",0.038
"3920",514,"198102.418.1260.6","NMFS",1981,5,21,141,NA,42.566667,-70.5,0,0,0,0,0,"DE",0.038
"3921",514,"198102.419.1260.2","NMFS",1981,5,21,141,NA,42.616667,-70.116667,0,0,0,0,0,"DE",0.038
"3922",514,"198102.420.1270.1","NMFS",1981,5,22,142,NA,42.583333,-69.916667,0,0,0,0,0,"DE",0.038
"3923",514,"198102.421.1260.4","NMFS",1981,5,22,142,NA,42.45,-70.183333,0,0,0,0,0,"DE",0.038
"3924",514,"198102.422.1260.3","NMFS",1981,5,22,142,NA,42.5,-70.216667,0,0,0,0,0,"DE",0.038
"3925",514,"198102.423.1260.5","NMFS",1981,5,22,142,NA,42.266667,-70.233333,1,1,0,1,0,"DE",0.038
"3926",514,"198102.424.3610.1","NMFS",1981,5,22,142,NA,42.1,-70.183333,1,1,0,1,0,"DE",0.038
"3927",521,"198102.425.1270.3","NMFS",1981,5,22,142,NA,42.2,-69.933333,0,0,0,0,0,"DE",0.038
"3928",521,"198102.426.1260.1","NMFS",1981,5,22,142,NA,42.05,-69.95,1,1,0,1,0,"DE",0.038
"3929",521,"198102.427.1280.3","NMFS",1981,5,22,142,NA,42.3,-69.433333,1,1,0,1,0,"DE",0.038
"3930",515,"198102.428.1280.1","NMFS",1981,5,22,142,NA,42.35,-69.316667,0,0,0,0,0,"DE",0.038
"3931",515,"198102.429.1280.7","NMFS",1981,5,23,143,NA,42.516667,-69.466667,1,1,0,1,0,"DE",0.038
"3932",515,"198102.430.1370.5","NMFS",1981,5,23,143,NA,42.566667,-68.816667,0,0,0,0,0,"DE",0.038
"3933",515,"198102.431.1280.6","NMFS",1981,5,23,143,NA,42.683333,-69.55,1,1,0,1,0,"DE",0.038
"3934",513,"198102.432.1370.2","NMFS",1981,5,23,143,NA,42.85,-69.566667,0,0,0,0,0,"DE",0.038
"3935",513,"198102.433.1270.2","NMFS",1981,5,23,143,NA,43.166667,-70.1,0,0,0,0,0,"DE",0.038
"3936",513,"198102.434.1270.4","NMFS",1981,5,23,143,NA,43.316667,-70.05,2,2,0,2,0,"DE",0.038
"3937",513,"198102.435.1380.1","NMFS",1981,5,23,143,NA,43.383333,-69.966667,0,0,0,0,0,"DE",0.038
"3938",513,"198102.436.1380.2","NMFS",1981,5,24,144,NA,43.45,-69.9,0,0,0,0,0,"DE",0.038
"3939",513,"198102.437.1400.3","NMFS",1981,5,24,144,NA,43.616667,-69.7,1,1,0,1,0,"DE",0.038
"3940",513,"198102.438.1380.3","NMFS",1981,5,24,144,NA,43.5,-69.5,0,0,0,0,0,"DE",0.038
"3941",513,"198102.439.1400.2","NMFS",1981,5,24,144,NA,43.75,-69.466667,0,0,0,0,0,"DE",0.038
"3942",512,"198102.440.1400.1","NMFS",1981,5,24,144,NA,43.75,-69.083333,1,0,1,1,0,"DE",0.038
"3943",513,"198102.441.1380.5","NMFS",1981,5,24,144,NA,43.55,-69.116667,0,0,0,0,0,"DE",0.038
"3944",512,"198102.442.1380.4","NMFS",1981,5,25,145,NA,43.566667,-68.833333,1,1,0,1,0,"DE",0.038
"3945",512,"198102.443.1390.1","NMFS",1981,5,25,145,NA,43.8,-68.633333,2,1,1,2,0,"DE",0.038
"3946",526,"198202.258.1090.4","NMFS",1982,4,15,105,30,40.85,-69.816667,0,0,0,0,0,"DE",0.038
"3947",526,"198202.259.3550.2","NMFS",1982,4,15,105,30,40.966667,-69.8,0,0,0,0,0,"DE",0.038
"3948",526,"198202.260.3550.1","NMFS",1982,4,15,105,30,40.983333,-69.433333,1,1,0,0,1,"DE",0.038
"3949",526,"198202.261.3550.3","NMFS",1982,4,15,105,30,40.9,-69.4,0,0,0,0,0,"DE",0.038
"3950",526,"198202.262.1090.2","NMFS",1982,4,15,105,30,40.683333,-69.466667,0,0,0,0,0,"DE",0.038
"3951",526,"198202.263.1100.3","NMFS",1982,4,15,105,30,40.533333,-69.75,0,0,0,0,0,"DE",0.038
"3952",526,"198202.264.1100.7","NMFS",1982,4,15,105,30,40.383333,-69.85,11,4,7,10,1,"DE",0.038
"3953",526,"198202.269.1110.2","NMFS",1982,4,16,106,30,39.966667,-69.716667,1,1,0,1,0,"DE",0.038
"3954",526,"198202.270.1110.3","NMFS",1982,4,16,106,30,40,-69.266667,1,0,1,1,0,"DE",0.038
"3955",526,"198202.271.1100.8","NMFS",1982,4,16,106,30,40.216667,-69.183333,1,0,1,1,0,"DE",0.038
"3956",526,"198202.272.1120.1","NMFS",1982,4,16,106,30,40.116667,-69.016667,10,5,5,10,0,"DE",0.038
"3957",526,"198202.273.1120.3","NMFS",1982,4,16,106,30,40.066667,-68.916667,0,0,0,0,0,"DE",0.038
"3958",525,"198202.274.1150.3","NMFS",1982,4,16,106,30,40.1,-68.8,0,0,0,0,0,"DE",0.038
"3959",525,"198202.275.1140.1","NMFS",1982,4,16,106,30,40.233333,-68.6,0,0,0,0,0,"DE",0.038
"3960",526,"198202.276.1100.4","NMFS",1982,4,16,106,30,40.266667,-68.95,0,0,0,0,0,"DE",0.038
"3961",526,"198202.277.1100.2","NMFS",1982,4,16,106,30,40.4,-69.1,0,0,0,0,0,"DE",0.038
"3962",526,"198202.278.1100.6","NMFS",1982,4,16,106,30,40.5,-69.083333,0,0,0,0,0,"DE",0.038
"3963",526,"198202.279.1100.1","NMFS",1982,4,17,107,30,40.75,-68.933333,0,0,0,0,0,"DE",0.038
"3964",525,"198202.280.1130.7","NMFS",1982,4,17,107,30,40.6,-68.833333,0,0,0,0,0,"DE",0.038
"3965",525,"198202.281.1130.5","NMFS",1982,4,17,107,30,40.483333,-68.6,0,0,0,0,0,"DE",0.038
"3966",525,"198202.282.1150.1","NMFS",1982,4,17,107,30,40.316667,-68.05,0,0,0,0,0,"DE",0.038
"3967",525,"198202.283.1130.6","NMFS",1982,4,17,107,30,40.516667,-67.883333,0,0,0,0,0,"DE",0.038
"3968",525,"198202.284.1140.4","NMFS",1982,4,17,107,30,40.433333,-67.866667,1,1,0,1,0,"DE",0.038
"3969",525,"198202.285.1140.3","NMFS",1982,4,17,107,30,40.4,-67.816667,0,0,0,0,0,"DE",0.038
"3970",525,"198202.286.1140.2","NMFS",1982,4,17,107,30,40.466667,-67.6,0,0,0,0,0,"DE",0.038
"3971",525,"198202.287.1150.2","NMFS",1982,4,17,107,30,40.483333,-67.433333,0,0,0,0,0,"DE",0.038
"3972",525,"198202.288.1130.2","NMFS",1982,4,17,107,30,40.6,-67.383333,0,0,0,0,0,"DE",0.038
"3973",525,"198202.289.1130.4","NMFS",1982,4,17,107,30,40.85,-67.283333,0,0,0,0,0,"DE",0.038
"3974",525,"198202.290.1130.1","NMFS",1982,4,17,107,30,41.016667,-67.216667,0,0,0,0,0,"DE",0.038
"3975",525,"198202.291.1130.3","NMFS",1982,4,18,108,30,41.016667,-67.383333,0,0,0,0,0,"DE",0.038
"3976",525,"198202.292.1130.9","NMFS",1982,4,18,108,30,40.883333,-67.733333,1,0,1,1,0,"DE",0.038
"3977",525,"198202.293.1130.8","NMFS",1982,4,18,108,30,40.733333,-68.266667,1,0,1,1,0,"DE",0.038
"3978",525,"198202.294.1190.8","NMFS",1982,4,18,108,30,40.75,-68.533333,0,0,0,0,0,"DE",0.038
"3979",525,"198202.295.1190.6","NMFS",1982,4,18,108,30,40.883333,-68.533333,0,0,0,0,0,"DE",0.038
"3980",525,"198202.296.1190.4","NMFS",1982,4,18,108,30,41.133333,-68.25,0,0,0,0,0,"DE",0.038
"3981",522,"198202.297.1200.4","NMFS",1982,4,18,108,30,41.3,-68.316667,0,0,0,0,0,"DE",0.038
"3982",525,"198202.298.1190.3","NMFS",1982,4,18,108,30,41.183333,-68.05,0,0,0,0,0,"DE",0.038
"3983",525,"198202.299.1190.7","NMFS",1982,4,18,108,30,41.15,-67.933333,1,0,1,1,0,"DE",0.038
"3984",525,"198202.300.1190.2","NMFS",1982,4,18,108,30,41.3,-67.75,0,0,0,0,0,"DE",0.038
"3985",522,"198202.301.1200.1","NMFS",1982,4,19,109,30,41.666667,-67.666667,0,0,0,0,0,"DE",0.038
"3986",562,"198202.302.1190.1","NMFS",1982,4,19,109,30,41.616667,-67.3,1,1,0,1,0,"DE",0.038
"3987",562,"198202.303.1190.5","NMFS",1982,4,19,109,30,41.8,-67.1,1,0,1,1,0,"DE",0.038
"3988",562,"198202.304.1190.9","NMFS",1982,4,19,109,30,41.816667,-67.016667,1,0,1,1,0,"DE",0.038
"3989",562,"198202.305.1160.4","NMFS",1982,4,19,109,30,41.55,-66.783333,0,0,0,0,0,"DE",0.038
"3990",562,"198202.306.1160.10","NMFS",1982,4,19,109,30,41.333333,-66.966667,0,0,0,0,0,"DE",0.038
"3991",562,"198202.307.1160.8","NMFS",1982,4,19,109,30,41.3,-66.85,0,0,0,0,0,"DE",0.038
"3992",562,"198202.309.1160.3","NMFS",1982,4,19,109,30,40.85,-66.783333,0,0,0,0,0,"DE",0.038
"3993",562,"198202.310.1180.2","NMFS",1982,4,19,109,30,40.766667,-66.733333,1,1,0,1,0,"DE",0.038
"3994",562,"198202.311.1170.2","NMFS",1982,4,19,109,30,40.933333,-66.566667,0,0,0,0,0,"DE",0.038
"3995",552,"198202.313.1170.4","NMFS",1982,4,20,110,30,41.316667,-66.233333,1,1,0,1,0,"DE",0.038
"3996",552,"198202.314.1180.1","NMFS",1982,4,20,110,30,41.5,-65.933333,0,0,0,0,0,"DE",0.038
"3997",552,"198202.315.1160.1","NMFS",1982,4,20,110,30,41.566667,-66.183333,0,0,0,0,0,"DE",0.038
"3998",552,"198202.316.1160.5","NMFS",1982,4,20,110,30,41.783333,-66.033333,0,0,0,0,0,"DE",0.038
"3999",552,"198202.317.1170.3","NMFS",1982,4,20,110,30,41.8,-65.833333,0,0,0,0,0,"DE",0.038
"4000",551,"198202.318.1180.3","NMFS",1982,4,20,110,30,41.9,-65.75,0,0,0,0,0,"DE",0.038
"4001",551,"198202.319.1170.1","NMFS",1982,4,20,110,30,42.033333,-65.983333,0,0,0,0,0,"DE",0.038
"4002",551,"198202.320.1160.9","NMFS",1982,4,20,110,30,41.883333,-66.05,0,0,0,0,0,"DE",0.038
"4003",551,"198202.321.1160.2","NMFS",1982,4,20,110,30,41.916667,-66.216667,0,0,0,0,0,"DE",0.038
"4004",552,"198202.322.1160.6","NMFS",1982,4,20,110,30,41.833333,-66.55,0,0,0,0,0,"DE",0.038
"4005",551,"198202.323.1160.7","NMFS",1982,4,20,110,30,41.983333,-66.45,0,0,0,0,0,"DE",0.038
"4006",551,"198202.324.1210.3","NMFS",1982,4,21,111,30,42.083333,-66.5,0,0,0,0,0,"DE",0.038
"4007",551,"198202.325.1220.3","NMFS",1982,4,21,111,30,42.166667,-66.633333,1,1,0,1,0,"DE",0.038
"4008",551,"198202.326.1290.2","NMFS",1982,4,21,111,30,42.233333,-66.866667,1,0,1,1,0,"DE",0.038
"4009",551,"198202.327.1290.7","NMFS",1982,4,21,111,30,42.266667,-66.716667,1,0,1,1,0,"DE",0.038
"4010",464,"198202.328.1300.3","NMFS",1982,4,21,111,30,42.383333,-66.833333,0,0,0,0,0,"DE",0.038
"4011",464,"198202.329.1300.1","NMFS",1982,4,21,111,30,42.416667,-66.583333,0,0,0,0,0,"DE",0.038
"4012",464,"198202.330.1290.8","NMFS",1982,4,21,111,30,42.566667,-66.666667,0,0,0,0,0,"DE",0.038
"4013",464,"198202.331.1310.7","NMFS",1982,4,21,111,30,42.65,-66.55,1,1,0,1,0,"DE",0.038
"4014",464,"198202.332.1310.4","NMFS",1982,4,21,111,30,42.65,-66.366667,9,5,4,9,0,"DE",0.038
"4015",464,"198202.333.1320.1","NMFS",1982,4,21,111,30,42.616667,-66.116667,0,0,0,0,0,"DE",0.038
"4016",464,"198202.334.1290.6","NMFS",1982,4,21,111,30,42.466667,-66.166667,0,0,0,0,0,"DE",0.038
"4017",464,"198202.335.1310.3","NMFS",1982,4,21,111,30,42.433333,-65.833333,0,0,0,0,0,"DE",0.038
"4018",464,"198202.336.1310.2","NMFS",1982,4,22,112,30,42.35,-65.65,1,1,0,1,0,"DE",0.038
"4019",464,"198202.337.1320.4","NMFS",1982,4,22,112,30,42.483333,-65.716667,0,0,0,0,0,"DE",0.038
"4020",464,"198202.338.1320.3","NMFS",1982,4,22,112,30,42.683333,-65.533333,0,0,0,0,0,"DE",0.038
"4021",464,"198202.342.1310.1","NMFS",1982,4,22,112,30,42.733333,-66.4,0,0,0,0,0,"DE",0.038
"4022",521,"198202.343.1250.6","NMFS",1982,4,27,117,30,41.7,-69.9,0,0,0,0,0,"DE",0.038
"4023",521,"198202.345.1250.4","NMFS",1982,4,27,117,20,41.9,-69.866667,0,0,0,0,0,"DE",0.038
"4024",521,"198202.346.1240.4","NMFS",1982,4,27,117,30,42,-69.783333,2,2,0,2,0,"DE",0.038
"4025",521,"198202.347.1270.4","NMFS",1982,4,27,117,30,42.116667,-69.8,1,1,0,1,0,"DE",0.038
"4026",521,"198202.348.1280.4","NMFS",1982,4,27,117,30,42.233333,-69.616667,0,0,0,0,0,"DE",0.038
"4027",515,"198202.349.1280.1","NMFS",1982,4,27,117,30,42.35,-69.65,0,0,0,0,0,"DE",0.038
"4028",521,"198202.350.1280.3","NMFS",1982,4,27,117,30,42.283333,-69.516667,0,0,0,0,0,"DE",0.038
"4029",515,"198202.351.1280.6","NMFS",1982,4,27,117,30,42.4,-69.283333,0,0,0,0,0,"DE",0.038
"4030",515,"198202.352.1370.4","NMFS",1982,4,28,118,30,42.916667,-69.166667,0,0,0,0,0,"DE",0.038
"4031",515,"198202.353.1370.2","NMFS",1982,4,28,118,30,42.716667,-68.966667,0,0,0,0,0,"DE",0.038
"4032",515,"198202.354.1370.3","NMFS",1982,4,28,118,30,42.65,-68.75,1,0,1,1,0,"DE",0.038
"4033",515,"198202.355.1280.5","NMFS",1982,4,28,118,30,42.633333,-68.516667,0,0,0,0,0,"DE",0.038
"4034",515,"198202.356.1370.5","NMFS",1982,4,28,118,30,42.783333,-68.5,0,0,0,0,0,"DE",0.038
"4035",515,"198202.357.1290.1","NMFS",1982,4,29,119,30,42.583333,-67.983333,0,0,0,0,0,"DE",0.038
"4036",515,"198202.358.1290.4","NMFS",1982,4,30,120,30,42.566667,-68.166667,0,0,0,0,0,"DE",0.038
"4037",522,"198202.359.1240.5","NMFS",1982,4,30,120,30,42.316667,-68.683333,0,0,0,0,0,"DE",0.038
"4038",515,"198202.360.1280.7","NMFS",1982,4,30,120,30,42.4,-68.833333,0,0,0,0,0,"DE",0.038
"4039",522,"198202.361.1240.1","NMFS",1982,4,30,120,30,42.3,-68.75,0,0,0,0,0,"DE",0.038
"4040",521,"198202.362.1240.2","NMFS",1982,4,30,120,30,42.166667,-69.116667,0,0,0,0,0,"DE",0.038
"4041",521,"198202.363.1240.3","NMFS",1982,4,30,120,30,41.783333,-69.083333,0,0,0,0,0,"DE",0.038
"4042",521,"198202.364.1240.6","NMFS",1982,4,30,120,30,41.75,-69.216667,0,0,0,0,0,"DE",0.038
"4043",521,"198202.365.1230.1","NMFS",1982,4,30,120,30,41.45,-69.283333,0,0,0,0,0,"DE",0.038
"4044",521,"198202.366.1250.2","NMFS",1982,4,30,120,30,41.383333,-69.35,0,0,0,0,0,"DE",0.038
"4045",521,"198202.367.1250.1","NMFS",1982,4,30,120,30,41.433333,-69.483333,0,0,0,0,0,"DE",0.038
"4046",521,"198202.368.3550.4","NMFS",1982,4,30,120,30,41.35,-69.583333,0,0,0,0,0,"DE",0.038
"4047",521,"198202.369.1250.3","NMFS",1982,5,1,121,30,41.233333,-69.35,0,0,0,0,0,"DE",0.038
"4048",521,"198202.370.1230.2","NMFS",1982,5,1,121,30,41.233333,-68.933333,0,0,0,0,0,"DE",0.038
"4049",522,"198202.371.1230.4","NMFS",1982,5,1,121,30,41.15,-68.616667,0,0,0,0,0,"DE",0.038
"4050",522,"198202.372.1230.3","NMFS",1982,5,1,121,30,41.383333,-68.566667,0,0,0,0,0,"DE",0.038
"4051",522,"198202.373.1230.5","NMFS",1982,5,1,121,30,41.416667,-68.483333,0,0,0,0,0,"DE",0.038
"4052",522,"198202.374.1200.3","NMFS",1982,5,1,121,30,41.633333,-68.35,0,0,0,0,0,"DE",0.038
"4053",522,"198202.375.1210.4","NMFS",1982,5,1,121,30,41.733333,-68.2,0,0,0,0,0,"DE",0.038
"4054",522,"198202.376.1200.2","NMFS",1982,5,1,121,30,41.766667,-68.1,0,0,0,0,0,"DE",0.038
"4055",522,"198202.377.1210.2","NMFS",1982,5,1,121,30,41.8,-68.1,1,0,1,1,0,"DE",0.038
"4056",522,"198202.378.1220.4","NMFS",1982,5,1,121,30,41.816667,-68.216667,0,0,0,0,0,"DE",0.038
"4057",522,"198202.379.1290.3","NMFS",1982,5,1,121,30,42,-68.166667,0,0,0,0,0,"DE",0.038
"4058",522,"198202.380.1220.1","NMFS",1982,5,2,122,30,42.133333,-67.75,2,1,1,2,0,"DE",0.038
"4059",561,"198202.381.1200.5","NMFS",1982,5,2,122,30,41.966667,-67.566667,0,0,0,0,0,"DE",0.038
"4060",561,"198202.382.1200.6","NMFS",1982,5,2,122,30,41.983333,-67.233333,1,0,1,1,0,"DE",0.038
"4061",551,"198202.383.1210.1","NMFS",1982,5,2,122,30,42.083333,-67.066667,0,0,0,0,0,"DE",0.038
"4062",561,"198202.384.1220.2","NMFS",1982,5,2,122,30,42.166667,-67.35,0,0,0,0,0,"DE",0.038
"4063",464,"198202.385.1300.2","NMFS",1982,5,2,122,30,42.466667,-67.133333,0,0,0,0,0,"DE",0.038
"4064",464,"198202.386.1290.5","NMFS",1982,5,2,122,30,42.666667,-67.4,0,0,0,0,0,"DE",0.038
"4065",464,"198202.387.1360.8","NMFS",1982,5,2,122,30,42.833333,-67.383333,1,0,1,1,0,"DE",0.038
"4066",465,"198202.388.1360.3","NMFS",1982,5,2,122,30,43.233333,-67.566667,0,0,0,0,0,"DE",0.038
"4067",465,"198202.389.1360.2","NMFS",1982,5,3,123,30,43.266667,-67.433333,0,0,0,0,0,"DE",0.038
"4068",465,"198202.390.1360.6","NMFS",1982,5,3,123,30,43.3,-67,0,0,0,0,0,"DE",0.038
"4069",465,"198202.391.1340.2","NMFS",1982,5,3,123,30,43.033333,-66.916667,0,0,0,0,0,"DE",0.038
"4070",464,"198202.392.1360.5","NMFS",1982,5,3,123,30,42.9,-66.833333,0,0,0,0,0,"DE",0.038
"4071",465,"198202.393.1310.6","NMFS",1982,5,3,123,22,43,-66.5,1,0,1,1,0,"DE",0.038
"4072",465,"198202.395.1330.3","NMFS",1982,5,3,123,30,43.466667,-66.533333,0,0,0,0,0,"DE",0.038
"4073",465,"198202.396.1340.5","NMFS",1982,5,3,123,30,43.7,-66.866667,0,0,0,0,0,"DE",0.038
"4074",511,"198202.397.1340.6","NMFS",1982,5,4,124,30,43.883333,-67.066667,0,0,0,0,0,"DE",0.038
"4075",511,"198202.398.1340.3","NMFS",1982,5,4,124,30,44,-66.983333,0,0,0,0,0,"DE",0.038
"4076",465,"198202.399.1340.4","NMFS",1982,5,4,124,30,43.883333,-66.833333,0,0,0,0,0,"DE",0.038
"4077",465,"198202.400.1330.2","NMFS",1982,5,4,124,20,43.75,-66.55,0,0,0,0,0,"DE",0.038
"4078",466,"198202.401.1330.4","NMFS",1982,5,4,124,30,44.05,-66.416667,1,1,0,1,0,"DE",0.038
"4079",466,"198202.402.1330.1","NMFS",1982,5,4,124,30,44.183333,-66.55,0,0,0,0,0,"DE",0.038
"4080",466,"198202.403.1350.4","NMFS",1982,5,4,124,30,44.333333,-66.533333,0,0,0,0,0,"DE",0.038
"4081",466,"198202.404.1350.2","NMFS",1982,5,4,124,30,44.466667,-66.233333,0,0,0,0,0,"DE",0.038
"4082",511,"198202.405.1350.3","NMFS",1982,5,4,124,30,44.35,-67.083333,0,0,0,0,0,"DE",0.038
"4083",511,"198202.406.1350.1","NMFS",1982,5,4,124,30,44.3,-67.15,1,1,0,1,0,"DE",0.038
"4084",511,"198202.407.1360.1","NMFS",1982,5,4,124,30,44.233333,-67.383333,0,0,0,0,0,"DE",0.038
"4085",511,"198202.408.1390.2","NMFS",1982,5,5,125,30,44.4,-67.5,7,5,2,7,0,"DE",0.038
"4086",512,"198202.409.1390.4","NMFS",1982,5,5,125,30,44.2,-67.95,4,3,1,3,1,"DE",0.038
"4087",512,"198202.410.1390.1","NMFS",1982,5,5,125,30,43.983333,-68.433333,3,0,3,3,0,"DE",0.038
"4088",512,"198202.411.1380.3","NMFS",1982,5,5,125,30,43.833333,-68.483333,0,0,0,0,0,"DE",0.038
"4089",512,"198202.412.1380.1","NMFS",1982,5,5,125,30,43.666667,-68.316667,0,0,0,0,0,"DE",0.038
"4090",512,"198202.413.1360.4","NMFS",1982,5,5,125,30,43.533333,-67.983333,1,1,0,1,0,"DE",0.038
"4091",512,"198202.414.1360.7","NMFS",1982,5,5,125,30,43.416667,-68.1,0,0,0,0,0,"DE",0.038
"4092",515,"198202.415.1380.5","NMFS",1982,5,5,125,30,43.316667,-68.633333,0,0,0,0,0,"DE",0.038
"4093",512,"198202.416.1380.4","NMFS",1982,5,5,125,30,43.433333,-68.833333,1,1,0,1,0,"DE",0.038
"4094",513,"198202.418.1380.2","NMFS",1982,5,6,126,30,43.583333,-69.4,0,0,0,0,0,"DE",0.038
"4095",513,"198202.419.1400.1","NMFS",1982,5,6,126,20,43.516667,-69.633333,0,0,0,0,0,"DE",0.038
"4096",513,"198202.420.1370.1","NMFS",1982,5,6,126,30,43.2,-69.85,0,0,0,0,0,"DE",0.038
"4097",513,"198202.421.1270.2","NMFS",1982,5,6,126,30,43.05,-70,1,1,0,1,0,"DE",0.038
"4098",513,"198202.422.1280.2","NMFS",1982,5,6,126,30,42.866667,-69.783333,0,0,0,0,0,"DE",0.038
"4099",514,"198202.423.1260.4","NMFS",1982,5,6,126,30,42.7,-70.183333,0,0,0,0,0,"DE",0.038
"4100",513,"198202.424.1270.3","NMFS",1982,5,6,126,30,42.966667,-70.233333,0,0,0,0,0,"DE",0.038
"4101",513,"198202.425.1270.1","NMFS",1982,5,6,126,30,43.083333,-70.333333,1,1,0,1,0,"DE",0.038
"4102",513,"198202.426.1400.2","NMFS",1982,5,6,126,30,43,-70.466667,4,1,3,4,0,"DE",0.038
"4103",513,"198202.427.3640.1","NMFS",1982,5,7,127,30,42.85,-70.766667,4,1,3,4,0,"DE",0.038
"4104",514,"198202.428.1400.3","NMFS",1982,5,7,127,30,42.816667,-70.6,0,0,0,0,0,"DE",0.038
"4105",514,"198202.429.1260.7","NMFS",1982,5,7,127,30,42.716667,-70.5,1,1,0,1,0,"DE",0.038
"4106",514,"198202.430.1260.1","NMFS",1982,5,7,127,23,42.466667,-70.283333,0,0,0,0,0,"DE",0.038
"4107",514,"198202.432.1260.2","NMFS",1982,5,7,127,30,42.416667,-70.283333,0,0,0,0,0,"DE",0.038
"4108",514,"198202.433.1260.3","NMFS",1982,5,7,127,30,42.35,-70.25,1,1,0,1,0,"DE",0.038
"4109",514,"198202.434.1260.5","NMFS",1982,5,7,127,30,42.333333,-70.316667,0,0,0,0,0,"DE",0.038
"4110",514,"198202.435.3640.2","NMFS",1982,5,7,127,20,42.383333,-70.816667,1,0,1,1,0,"DE",0.038
"4111",514,"198202.436.3650.1","NMFS",1982,5,7,127,20,42.316667,-70.733333,6,4,2,6,0,"DE",0.038
"4112",514,"198202.437.1260.8","NMFS",1982,5,7,127,30,42.216667,-70.483333,1,1,0,1,0,"DE",0.038
"4113",514,"198202.438.3610.1","NMFS",1982,5,7,127,30,42.15,-70.5,0,0,0,0,0,"DE",0.038
"4114",514,"198202.439.3590.1","NMFS",1982,5,7,127,30,42.1,-70.566667,6,2,4,6,0,"DE",0.038
"4115",514,"198202.440.3600.2","NMFS",1982,5,8,128,30,41.966667,-70.483333,3,1,2,3,0,"DE",0.038
"4116",514,"198202.441.3610.2","NMFS",1982,5,8,128,30,42.016667,-70.25,1,0,1,1,0,"DE",0.038
"4117",514,"198202.442.3600.1","NMFS",1982,5,8,128,30,41.983333,-70.283333,2,1,1,2,0,"DE",0.038
"4118",514,"198202.443.3580.1","NMFS",1982,5,8,128,30,41.833333,-70.216667,2,2,0,2,0,"DE",0.038
"4119",526,"198303.240.1100.7","NMFS",1983,4,4,94,30,40.233333,-69.85,0,0,0,0,0,"AL",0.038
"4120",526,"198303.241.1110.1","NMFS",1983,4,4,94,30,39.983333,-69.766667,0,0,0,0,0,"AL",0.038
"4121",526,"198303.242.1120.3","NMFS",1983,4,4,94,30,39.916667,-69.783333,1,0,1,1,0,"AL",0.038
"4122",526,"198303.243.1110.3","NMFS",1983,4,5,95,30,40.05,-69.233333,0,0,0,0,0,"AL",0.038
"4123",526,"198303.244.1100.5","NMFS",1983,4,5,95,30,40.316667,-69.35,6,3,3,6,0,"AL",0.038
"4124",526,"198303.245.1100.2","NMFS",1983,4,5,95,30,40.366667,-69.116667,1,0,1,1,0,"AL",0.038
"4125",525,"198303.246.1130.6","NMFS",1983,4,5,95,30,40.333333,-68.8,0,0,0,0,0,"AL",0.038
"4126",526,"198303.247.1120.2","NMFS",1983,4,5,95,30,40.083333,-68.866667,0,0,0,0,0,"AL",0.038
"4127",525,"198303.248.1150.2","NMFS",1983,4,5,95,30,40.1,-68.683333,0,0,0,0,0,"AL",0.038
"4128",525,"198303.249.1140.3","NMFS",1983,4,5,95,30,40.15,-68.683333,1,0,1,1,0,"AL",0.038
"4129",525,"198303.250.1130.2","NMFS",1983,4,5,95,30,40.4,-68.533333,0,0,0,0,0,"AL",0.038
"4130",525,"198303.251.1140.1","NMFS",1983,4,5,95,30,40.333333,-68.416667,0,0,0,0,0,"AL",0.038
"4131",525,"198303.252.1130.4","NMFS",1983,4,5,95,30,40.566667,-68.133333,0,0,0,0,0,"AL",0.038
"4132",525,"198303.253.1150.1","NMFS",1983,4,6,96,30,40.35,-67.766667,0,0,0,0,0,"AL",0.038
"4133",525,"198303.254.1140.4","NMFS",1983,4,6,96,30,40.516667,-67.5,0,0,0,0,0,"AL",0.038
"4134",525,"198303.255.1130.7","NMFS",1983,4,6,96,30,40.7,-67.75,0,0,0,0,0,"AL",0.038
"4135",525,"198303.256.1130.3","NMFS",1983,4,6,96,30,40.9,-67.8,0,0,0,0,0,"AL",0.038
"4136",525,"198303.257.1130.8","NMFS",1983,4,6,96,30,40.733333,-68.083333,0,0,0,0,0,"AL",0.038
"4137",525,"198303.258.1130.9","NMFS",1983,4,6,96,30,40.783333,-68.133333,0,0,0,0,0,"AL",0.038
"4138",525,"198303.259.1130.5","NMFS",1983,4,6,96,30,40.716667,-68.4,0,0,0,0,0,"AL",0.038
"4139",525,"198303.260.1190.2","NMFS",1983,4,6,96,30,40.883333,-68.583333,0,0,0,0,0,"AL",0.038
"4140",525,"198303.261.1190.9","NMFS",1983,4,6,96,30,40.8,-68.633333,1,1,0,1,0,"AL",0.038
"4141",525,"198303.262.1130.1","NMFS",1983,4,6,96,30,40.566667,-68.833333,0,0,0,0,0,"AL",0.038
"4142",526,"198303.263.1100.4","NMFS",1983,4,6,96,30,40.6,-68.9,0,0,0,0,0,"AL",0.038
"4143",526,"198303.264.1100.6","NMFS",1983,4,7,97,30,40.583333,-69.516667,0,0,0,0,0,"AL",0.038
"4144",526,"198303.265.1090.2","NMFS",1983,4,7,97,30,40.716667,-69.466667,0,0,0,0,0,"AL",0.038
"4145",526,"198303.266.1090.3","NMFS",1983,4,7,97,30,40.933333,-69.7,0,0,0,0,0,"AL",0.038
"4146",526,"198303.267.3550.3","NMFS",1983,4,7,97,30,40.95,-69.766667,0,0,0,0,0,"AL",0.038
"4147",526,"198303.268.3550.4","NMFS",1983,4,7,97,30,40.983333,-69.616667,0,0,0,0,0,"AL",0.038
"4148",526,"198303.269.3550.1","NMFS",1983,4,7,97,30,40.916667,-69.533333,0,0,0,0,0,"AL",0.038
"4149",526,"198303.270.1090.4","NMFS",1983,4,7,97,30,40.95,-69.283333,0,0,0,0,0,"AL",0.038
"4150",521,"198303.271.1250.4","NMFS",1983,4,7,97,30,41.083333,-69.266667,1,0,1,0,1,"AL",0.038
"4151",521,"198303.272.1250.3","NMFS",1983,4,7,97,30,41.166667,-69.283333,0,0,0,0,0,"AL",0.038
"4152",521,"198303.273.3550.2","NMFS",1983,4,7,97,30,41.333333,-69.566667,0,0,0,0,0,"AL",0.038
"4153",521,"198303.274.3560.1","NMFS",1983,4,7,97,30,41.683333,-69.866667,0,0,0,0,0,"AL",0.038
"4154",521,"198303.275.1250.2","NMFS",1983,4,7,97,30,41.766667,-69.85,1,1,0,1,0,"AL",0.038
"4155",521,"198303.276.1230.4","NMFS",1983,4,7,97,30,41.666667,-69.583333,0,0,0,0,0,"AL",0.038
"4156",521,"198303.277.1230.2","NMFS",1983,4,7,97,30,41.583333,-69.466667,1,1,0,1,0,"AL",0.038
"4157",521,"198303.278.1240.3","NMFS",1983,4,12,102,30,41.883333,-69.683333,0,0,0,0,0,"AL",0.038
"4158",521,"198303.281.1280.1","NMFS",1983,4,12,102,30,42,-69.383333,0,0,0,0,0,"AL",0.038
"4159",521,"198303.282.1240.6","NMFS",1983,4,12,102,30,41.783333,-69.133333,1,1,0,1,0,"AL",0.038
"4160",521,"198303.283.1240.1","NMFS",1983,4,12,102,30,41.65,-69.15,0,0,0,0,0,"AL",0.038
"4161",522,"198303.285.1200.2","NMFS",1983,4,12,102,30,41.55,-68.416667,0,0,0,0,0,"AL",0.038
"4162",522,"198303.286.1200.3","NMFS",1983,4,12,102,30,41.6,-68.25,0,0,0,0,0,"AL",0.038
"4163",522,"198303.287.1200.6","NMFS",1983,4,13,103,30,41.433333,-68.216667,0,0,0,0,0,"AL",0.038
"4164",522,"198303.288.1200.4","NMFS",1983,4,13,103,30,41.233333,-68.35,0,0,0,0,0,"AL",0.038
"4165",522,"198303.289.1230.5","NMFS",1983,4,13,103,30,41.25,-68.8,1,0,1,1,0,"AL",0.038
"4166",522,"198303.290.1230.1","NMFS",1983,4,13,103,30,41.033333,-68.716667,0,0,0,0,0,"AL",0.038
"4167",522,"198303.291.1230.3","NMFS",1983,4,13,103,30,41,-68.8,0,0,0,0,0,"AL",0.038
"4168",522,"198303.292.1190.7","NMFS",1983,4,13,103,30,41.033333,-68.45,0,0,0,0,0,"AL",0.038
"4169",522,"198303.293.1190.6","NMFS",1983,4,13,103,30,41.016667,-68.366667,0,0,0,0,0,"AL",0.038
"4170",525,"198303.294.1190.1","NMFS",1983,4,13,103,30,40.966667,-68.233333,0,0,0,0,0,"AL",0.038
"4171",525,"198303.295.1190.8","NMFS",1983,4,13,103,30,41.1,-67.833333,0,0,0,0,0,"AL",0.038
"4172",525,"198303.296.1190.4","NMFS",1983,4,13,103,30,41.15,-67.783333,0,0,0,0,0,"AL",0.038
"4173",522,"198303.297.1190.3","NMFS",1983,4,14,104,30,41.466667,-67.783333,0,0,0,0,0,"AL",0.038
"4174",522,"198303.298.1200.5","NMFS",1983,4,14,104,30,41.633333,-67.783333,0,0,0,0,0,"AL",0.038
"4175",562,"198303.299.1190.5","NMFS",1983,4,14,104,30,41.433333,-67.516667,0,0,0,0,0,"AL",0.038
"4176",562,"198303.300.1160.1","NMFS",1983,4,14,104,30,41.466667,-67.1,0,0,0,0,0,"AL",0.038
"4177",525,"198303.301.1160.3","NMFS",1983,4,14,104,30,41.133333,-67.216667,0,0,0,0,0,"AL",0.038
"4178",525,"198303.303.1140.2","NMFS",1983,4,14,104,30,40.683333,-66.966667,0,0,0,0,0,"AL",0.038
"4179",562,"198303.304.1150.3","NMFS",1983,4,14,104,30,40.733333,-66.783333,4,1,3,4,0,"AL",0.038
"4180",562,"198303.305.1180.1","NMFS",1983,4,14,104,22,40.883333,-66.55,0,0,0,0,0,"AL",0.038
"4181",562,"198303.306.1170.3","NMFS",1983,4,14,104,30,40.95,-66.566667,0,0,0,0,0,"AL",0.038
"4182",562,"198303.307.1160.5","NMFS",1983,4,15,105,30,41.2,-66.683333,0,0,0,0,0,"AL",0.038
"4183",562,"198303.308.1160.2","NMFS",1983,4,15,105,30,41.316667,-66.7,0,0,0,0,0,"AL",0.038
"4184",562,"198303.309.1160.8","NMFS",1983,4,15,105,30,41.433333,-66.65,0,0,0,0,0,"AL",0.038
"4185",552,"198303.310.1160.4","NMFS",1983,4,15,105,30,41.516667,-66.283333,0,0,0,0,0,"AL",0.038
"4186",552,"198303.312.1170.2","NMFS",1983,4,15,105,30,41.483333,-65.983333,2,2,0,2,0,"AL",0.038
"4187",552,"198303.313.1170.4","NMFS",1983,4,15,105,30,41.733333,-65.783333,2,2,0,2,0,"AL",0.038
"4188",552,"198303.314.1180.2","NMFS",1983,4,15,105,21,41.8,-65.733333,0,0,0,0,0,"AL",0.038
"4189",551,"198303.316.1170.1","NMFS",1983,4,15,105,30,41.85,-65.85,0,0,0,0,0,"AL",0.038
"4190",551,"198303.317.1160.6","NMFS",1983,4,16,106,30,42.016667,-66.116667,0,0,0,0,0,"AL",0.038
"4191",464,"198303.319.1310.3","NMFS",1983,4,16,106,30,42.266667,-65.516667,0,0,0,0,0,"AL",0.038
"4192",464,"198303.324.1320.4","NMFS",1983,4,16,106,30,42.516667,-65.633333,0,0,0,0,0,"AL",0.038
"4193",464,"198303.326.1320.1","NMFS",1983,4,16,106,30,42.833333,-65.933333,0,0,0,0,0,"AL",0.038
"4194",465,"198303.328.1310.7","NMFS",1983,4,16,106,20,43,-66.4,0,0,0,0,0,"AL",0.038
"4195",464,"198303.329.1360.1","NMFS",1983,4,17,107,30,42.916667,-66.716667,0,0,0,0,0,"AL",0.038
"4196",465,"198303.331.1330.2","NMFS",1983,4,17,107,30,43.35,-66.55,0,0,0,0,0,"AL",0.038
"4197",465,"198303.332.1330.4","NMFS",1983,4,17,107,30,43.45,-66.416667,0,0,0,0,0,"AL",0.038
"4198",465,"198303.334.1340.6","NMFS",1983,4,17,107,30,43.916667,-66.733333,0,0,0,0,0,"AL",0.038
"4199",466,"198303.335.1330.3","NMFS",1983,4,17,107,30,44.033333,-66.5,0,0,0,0,0,"AL",0.038
"4200",465,"198303.336.1340.1","NMFS",1983,4,17,107,30,44,-66.716667,0,0,0,0,0,"AL",0.038
"4201",511,"198303.337.1340.2","NMFS",1983,4,17,107,30,43.95,-67,0,0,0,0,0,"AL",0.038
"4202",465,"198303.338.1340.4","NMFS",1983,4,17,107,30,43.833333,-67.216667,0,0,0,0,0,"AL",0.038
"4203",465,"198303.339.1340.5","NMFS",1983,4,18,108,30,43.75,-67.266667,0,0,0,0,0,"AL",0.038
"4204",465,"198303.340.1360.7","NMFS",1983,4,18,108,30,43.516667,-67.466667,0,0,0,0,0,"AL",0.038
"4205",465,"198303.341.1360.2","NMFS",1983,4,18,108,30,43.4,-67.133333,0,0,0,0,0,"AL",0.038
"4206",464,"198303.343.1360.4","NMFS",1983,4,18,108,30,42.8,-67.233333,0,0,0,0,0,"AL",0.038
"4207",464,"198303.344.1310.6","NMFS",1983,4,18,108,30,42.683333,-66.8,0,0,0,0,0,"AL",0.038
"4208",464,"198303.346.1290.1","NMFS",1983,4,18,108,30,42.6,-66.8,0,0,0,0,0,"AL",0.038
"4209",464,"198303.347.1310.5","NMFS",1983,4,18,108,30,42.666667,-66.5,0,0,0,0,0,"AL",0.038
"4210",464,"198303.348.1290.5","NMFS",1983,4,19,109,30,42.416667,-66.4,0,0,0,0,0,"AL",0.038
"4211",464,"198303.349.1300.3","NMFS",1983,4,19,109,30,42.383333,-66.7,2,2,0,2,0,"AL",0.038
"4212",551,"198303.350.1300.1","NMFS",1983,4,19,109,30,42.316667,-66.9,0,0,0,0,0,"AL",0.038
"4213",551,"198303.351.1220.3","NMFS",1983,4,19,109,30,42.166667,-66.733333,1,0,1,1,0,"AL",0.038
"4214",551,"198303.352.1160.7","NMFS",1983,4,19,109,30,41.966667,-66.75,0,0,0,0,0,"AL",0.038
"4215",551,"198303.353.1160.10","NMFS",1983,4,19,109,30,41.916667,-66.766667,0,0,0,0,0,"AL",0.038
"4216",552,"198303.354.1160.9","NMFS",1983,4,19,109,30,41.833333,-66.783333,0,0,0,0,0,"AL",0.038
"4217",561,"198303.355.1210.1","NMFS",1983,4,19,109,30,42.083333,-67.2,0,0,0,0,0,"AL",0.038
"4218",561,"198303.356.1220.4","NMFS",1983,4,19,109,30,42.183333,-67.216667,0,0,0,0,0,"AL",0.038
"4219",561,"198303.357.1290.4","NMFS",1983,4,19,109,30,42.266667,-67.4,1,1,0,1,0,"AL",0.038
"4220",464,"198303.358.1300.2","NMFS",1983,4,19,109,30,42.533333,-67.3,0,0,0,0,0,"AL",0.038
"4221",464,"198303.359.1290.3","NMFS",1983,4,20,110,30,42.683333,-67.633333,0,0,0,0,0,"AL",0.038
"4222",515,"198303.360.1290.7","NMFS",1983,4,20,110,30,42.55,-67.916667,0,0,0,0,0,"AL",0.038
"4223",515,"198303.361.1290.8","NMFS",1983,4,20,110,30,42.483333,-68.133333,0,0,0,0,0,"AL",0.038
"4224",522,"198303.362.1290.6","NMFS",1983,4,20,110,30,42.166667,-68.1,0,0,0,0,0,"AL",0.038
"4225",522,"198303.363.1210.3","NMFS",1983,4,20,110,30,41.983333,-67.766667,2,1,1,2,0,"AL",0.038
"4226",561,"198303.364.1200.1","NMFS",1983,4,20,110,30,41.9,-67.483333,0,0,0,0,0,"AL",0.038
"4227",522,"198303.365.1210.2","NMFS",1983,4,20,110,30,41.833333,-68.133333,0,0,0,0,0,"AL",0.038
"4228",522,"198303.366.1220.1","NMFS",1983,4,20,110,30,41.866667,-68.116667,0,0,0,0,0,"AL",0.038
"4229",522,"198303.367.1210.4","NMFS",1983,4,20,110,30,41.766667,-68.25,0,0,0,0,0,"AL",0.038
"4230",522,"198303.368.1220.2","NMFS",1983,4,21,111,30,41.8,-68.266667,0,0,0,0,0,"AL",0.038
"4231",522,"198303.370.1240.4","NMFS",1983,4,21,111,30,42.316667,-68.55,0,0,0,0,0,"AL",0.038
"4232",515,"198303.371.1290.2","NMFS",1983,4,21,111,30,42.5,-68.516667,0,0,0,0,0,"AL",0.038
"4233",515,"198303.372.1280.7","NMFS",1983,4,21,111,30,42.5,-68.733333,0,0,0,0,0,"AL",0.038
"4234",515,"198303.373.1280.6","NMFS",1983,4,21,111,30,42.4,-68.733333,0,0,0,0,0,"AL",0.038
"4235",514,"198303.374.3590.1","NMFS",1983,4,25,115,30,41.8,-70.366667,1,1,0,1,0,"AL",0.038
"4236",514,"198303.375.3580.1","NMFS",1983,4,26,116,30,41.8,-70.25,2,1,1,2,0,"AL",0.038
"4237",514,"198303.376.3600.2","NMFS",1983,4,26,116,30,41.95,-70.433333,6,2,4,5,1,"AL",0.038
"4238",514,"198303.377.3610.1","NMFS",1983,4,26,116,30,42.05,-70.366667,24,6,18,24,0,"AL",0.038
"4239",514,"198303.378.3610.2","NMFS",1983,4,26,116,30,42.05,-70.483333,18,10,8,15,3,"AL",0.038
"4240",514,"198303.379.3600.1","NMFS",1983,4,26,116,30,42.066667,-70.566667,2,1,1,2,0,"AL",0.038
"4241",514,"198303.380.3650.1","NMFS",1983,4,26,116,30,42.183333,-70.55,2,0,2,2,0,"AL",0.038
"4242",514,"198303.381.3660.2","NMFS",1983,4,26,116,30,42.233333,-70.533333,4,1,3,4,0,"AL",0.038
"4243",514,"198303.382.1260.2","NMFS",1983,4,26,116,30,42.2,-70.4,3,1,2,3,0,"AL",0.038
"4244",514,"198303.383.1260.3","NMFS",1983,4,26,116,30,42.25,-70.366667,0,0,0,0,0,"AL",0.038
"4245",514,"198303.384.1260.4","NMFS",1983,4,26,116,30,42.366667,-70.316667,0,0,0,0,0,"AL",0.038
"4246",514,"198303.385.1260.5","NMFS",1983,4,26,116,30,42.533333,-70.166667,0,0,0,0,0,"AL",0.038
"4247",514,"198303.386.1270.3","NMFS",1983,4,26,116,30,42.683333,-70.05,0,0,0,0,0,"AL",0.038
"4248",514,"198303.387.1270.4","NMFS",1983,4,26,116,30,42.833333,-70,0,0,0,0,0,"AL",0.038
"4249",515,"198303.388.1280.4","NMFS",1983,4,27,117,30,42.416667,-69.566667,0,0,0,0,0,"AL",0.038
"4250",515,"198303.389.1280.5","NMFS",1983,4,27,117,30,42.383333,-69.333333,0,0,0,0,0,"AL",0.038
"4251",521,"198303.390.1240.5","NMFS",1983,4,27,117,30,42.15,-69.05,0,0,0,0,0,"AL",0.038
"4252",521,"198303.391.1240.2","NMFS",1983,4,27,117,30,42.216667,-69.066667,0,0,0,0,0,"AL",0.038
"4253",515,"198303.392.1280.3","NMFS",1983,4,27,117,30,42.416667,-69.016667,0,0,0,0,0,"AL",0.038
"4254",515,"198303.393.1280.2","NMFS",1983,4,27,117,30,42.683333,-68.6,0,0,0,0,0,"AL",0.038
"4255",515,"198303.394.1360.5","NMFS",1983,4,27,117,30,42.766667,-68.116667,0,0,0,0,0,"AL",0.038
"4256",515,"198303.395.1360.6","NMFS",1983,4,27,117,30,42.866667,-68.133333,0,0,0,0,0,"AL",0.038
"4257",515,"198303.396.1370.2","NMFS",1983,4,27,117,30,42.783333,-68.716667,0,0,0,0,0,"AL",0.038
"4258",515,"198303.397.1370.3","NMFS",1983,4,27,117,30,42.783333,-68.816667,0,0,0,0,0,"AL",0.038
"4259",515,"198303.398.1370.4","NMFS",1983,4,28,118,30,42.933333,-69.083333,0,0,0,0,0,"AL",0.038
"4260",513,"198303.399.1370.5","NMFS",1983,4,28,118,30,43.133333,-69.25,0,0,0,0,0,"AL",0.038
"4261",512,"198303.402.1360.3","NMFS",1983,4,28,118,30,43.416667,-67.983333,0,0,0,0,0,"AL",0.038
"4262",512,"198303.403.1360.8","NMFS",1983,4,28,118,30,43.883333,-67.716667,0,0,0,0,0,"AL",0.038
"4263",511,"198303.404.1340.3","NMFS",1983,4,28,118,30,44.05,-67.35,0,0,0,0,0,"AL",0.038
"4264",466,"198303.405.1350.2","NMFS",1983,4,29,119,30,44.366667,-66.65,0,0,0,0,0,"AL",0.038
"4265",467,"198303.407.1350.4","NMFS",1983,4,29,119,30,44.733333,-66.466667,0,0,0,0,0,"AL",0.038
"4266",467,"198303.408.1350.3","NMFS",1983,4,29,119,30,44.783333,-66.616667,0,0,0,0,0,"AL",0.038
"4267",511,"198303.409.1390.2","NMFS",1983,4,29,119,30,44.4,-67.466667,0,0,0,0,0,"AL",0.038
"4268",511,"198303.410.1390.3","NMFS",1983,4,29,119,30,44.266667,-67.7,1,0,1,1,0,"AL",0.038
"4269",511,"198303.411.1380.5","NMFS",1983,4,29,119,30,44.1,-67.65,1,1,0,1,0,"AL",0.038
"4270",512,"198303.412.1390.5","NMFS",1983,4,29,119,30,44.066667,-68.05,0,0,0,0,0,"AL",0.038
"4271",512,"198303.413.1390.1","NMFS",1983,4,29,119,30,44.016667,-68.316667,3,1,2,2,1,"AL",0.038
"4272",512,"198303.414.1390.4","NMFS",1983,4,29,119,30,43.9,-68.433333,0,0,0,0,0,"AL",0.038
"4273",512,"198303.415.1380.3","NMFS",1983,4,30,120,30,43.75,-68.416667,1,1,0,1,0,"AL",0.038
"4274",512,"198303.416.1380.4","NMFS",1983,4,30,120,30,43.683333,-68.583333,1,1,0,1,0,"AL",0.038
"4275",512,"198303.417.1380.2","NMFS",1983,4,30,120,30,43.6,-68.966667,0,0,0,0,0,"AL",0.038
"4276",513,"198303.418.1380.1","NMFS",1983,4,30,120,26,43.666667,-69.4,1,0,1,1,0,"AL",0.038
"4277",513,"198303.419.1400.3","NMFS",1983,4,30,120,30,43.566667,-69.683333,0,0,0,0,0,"AL",0.038
"4278",513,"198303.420.1270.2","NMFS",1983,4,30,120,30,43.333333,-70.016667,0,0,0,0,0,"AL",0.038
"4279",513,"198303.421.1370.1","NMFS",1983,4,30,120,30,43.15,-69.916667,0,0,0,0,0,"AL",0.038
"4280",513,"198303.422.1270.1","NMFS",1983,4,30,120,30,42.983333,-70.216667,0,0,0,0,0,"AL",0.038
"4281",514,"198303.423.1400.2","NMFS",1983,4,30,120,26,42.816667,-70.533333,0,0,0,0,0,"AL",0.038
"4282",514,"198303.424.1400.1","NMFS",1983,4,30,120,30,42.766667,-70.633333,0,0,0,0,0,"AL",0.038
"4283",514,"198303.425.3640.1","NMFS",1983,4,30,120,30,42.8,-70.683333,0,0,0,0,0,"AL",0.038
"4284",514,"198303.426.3630.1","NMFS",1983,5,1,121,23,42.733333,-70.716667,7,3,4,5,2,"AL",0.038
"4285",514,"198303.427.3660.1","NMFS",1983,5,1,121,30,42.7,-70.466667,4,4,0,3,1,"AL",0.038
"4286",514,"198303.428.1260.1","NMFS",1983,4,30,120,30,42.466667,-70.6,5,2,3,5,0,"AL",0.038
"4287",521,"198402.269.3550.2","NMFS",1984,4,3,94,30,41.433333,-69.7,4,2,2,2,2,"AL",0.038
"4288",521,"198402.270.3550.3","NMFS",1984,4,3,94,30,41.366667,-69.566667,6,4,2,5,1,"AL",0.038
"4289",521,"198402.271.1250.2","NMFS",1984,4,3,94,26,41.516667,-69.566667,3,0,3,3,0,"AL",0.038
"4290",521,"198402.272.1240.3","NMFS",1984,4,3,94,30,41.75,-69.616667,0,0,0,0,0,"AL",0.038
"4291",521,"198402.273.1230.3","NMFS",1984,4,3,94,29,41.716667,-69.733333,0,0,0,0,0,"AL",0.038
"4292",521,"198402.274.1250.1","NMFS",1984,4,3,94,30,41.733333,-69.85,1,1,0,1,0,"AL",0.038
"4293",521,"198402.275.3560.1","NMFS",1984,4,3,94,30,41.95,-69.95,1,0,1,1,0,"AL",0.038
"4294",521,"198402.277.1250.3","NMFS",1984,4,3,94,30,41.983333,-69.916667,2,1,1,2,0,"AL",0.038
"4295",521,"198402.278.1280.5","NMFS",1984,4,3,94,30,42.05,-69.433333,0,0,0,0,0,"AL",0.038
"4296",521,"198402.279.1280.3","NMFS",1984,4,3,94,30,41.933333,-69.266667,0,0,0,0,0,"AL",0.038
"4297",521,"198402.280.1240.5","NMFS",1984,4,3,94,30,41.683333,-69.083333,0,0,0,0,0,"AL",0.038
"4298",521,"198402.281.1240.1","NMFS",1984,4,3,94,30,41.566667,-69.05,0,0,0,0,0,"AL",0.038
"4299",522,"198402.282.1240.4","NMFS",1984,4,4,95,30,41.783333,-68.816667,0,0,0,0,0,"AL",0.038
"4300",522,"198402.283.1240.6","NMFS",1984,4,4,95,30,41.716667,-68.583333,1,1,0,1,0,"AL",0.038
"4301",522,"198402.284.1240.2","NMFS",1984,4,4,95,30,41.983333,-68.35,0,0,0,0,0,"AL",0.038
"4302",522,"198402.285.1220.3","NMFS",1984,4,4,95,30,41.85,-68.116667,0,0,0,0,0,"AL",0.038
"4303",522,"198402.286.1210.4","NMFS",1984,4,4,95,30,41.8,-68.116667,0,0,0,0,0,"AL",0.038
"4304",522,"198402.287.1200.1","NMFS",1984,4,4,95,30,41.616667,-68.25,0,0,0,0,0,"AL",0.038
"4305",522,"198402.288.1200.5","NMFS",1984,4,4,95,30,41.533333,-68.333333,0,0,0,0,0,"AL",0.038
"4306",522,"198402.289.1230.2","NMFS",1984,4,4,95,30,41.5,-68.483333,0,0,0,0,0,"AL",0.038
"4307",522,"198402.290.1230.1","NMFS",1984,4,4,95,30,41.466667,-68.65,0,0,0,0,0,"AL",0.038
"4308",522,"198402.291.1200.3","NMFS",1984,4,4,95,30,41.333333,-68.333333,1,1,0,1,0,"AL",0.038
"4309",522,"198402.292.1200.4","NMFS",1984,4,4,95,30,41.3,-68.283333,0,0,0,0,0,"AL",0.038
"4310",522,"198402.293.1190.7","NMFS",1984,4,4,95,30,41.416667,-67.95,0,0,0,0,0,"AL",0.038
"4311",522,"198402.294.1200.2","NMFS",1984,4,5,96,30,41.733333,-67.666667,0,0,0,0,0,"AL",0.038
"4312",562,"198402.295.1190.4","NMFS",1984,4,5,96,30,41.733333,-67.533333,0,0,0,0,0,"AL",0.038
"4313",522,"198402.296.1200.6","NMFS",1984,4,5,96,30,41.883333,-67.666667,0,0,0,0,0,"AL",0.038
"4314",522,"198402.297.1220.1","NMFS",1984,4,5,96,30,42,-67.933333,0,0,0,0,0,"AL",0.038
"4315",561,"198402.298.1220.2","NMFS",1984,4,5,96,30,42.1,-67.6,0,0,0,0,0,"AL",0.038
"4316",561,"198402.299.1210.1","NMFS",1984,4,5,96,30,42.066667,-67.483333,0,0,0,0,0,"AL",0.038
"4317",561,"198402.300.1290.8","NMFS",1984,4,5,96,30,42.183333,-67.416667,0,0,0,0,0,"AL",0.038
"4318",551,"198402.301.1290.3","NMFS",1984,4,5,96,30,42.25,-67.016667,0,0,0,0,0,"AL",0.038
"4319",551,"198402.302.1220.4","NMFS",1984,4,5,96,30,42.166667,-66.95,0,0,0,0,0,"AL",0.038
"4320",552,"198402.303.1160.8","NMFS",1984,4,5,96,30,41.783333,-66.833333,0,0,0,0,0,"AL",0.038
"4321",562,"198402.304.1160.4","NMFS",1984,4,5,96,30,41.616667,-66.716667,0,0,0,0,0,"AL",0.038
"4322",562,"198402.305.1160.1","NMFS",1984,4,6,97,30,41.616667,-66.983333,0,0,0,0,0,"AL",0.038
"4323",562,"198402.306.1190.8","NMFS",1984,4,6,97,30,41.533333,-67.25,0,0,0,0,0,"AL",0.038
"4324",562,"198402.307.1190.3","NMFS",1984,4,6,97,30,41.5,-67.25,0,0,0,0,0,"AL",0.038
"4325",562,"198402.308.1160.9","NMFS",1984,4,10,101,30,41.333333,-66.933333,0,0,0,0,0,"AL",0.038
"4326",562,"198402.309.1160.2","NMFS",1984,4,10,101,30,41.233333,-66.583333,0,0,0,0,0,"AL",0.038
"4327",562,"198402.310.1180.2","NMFS",1984,4,11,102,30,41.066667,-66.416667,1,0,1,1,0,"AL",0.038
"4328",552,"198402.311.1160.11","NMFS",1984,4,11,102,30,41.416667,-66.366667,0,0,0,0,0,"AL",0.038
"4329",552,"198402.312.1160.5","NMFS",1984,4,11,102,30,41.6,-66.466667,0,0,0,0,0,"AL",0.038
"4330",552,"198402.313.1170.1","NMFS",1984,4,11,102,30,41.383333,-66.15,0,0,0,0,0,"AL",0.038
"4331",552,"198402.314.1180.1","NMFS",1984,4,11,102,30,41.35,-66.083333,0,0,0,0,0,"AL",0.038
"4332",552,"198402.315.1170.4","NMFS",1984,4,11,102,30,41.466667,-66.033333,0,0,0,0,0,"AL",0.038
"4333",552,"198402.316.1160.7","NMFS",1984,4,11,102,30,41.6,-66.016667,0,0,0,0,0,"AL",0.038
"4334",552,"198402.317.1170.2","NMFS",1984,4,11,102,30,41.733333,-65.883333,0,0,0,0,0,"AL",0.038
"4335",552,"198402.318.1160.6","NMFS",1984,4,11,102,30,41.783333,-66.133333,0,0,0,0,0,"AL",0.038
"4336",551,"198402.319.1170.3","NMFS",1984,4,11,102,30,42,-65.95,0,0,0,0,0,"AL",0.038
"4337",551,"198402.320.1160.3","NMFS",1984,4,12,103,30,41.95,-66.166667,0,0,0,0,0,"AL",0.038
"4338",551,"198402.321.1210.3","NMFS",1984,4,12,103,30,42.083333,-66.233333,0,0,0,0,0,"AL",0.038
"4339",551,"198402.322.1160.10","NMFS",1984,4,12,103,30,42.033333,-66.383333,0,0,0,0,0,"AL",0.038
"4340",551,"198402.323.1210.2","NMFS",1984,4,12,103,21,42.133333,-66.583333,0,0,0,0,0,"AL",0.038
"4341",514,"198402.324.3590.1","NMFS",1984,4,17,108,30,41.833333,-70.333333,4,4,0,3,1,"AL",0.038
"4342",514,"198402.325.3580.1","NMFS",1984,4,17,108,30,41.866667,-70.183333,0,0,0,0,0,"AL",0.038
"4343",514,"198402.326.3600.2","NMFS",1984,4,17,108,30,41.933333,-70.316667,23,7,16,21,2,"AL",0.038
"4344",514,"198402.327.3610.2","NMFS",1984,4,17,108,30,42.033333,-70.25,1,1,0,1,0,"AL",0.038
"4345",514,"198402.328.3600.1","NMFS",1984,4,17,108,30,42.083333,-70.55,5,1,4,5,0,"AL",0.038
"4346",514,"198402.329.3610.1","NMFS",1984,4,17,108,30,42.15,-70.466667,12,5,7,11,1,"AL",0.038
"4347",514,"198402.330.3660.1","NMFS",1984,4,17,108,27,42.283333,-70.6,1,0,1,1,0,"AL",0.038
"4348",514,"198402.331.3630.1","NMFS",1984,4,17,108,20,42.233333,-70.666667,3,1,2,3,0,"AL",0.038
"4349",514,"198402.333.3650.2","NMFS",1984,4,17,108,30,42.5,-70.733333,0,0,0,0,0,"AL",0.038
"4350",514,"198402.334.3660.2","NMFS",1984,4,17,108,30,42.516667,-70.65,8,7,1,8,0,"AL",0.038
"4351",514,"198402.335.1260.4","NMFS",1984,4,17,108,30,42.5,-70.55,1,0,1,1,0,"AL",0.038
"4352",514,"198402.336.1260.1","NMFS",1984,4,17,108,26,42.333333,-70.35,0,0,0,0,0,"AL",0.038
"4353",514,"198402.337.1260.3","NMFS",1984,4,17,108,30,42.266667,-70.05,0,0,0,0,0,"AL",0.038
"4354",514,"198402.338.1270.2","NMFS",1984,4,18,109,30,42.35,-69.95,0,0,0,0,0,"AL",0.038
"4355",521,"198402.339.1280.6","NMFS",1984,4,18,109,30,42.333333,-69.833333,0,0,0,0,0,"AL",0.038
"4356",515,"198402.340.1280.7","NMFS",1984,4,18,109,30,42.416667,-69.233333,0,0,0,0,0,"AL",0.038
"4357",515,"198402.341.1280.4","NMFS",1984,4,18,109,30,42.6,-69.316667,0,0,0,0,0,"AL",0.038
"4358",515,"198402.342.1370.1","NMFS",1984,4,18,109,30,42.716667,-69.283333,0,0,0,0,0,"AL",0.038
"4359",515,"198402.343.1370.2","NMFS",1984,4,18,109,30,42.883333,-69.133333,0,0,0,0,0,"AL",0.038
"4360",513,"198402.344.1370.3","NMFS",1984,4,18,109,30,42.883333,-69.433333,0,0,0,0,0,"AL",0.038
"4361",513,"198402.345.1370.5","NMFS",1984,4,18,109,30,42.866667,-69.583333,0,0,0,0,0,"AL",0.038
"4362",514,"198402.346.1280.2","NMFS",1984,4,18,109,30,42.65,-69.766667,0,0,0,0,0,"AL",0.038
"4363",514,"198402.347.1280.1","NMFS",1984,4,18,109,30,42.7,-69.916667,0,0,0,0,0,"AL",0.038
"4364",514,"198402.348.1270.1","NMFS",1984,4,18,109,30,42.6,-69.966667,0,0,0,0,0,"AL",0.038
"4365",514,"198402.349.1260.5","NMFS",1984,4,18,109,30,42.6,-70.233333,0,0,0,0,0,"AL",0.038
"4366",514,"198402.351.1270.3","NMFS",1984,4,19,110,30,42.833333,-70.416667,0,0,0,0,0,"AL",0.038
"4367",513,"198402.352.1400.3","NMFS",1984,4,19,110,30,43.233333,-70.216667,0,0,0,0,0,"AL",0.038
"4368",513,"198402.353.1270.4","NMFS",1984,4,19,110,30,43.283333,-70.116667,0,0,0,0,0,"AL",0.038
"4369",513,"198402.354.1400.2","NMFS",1984,4,19,110,30,43.483333,-70.066667,1,1,0,1,0,"AL",0.038
"4370",513,"198402.355.1400.1","NMFS",1984,4,19,110,30,43.566667,-69.733333,0,0,0,0,0,"AL",0.038
"4371",513,"198402.356.1380.2","NMFS",1984,4,19,110,30,43.35,-69.483333,0,0,0,0,0,"AL",0.038
"4372",512,"198402.357.1380.4","NMFS",1984,4,19,110,30,43.516667,-68.9,0,0,0,0,0,"AL",0.038
"4373",512,"198402.359.1380.1","NMFS",1984,4,19,110,30,43.666667,-68.7,0,0,0,0,0,"AL",0.038
"4374",512,"198402.360.1390.5","NMFS",1984,4,19,110,30,43.85,-68.583333,1,1,0,1,0,"AL",0.038
"4375",512,"198402.361.1380.3","NMFS",1984,4,20,111,30,43.733333,-68.433333,0,0,0,0,0,"AL",0.038
"4376",512,"198402.362.1380.5","NMFS",1984,4,20,111,30,43.483333,-68.25,0,0,0,0,0,"AL",0.038
"4377",512,"198402.363.1360.5","NMFS",1984,4,20,111,30,43.5,-67.766667,0,0,0,0,0,"AL",0.038
"4378",465,"198402.364.1360.1","NMFS",1984,4,20,111,30,43.466667,-67.583333,1,0,1,1,0,"AL",0.038
"4379",512,"198402.365.1360.8","NMFS",1984,4,20,111,30,43.633333,-67.8,1,1,0,1,0,"AL",0.038
"4380",511,"198402.366.1360.4","NMFS",1984,4,20,111,30,44.05,-67.583333,0,0,0,0,0,"AL",0.038
"4381",512,"198402.367.1390.2","NMFS",1984,4,20,111,30,44.133333,-67.916667,1,0,1,1,0,"AL",0.038
"4382",512,"198402.368.1390.3","NMFS",1984,4,20,111,30,44.25,-67.9,0,0,0,0,0,"AL",0.038
"4383",511,"198402.369.1390.1","NMFS",1984,4,20,111,30,44.266667,-67.733333,1,1,0,1,0,"AL",0.038
"4384",511,"198402.371.1350.1","NMFS",1984,4,21,112,30,44.116667,-66.966667,0,0,0,0,0,"AL",0.038
"4385",466,"198402.372.1330.4","NMFS",1984,4,21,112,30,44.116667,-66.6,1,0,1,1,0,"AL",0.038
"4386",511,"198402.374.1340.4","NMFS",1984,4,21,112,30,43.933333,-66.933333,0,0,0,0,0,"AL",0.038
"4387",465,"198402.375.1340.6","NMFS",1984,4,21,112,30,43.733333,-67.133333,0,0,0,0,0,"AL",0.038
"4388",465,"198402.376.1340.2","NMFS",1984,4,21,112,30,43.633333,-67.05,0,0,0,0,0,"AL",0.038
"4389",465,"198402.377.1340.1","NMFS",1984,4,21,112,30,43.65,-66.9,0,0,0,0,0,"AL",0.038
"4390",465,"198402.378.1330.1","NMFS",1984,4,21,112,30,43.733333,-66.516667,0,0,0,0,0,"AL",0.038
"4391",465,"198402.380.1330.5","NMFS",1984,4,21,112,23,43.583333,-66.433333,0,0,0,0,0,"AL",0.038
"4392",465,"198402.381.1340.5","NMFS",1984,4,21,112,30,43.25,-66.8,1,0,1,1,0,"AL",0.038
"4393",465,"198402.382.1340.3","NMFS",1984,4,22,113,30,43.066667,-66.866667,0,0,0,0,0,"AL",0.038
"4394",464,"198402.384.1360.9","NMFS",1984,4,22,113,30,42.883333,-66.783333,0,0,0,0,0,"AL",0.038
"4395",464,"198402.385.1310.2","NMFS",1984,4,22,113,30,42.616667,-66.75,0,0,0,0,0,"AL",0.038
"4396",464,"198402.386.1310.3","NMFS",1984,4,22,113,30,42.683333,-66.4,2,0,2,2,0,"AL",0.038
"4397",464,"198402.387.1320.1","NMFS",1984,4,23,114,30,42.733333,-66.266667,1,1,0,1,0,"AL",0.038
"4398",464,"198402.388.1320.4","NMFS",1984,4,23,114,30,42.716667,-66.05,0,0,0,0,0,"AL",0.038
"4399",464,"198402.389.1320.5","NMFS",1984,4,23,114,30,42.766667,-65.883333,1,1,0,1,0,"AL",0.038
"4400",464,"198402.390.1310.4","NMFS",1984,4,23,114,30,42.7,-65.8,0,0,0,0,0,"AL",0.038
"4401",464,"198402.391.1320.3","NMFS",1984,4,23,114,30,42.65,-65.616667,0,0,0,0,0,"AL",0.038
"4402",464,"198402.393.1320.2","NMFS",1984,4,23,114,30,42.466667,-65.633333,0,0,0,0,0,"AL",0.038
"4403",464,"198402.394.1290.6","NMFS",1984,4,23,114,30,42.316667,-65.783333,0,0,0,0,0,"AL",0.038
"4404",464,"198402.395.1310.5","NMFS",1984,4,23,114,30,42.5,-65.85,12,9,3,12,0,"AL",0.038
"4405",464,"198402.396.1290.2","NMFS",1984,4,23,114,30,42.483333,-66.016667,8,7,1,8,0,"AL",0.038
"4406",551,"198402.397.1290.1","NMFS",1984,4,23,114,30,42.216667,-66.45,0,0,0,0,0,"AL",0.038
"4407",464,"198402.398.1300.2","NMFS",1984,4,24,115,30,42.4,-66.75,0,0,0,0,0,"AL",0.038
"4408",464,"198402.399.1300.1","NMFS",1984,4,24,115,30,42.416667,-66.883333,0,0,0,0,0,"AL",0.038
"4409",464,"198402.400.1300.3","NMFS",1984,4,24,115,30,42.483333,-67.2,0,0,0,0,0,"AL",0.038
"4410",464,"198402.401.1290.5","NMFS",1984,4,24,115,30,42.683333,-67.516667,1,1,0,1,0,"AL",0.038
"4411",515,"198402.402.1360.2","NMFS",1984,4,24,115,30,42.8,-67.916667,0,0,0,0,0,"AL",0.038
"4412",515,"198402.403.1290.4","NMFS",1984,4,24,115,30,42.45,-67.95,0,0,0,0,0,"AL",0.038
"4413",515,"198402.404.1290.7","NMFS",1984,4,24,115,30,42.666667,-68.35,0,0,0,0,0,"AL",0.038
"4414",515,"198402.405.1360.6","NMFS",1984,4,24,115,30,42.95,-68.333333,0,0,0,0,0,"AL",0.038
"4415",515,"198402.407.1370.4","NMFS",1984,4,25,116,30,42.783333,-68.716667,0,0,0,0,0,"AL",0.038
"4416",522,"198502.278.1230.1","NMFS",1985,4,2,92,30,41.4,-68.6,0,0,0,0,0,"AL",0.038
"4417",522,"198502.279.1230.3","NMFS",1985,4,2,92,30,41.433333,-68.433333,0,0,0,0,0,"AL",0.038
"4418",522,"198502.280.1200.1","NMFS",1985,4,2,92,30,41.5,-68.316667,2,0,2,2,0,"AL",0.038
"4419",522,"198502.281.1200.2","NMFS",1985,4,2,92,30,41.65,-68.3,0,0,0,0,0,"AL",0.038
"4420",522,"198502.282.1240.3","NMFS",1985,4,2,92,30,41.733333,-68.516667,0,0,0,0,0,"AL",0.038
"4421",522,"198502.283.1210.3","NMFS",1985,4,2,92,30,41.816667,-68.183333,0,0,0,0,0,"AL",0.038
"4422",522,"198502.285.1200.3","NMFS",1985,4,2,92,30,41.733333,-68.033333,1,0,1,1,0,"AL",0.038
"4423",522,"198502.286.1220.5","NMFS",1985,4,2,92,30,41.883333,-68.083333,3,2,1,3,0,"AL",0.038
"4424",522,"198502.287.1220.1","NMFS",1985,4,2,92,30,42.016667,-68.033333,1,0,1,1,0,"AL",0.038
"4425",522,"198502.288.1220.3","NMFS",1985,4,2,92,30,42.1,-67.75,3,1,2,3,0,"AL",0.038
"4426",561,"198502.289.1200.5","NMFS",1985,4,3,93,30,41.916667,-67.6,0,0,0,0,0,"AL",0.038
"4427",522,"198502.290.1200.6","NMFS",1985,4,3,93,30,41.733333,-67.833333,0,0,0,0,0,"AL",0.038
"4428",522,"198502.291.1190.4","NMFS",1985,4,3,93,30,41.35,-67.9,0,0,0,0,0,"AL",0.038
"4429",522,"198502.292.1190.5","NMFS",1985,4,3,93,30,41.416667,-67.716667,0,0,0,0,0,"AL",0.038
"4430",562,"198502.293.1190.7","NMFS",1985,4,3,93,30,41.633333,-67.466667,0,0,0,0,0,"AL",0.038
"4431",562,"198502.294.1190.1","NMFS",1985,4,3,93,30,41.666667,-67.416667,0,0,0,0,0,"AL",0.038
"4432",561,"198502.295.1190.8","NMFS",1985,4,3,93,30,41.916667,-67.15,1,0,1,1,0,"AL",0.038
"4433",551,"198502.296.1210.1","NMFS",1985,4,3,93,30,42.083333,-66.733333,0,0,0,0,0,"AL",0.038
"4434",551,"198502.297.1160.10","NMFS",1985,4,3,93,30,42.05,-66.683333,0,0,0,0,0,"AL",0.038
"4435",551,"198502.298.1160.4","NMFS",1985,4,3,93,30,41.883333,-66.65,0,0,0,0,0,"AL",0.038
"4436",552,"198502.299.1160.7","NMFS",1985,4,3,93,30,41.666667,-66.666667,0,0,0,0,0,"AL",0.038
"4437",562,"198502.300.1160.6","NMFS",1985,4,3,93,30,41.566667,-66.916667,0,0,0,0,0,"AL",0.038
"4438",552,"198502.301.1160.1","NMFS",1985,4,4,94,30,41.483333,-66.266667,0,0,0,0,0,"AL",0.038
"4439",552,"198502.302.1170.4","NMFS",1985,4,4,94,30,41.5,-66.033333,0,0,0,0,0,"AL",0.038
"4440",552,"198502.303.1160.8","NMFS",1985,4,4,94,30,41.616667,-66.033333,0,0,0,0,0,"AL",0.038
"4441",552,"198502.304.1170.2","NMFS",1985,4,4,94,30,41.7,-65.85,0,0,0,0,0,"AL",0.038
"4442",552,"198502.305.1160.3","NMFS",1985,4,4,94,30,41.816667,-66.166667,0,0,0,0,0,"AL",0.038
"4443",551,"198502.306.1180.3","NMFS",1985,4,4,94,30,41.95,-65.75,1,1,0,1,0,"AL",0.038
"4444",551,"198502.307.1170.1","NMFS",1985,4,4,94,30,41.966667,-65.916667,0,0,0,0,0,"AL",0.038
"4445",551,"198502.308.1160.5","NMFS",1985,4,4,94,30,42.033333,-66.266667,0,0,0,0,0,"AL",0.038
"4446",551,"198502.309.1210.2","NMFS",1985,4,4,94,30,42.116667,-66.166667,0,0,0,0,0,"AL",0.038
"4447",551,"198502.310.1220.2","NMFS",1985,4,4,94,30,42.15,-66.366667,0,0,0,0,0,"AL",0.038
"4448",551,"198502.311.1220.4","NMFS",1985,4,4,94,30,42.15,-66.666667,0,0,0,0,0,"AL",0.038
"4449",464,"198502.312.1300.1","NMFS",1985,4,5,95,30,42.416667,-66.766667,3,3,0,3,0,"AL",0.038
"4450",464,"198502.313.1300.3","NMFS",1985,4,5,95,30,42.433333,-67.266667,1,0,1,1,0,"AL",0.038
"4451",464,"198502.314.1300.2","NMFS",1985,4,5,95,20,42.583333,-67.25,2,2,0,2,0,"AL",0.038
"4452",464,"198502.315.1290.7","NMFS",1985,4,5,95,30,42.633333,-67.283333,0,0,0,0,0,"AL",0.038
"4453",464,"198502.316.1290.2","NMFS",1985,4,5,95,30,42.583333,-66.616667,0,0,0,0,0,"AL",0.038
"4454",464,"198502.317.1290.4","NMFS",1985,4,5,95,30,42.416667,-66.366667,1,1,0,1,0,"AL",0.038
"4455",464,"198502.318.1290.6","NMFS",1985,4,5,95,30,42.466667,-66.283333,1,0,1,1,0,"AL",0.038
"4456",464,"198502.319.1290.8","NMFS",1985,4,5,95,30,42.45,-66.016667,45,43,2,45,0,"AL",0.038
"4457",464,"198502.321.1290.5","NMFS",1985,4,5,95,30,42.4,-65.933333,16,14,2,16,0,"AL",0.038
"4458",464,"198502.322.1310.5","NMFS",1985,4,6,96,30,42.45,-65.8,1,0,1,1,0,"AL",0.038
"4459",464,"198502.323.1320.5","NMFS",1985,4,6,96,30,42.483333,-65.733333,0,0,0,0,0,"AL",0.038
"4460",464,"198502.326.1320.2","NMFS",1985,4,6,96,30,42.683333,-65.533333,0,0,0,0,0,"AL",0.038
"4461",464,"198502.328.1310.4","NMFS",1985,4,6,96,30,42.766667,-65.766667,0,0,0,0,0,"AL",0.038
"4462",464,"198502.331.1320.3","NMFS",1985,4,6,96,30,42.7,-66.066667,0,0,0,0,0,"AL",0.038
"4463",464,"198502.334.1340.6","NMFS",1985,4,7,97,27,42.966667,-66.916667,0,0,0,0,0,"AL",0.038
"4464",465,"198502.335.1340.1","NMFS",1985,4,7,97,20,43.15,-66.916667,0,0,0,0,0,"AL",0.038
"4465",465,"198502.337.1330.2","NMFS",1985,4,7,97,20,43.233333,-66.366667,0,0,0,0,0,"AL",0.038
"4466",465,"198502.338.1340.2","NMFS",1985,4,7,97,30,43.466667,-66.633333,0,0,0,0,0,"AL",0.038
"4467",465,"198502.339.1340.5","NMFS",1985,4,7,97,26,43.566667,-66.6,0,0,0,0,0,"AL",0.038
"4468",465,"198502.340.1330.3","NMFS",1985,4,7,97,30,43.65,-66.4,3,0,3,3,0,"AL",0.038
"4469",465,"198502.341.1330.1","NMFS",1985,4,8,98,30,43.95,-66.45,0,0,0,0,0,"AL",0.038
"4470",465,"198502.342.1340.3","NMFS",1985,4,8,98,30,43.816667,-66.8,0,0,0,0,0,"AL",0.038
"4471",511,"198502.343.1340.4","NMFS",1985,4,8,98,30,43.983333,-66.95,1,1,0,1,0,"AL",0.038
"4472",466,"198502.344.1350.2","NMFS",1985,4,8,98,20,44.066667,-66.8,0,0,0,0,0,"AL",0.038
"4473",511,"198502.345.1350.3","NMFS",1985,4,8,98,30,44.116667,-66.916667,0,0,0,0,0,"AL",0.038
"4474",511,"198502.346.1350.1","NMFS",1985,4,8,98,30,44.2,-67.116667,0,0,0,0,0,"AL",0.038
"4475",511,"198502.347.1390.1","NMFS",1985,4,8,98,30,44.366667,-67.65,0,0,0,0,0,"AL",0.038
"4476",512,"198502.348.1390.2","NMFS",1985,4,8,98,30,44.216667,-67.9,1,0,1,1,0,"AL",0.038
"4477",512,"198502.349.1390.4","NMFS",1985,4,8,98,30,44.166667,-68.05,0,0,0,0,0,"AL",0.038
"4478",512,"198502.350.1380.4","NMFS",1985,4,8,98,30,44.016667,-67.9,0,0,0,0,0,"AL",0.038
"4479",512,"198502.351.1380.5","NMFS",1985,4,9,99,30,43.7,-68.4,0,0,0,0,0,"AL",0.038
"4480",513,"198502.353.1380.1","NMFS",1985,4,9,99,30,43.383333,-69.4,0,0,0,0,0,"AL",0.038
"4481",513,"198502.354.1380.2","NMFS",1985,4,9,99,30,43.3,-69.916667,0,0,0,0,0,"AL",0.038
"4482",513,"198502.355.1270.2","NMFS",1985,4,9,99,30,43.25,-70.166667,0,0,0,0,0,"AL",0.038
"4483",513,"198502.356.1400.3","NMFS",1985,4,9,99,30,43.283333,-70.216667,1,0,1,1,0,"AL",0.038
"4484",513,"198502.357.1400.2","NMFS",1985,4,9,99,20,43.383333,-70.083333,1,0,1,1,0,"AL",0.038
"4485",513,"198502.358.1260.5","NMFS",1985,4,9,99,30,43.133333,-70.033333,2,2,0,2,0,"AL",0.038
"4486",513,"198502.359.1270.3","NMFS",1985,4,9,99,30,43.016667,-70.333333,0,0,0,0,0,"AL",0.038
"4487",513,"198502.360.1400.1","NMFS",1985,4,10,100,30,42.866667,-70.45,1,0,1,1,0,"AL",0.038
"4488",514,"198502.361.1270.1","NMFS",1985,4,10,100,30,42.733333,-70.116667,0,0,0,0,0,"AL",0.038
"4489",514,"198502.362.1270.4","NMFS",1985,4,10,100,30,42.683333,-70.116667,0,0,0,0,0,"AL",0.038
"4490",514,"198502.363.1260.4","NMFS",1985,4,10,100,30,42.666667,-70.333333,0,0,0,0,0,"AL",0.038
"4491",514,"198502.364.1260.2","NMFS",1985,4,10,100,30,42.583333,-70.4,2,0,2,2,0,"AL",0.038
"4492",514,"198502.365.3660.1","NMFS",1985,4,10,100,21,42.516667,-70.7,9,5,4,7,2,"AL",0.038
"4493",514,"198502.366.3650.2","NMFS",1985,4,10,100,30,42.333333,-70.733333,7,3,4,6,1,"AL",0.038
"4494",514,"198502.367.3650.1","NMFS",1985,4,10,100,20,42.233333,-70.583333,0,0,0,0,0,"AL",0.038
"4495",514,"198502.368.3660.2","NMFS",1985,4,10,100,30,42.25,-70.6,1,0,1,1,0,"AL",0.038
"4496",521,"198502.369.1280.1","NMFS",1985,4,10,100,30,42.283333,-69.9,0,0,0,0,0,"AL",0.038
"4497",521,"198502.370.1280.6","NMFS",1985,4,10,100,30,42.133333,-69.366667,0,0,0,0,0,"AL",0.038
"4498",521,"198502.371.1240.1","NMFS",1985,4,11,101,30,42.2,-69,0,0,0,0,0,"AL",0.038
"4499",522,"198502.372.1240.4","NMFS",1985,4,11,101,30,42.15,-68.683333,1,0,1,1,0,"AL",0.038
"4500",522,"198502.373.1240.5","NMFS",1985,4,11,101,20,42.116667,-68.566667,0,0,0,0,0,"AL",0.038
"4501",522,"198502.374.1240.2","NMFS",1985,4,11,101,30,42.316667,-68.616667,0,0,0,0,0,"AL",0.038
"4502",515,"198502.375.1280.3","NMFS",1985,4,11,101,30,42.533333,-68.666667,0,0,0,0,0,"AL",0.038
"4503",515,"198502.376.1280.4","NMFS",1985,4,11,101,30,42.5,-68.933333,0,0,0,0,0,"AL",0.038
"4504",515,"198502.377.1370.3","NMFS",1985,4,11,101,30,42.616667,-68.916667,0,0,0,0,0,"AL",0.038
"4505",515,"198502.378.1370.4","NMFS",1985,4,11,101,30,42.666667,-69.05,0,0,0,0,0,"AL",0.038
"4506",515,"198502.379.1280.2","NMFS",1985,4,11,101,30,42.616667,-69.316667,1,1,0,1,0,"AL",0.038
"4507",515,"198502.380.1370.2","NMFS",1985,4,11,101,30,42.766667,-69.4,0,0,0,0,0,"AL",0.038
"4508",515,"198502.381.1370.1","NMFS",1985,4,11,101,30,43.016667,-68.666667,0,0,0,0,0,"AL",0.038
"4509",515,"198502.382.1360.6","NMFS",1985,4,12,102,30,43.033333,-68.466667,1,1,0,1,0,"AL",0.038
"4510",515,"198502.383.1370.5","NMFS",1985,4,12,102,30,43.266667,-68.65,0,0,0,0,0,"AL",0.038
"4511",512,"198502.384.1380.3","NMFS",1985,4,12,102,28,43.416667,-68.516667,0,0,0,0,0,"AL",0.038
"4512",512,"198502.385.1360.4","NMFS",1985,4,12,102,30,43.733333,-67.883333,0,0,0,0,0,"AL",0.038
"4513",512,"198502.386.1360.3","NMFS",1985,4,12,102,30,43.816667,-67.683333,0,0,0,0,0,"AL",0.038
"4514",465,"198502.387.1360.5","NMFS",1985,4,12,102,30,43.6,-67.5,0,0,0,0,0,"AL",0.038
"4515",465,"198502.388.1360.1","NMFS",1985,4,12,102,30,43.233333,-67.516667,2,0,2,2,0,"AL",0.038
"4516",515,"198502.389.1360.2","NMFS",1985,4,12,102,30,42.983333,-67.933333,0,0,0,0,0,"AL",0.038
"4517",515,"198502.390.1290.1","NMFS",1985,4,12,102,30,42.716667,-68.45,0,0,0,0,0,"AL",0.038
"4518",515,"198502.391.1280.5","NMFS",1985,4,13,103,30,42.35,-69.183333,0,0,0,0,0,"AL",0.038
"4519",526,"198603.189.1120.1","NMFS",1986,4,1,91,20,39.933333,-69.866667,0,0,0,0,0,"AL",0.038
"4520",526,"198603.190.1110.1","NMFS",1986,4,1,91,30,40.05,-69.916667,1,1,0,0,1,"AL",0.038
"4521",526,"198603.191.1100.6","NMFS",1986,4,1,91,30,40.316667,-69.75,14,4,10,14,0,"AL",0.038
"4522",526,"198603.192.1100.3","NMFS",1986,4,1,91,30,40.316667,-69.45,2,0,2,2,0,"AL",0.038
"4523",521,"198603.193.1250.3","NMFS",1986,4,2,92,30,41.033333,-69.233333,0,0,0,0,0,"AL",0.038
"4524",521,"198603.194.1250.1","NMFS",1986,4,2,92,20,41.116667,-69.233333,0,0,0,0,0,"AL",0.038
"4525",521,"198603.195.1250.4","NMFS",1986,4,2,92,22.5,41.5,-69.533333,7,1,6,7,0,"AL",0.038
"4526",521,"198603.196.3550.3","NMFS",1986,4,2,92,30,41.533333,-69.75,2,0,2,2,0,"AL",0.038
"4527",521,"198603.197.3550.1","NMFS",1986,4,2,92,30,41.383333,-69.7,0,0,0,0,0,"AL",0.038
"4528",526,"198603.198.3550.5","NMFS",1986,4,2,92,30,41,-69.733333,1,0,1,1,0,"AL",0.038
"4529",526,"198603.199.3550.2","NMFS",1986,4,2,92,30,41.033333,-69.633333,0,0,0,0,0,"AL",0.038
"4530",521,"198603.200.3550.4","NMFS",1986,4,2,92,30,41.166667,-69.55,0,0,0,0,0,"AL",0.038
"4531",521,"198603.211.1250.2","NMFS",1986,4,8,98,30,41.6,-69.65,0,0,0,0,0,"AL",0.038
"4532",521,"198603.212.1240.5","NMFS",1986,4,8,98,30,41.616667,-69.2,2,1,1,2,0,"AL",0.038
"4533",521,"198603.213.1240.1","NMFS",1986,4,8,98,30,41.733333,-69.133333,0,0,0,0,0,"AL",0.038
"4534",521,"198603.214.1280.7","NMFS",1986,4,8,98,30,41.866667,-69.316667,0,0,0,0,0,"AL",0.038
"4535",522,"198603.215.1240.6","NMFS",1986,4,8,98,30,41.816667,-68.7,0,0,0,0,0,"AL",0.038
"4536",522,"198603.216.1220.2","NMFS",1986,4,8,98,30,41.716667,-68.4,0,0,0,0,0,"AL",0.038
"4537",522,"198603.217.1230.5","NMFS",1986,4,8,98,30,41.5,-68.433333,0,0,0,0,0,"AL",0.038
"4538",522,"198603.218.1200.3","NMFS",1986,4,8,98,30,41.25,-68.416667,1,1,0,1,0,"AL",0.038
"4539",522,"198603.219.1230.4","NMFS",1986,4,8,98,30,41.333333,-68.65,0,0,0,0,0,"AL",0.038
"4540",521,"198603.220.1240.3","NMFS",1986,4,9,99,30,41.483333,-68.883333,1,1,0,1,0,"AL",0.038
"4541",521,"198603.221.1240.4","NMFS",1986,4,9,99,30,41.366667,-69.116667,1,1,0,1,0,"AL",0.038
"4542",522,"198603.222.1230.2","NMFS",1986,4,9,99,30,41.15,-68.783333,0,0,0,0,0,"AL",0.038
"4543",521,"198603.223.1230.3","NMFS",1986,4,9,99,30,41.133333,-68.85,1,0,1,1,0,"AL",0.038
"4544",521,"198603.224.1230.1","NMFS",1986,4,9,99,30,41.016667,-69.016667,0,0,0,0,0,"AL",0.038
"4545",526,"198603.225.1130.1","NMFS",1986,4,9,99,23.5,40.933333,-68.85,0,0,0,0,0,"AL",0.038
"4546",525,"198603.226.1130.9","NMFS",1986,4,9,99,30,40.816667,-68.816667,0,0,0,0,0,"AL",0.038
"4547",526,"198603.227.1100.1","NMFS",1986,4,9,99,30,40.566667,-69.216667,0,0,0,0,0,"AL",0.038
"4548",526,"198603.228.1120.3","NMFS",1986,4,9,99,30,40.016667,-69.116667,5,2,3,2,3,"AL",0.038
"4549",526,"198603.229.1110.2","NMFS",1986,4,9,99,30,40.166667,-68.966667,0,0,0,0,0,"AL",0.038
"4550",526,"198603.230.1100.8","NMFS",1986,4,10,100,30,40.266667,-68.85,0,0,0,0,0,"AL",0.038
"4551",525,"198603.231.1140.4","NMFS",1986,4,10,100,30,40.133333,-68.7,1,0,1,0,1,"AL",0.038
"4552",525,"198603.232.1150.3","NMFS",1986,4,10,100,30,40.166667,-68.35,3,2,1,3,0,"AL",0.038
"4553",525,"198603.233.1140.2","NMFS",1986,4,10,100,30,40.283333,-68.416667,0,0,0,0,0,"AL",0.038
"4554",525,"198603.234.1140.1","NMFS",1986,4,10,100,30,40.4,-68.233333,0,0,0,0,0,"AL",0.038
"4555",525,"198603.235.1140.3","NMFS",1986,4,10,100,30,40.366667,-67.983333,0,0,0,0,0,"AL",0.038
"4556",525,"198603.236.1150.1","NMFS",1986,4,10,100,30,40.35,-67.9,0,0,0,0,0,"AL",0.038
"4557",525,"198603.237.1130.5","NMFS",1986,4,10,100,30,40.666667,-68.416667,0,0,0,0,0,"AL",0.038
"4558",525,"198603.238.1190.2","NMFS",1986,4,10,100,30,40.716667,-68.5,0,0,0,0,0,"AL",0.038
"4559",525,"198603.239.1190.5","NMFS",1986,4,11,101,30,40.866667,-68.3,0,0,0,0,0,"AL",0.038
"4560",525,"198603.240.1130.2","NMFS",1986,4,11,101,30,40.866667,-68.05,0,0,0,0,0,"AL",0.038
"4561",525,"198603.241.1190.4","NMFS",1986,4,11,101,30,40.95,-68.083333,0,0,0,0,0,"AL",0.038
"4562",525,"198603.242.1190.9","NMFS",1986,4,11,101,30,40.983333,-67.8,0,0,0,0,0,"AL",0.038
"4563",525,"198603.243.1130.7","NMFS",1986,4,11,101,30,40.966667,-67.616667,0,0,0,0,0,"AL",0.038
"4564",525,"198603.244.1130.4","NMFS",1986,4,11,101,30,40.983333,-67.5,0,0,0,0,0,"AL",0.038
"4565",525,"198603.245.1130.6","NMFS",1986,4,11,101,30,40.716667,-67.533333,0,0,0,0,0,"AL",0.038
"4566",525,"198603.246.1150.2","NMFS",1986,4,11,101,30,40.5,-67.133333,7,4,3,7,0,"AL",0.038
"4567",525,"198603.248.1130.8","NMFS",1986,4,11,101,30,40.783333,-66.866667,0,0,0,0,0,"AL",0.038
"4568",562,"198603.249.1160.6","NMFS",1986,4,11,101,30,40.95,-66.966667,0,0,0,0,0,"AL",0.038
"4569",562,"198603.250.1160.4","NMFS",1986,4,12,102,30,41.233333,-67.2,0,0,0,0,0,"AL",0.038
"4570",562,"198603.251.1160.2","NMFS",1986,4,12,102,30,41.35,-66.9,0,0,0,0,0,"AL",0.038
"4571",562,"198603.252.1160.5","NMFS",1986,4,12,102,30,40.95,-66.6,0,0,0,0,0,"AL",0.038
"4572",562,"198603.253.1180.1","NMFS",1986,4,12,102,28,41.033333,-66.4,3,3,0,2,1,"AL",0.038
"4573",562,"198603.254.1170.1","NMFS",1986,4,12,102,30,41.066667,-66.466667,0,0,0,0,0,"AL",0.038
"4574",562,"198603.255.1160.9","NMFS",1986,4,12,102,30,41.2,-66.516667,0,0,0,0,0,"AL",0.038
"4575",552,"198603.256.1170.4","NMFS",1986,4,12,102,30,41.383333,-66.1,2,2,0,2,0,"AL",0.038
"4576",552,"198603.257.1180.3","NMFS",1986,4,12,102,30,41.4,-65.966667,6,4,2,6,0,"AL",0.038
"4577",552,"198603.258.1160.7","NMFS",1986,4,12,102,30,41.516667,-66.216667,0,0,0,0,0,"AL",0.038
"4578",552,"198603.259.1160.3","NMFS",1986,4,12,102,30,41.683333,-66.633333,0,0,0,0,0,"AL",0.038
"4579",552,"198603.260.1160.10","NMFS",1986,4,13,103,30,41.733333,-66.516667,0,0,0,0,0,"AL",0.038
"4580",551,"198603.261.1160.1","NMFS",1986,4,13,103,30,41.866667,-66.033333,0,0,0,0,0,"AL",0.038
"4581",552,"198603.262.1170.3","NMFS",1986,4,13,103,30,41.8,-65.85,0,0,0,0,0,"AL",0.038
"4582",552,"198603.263.1170.2","NMFS",1986,4,13,103,30,41.783333,-65.733333,0,0,0,0,0,"AL",0.038
"4583",551,"198603.264.1180.2","NMFS",1986,4,13,103,30,41.883333,-65.75,0,0,0,0,0,"AL",0.038
"4584",551,"198603.265.1210.2","NMFS",1986,4,13,103,30,42.1,-66.4,0,0,0,0,0,"AL",0.038
"4585",464,"198603.266.1290.5","NMFS",1986,4,13,103,30,42.35,-66.066667,4,3,1,4,0,"AL",0.038
"4586",464,"198603.267.1290.4","NMFS",1986,4,13,103,30,42.383333,-66.3,0,0,0,0,0,"AL",0.038
"4587",464,"198603.268.1290.3","NMFS",1986,4,13,103,30,42.433333,-66.533333,1,1,0,1,0,"AL",0.038
"4588",464,"198603.269.1300.3","NMFS",1986,4,13,103,30,42.45,-66.783333,0,0,0,0,0,"AL",0.038
"4589",464,"198603.270.1300.2","NMFS",1986,4,14,104,30,42.466667,-67.05,2,2,0,2,0,"AL",0.038
"4590",464,"198603.271.1300.1","NMFS",1986,4,14,104,30,42.35,-66.883333,0,0,0,0,0,"AL",0.038
"4591",551,"198603.272.1220.4","NMFS",1986,4,14,104,30,42.2,-67.016667,0,0,0,0,0,"AL",0.038
"4592",551,"198603.273.1210.1","NMFS",1986,4,14,104,30,42.066667,-66.816667,0,0,0,0,0,"AL",0.038
"4593",551,"198603.274.1160.8","NMFS",1986,4,14,104,30,42.016667,-67,3,2,1,3,0,"AL",0.038
"4594",562,"198603.275.1190.8","NMFS",1986,4,14,104,30,41.75,-67.083333,1,0,1,1,0,"AL",0.038
"4595",562,"198603.276.1190.7","NMFS",1986,4,14,104,30,41.566667,-67.383333,0,0,0,0,0,"AL",0.038
"4596",562,"198603.277.1190.1","NMFS",1986,4,14,104,30,41.616667,-67.45,0,0,0,0,0,"AL",0.038
"4597",522,"198603.278.1190.6","NMFS",1986,4,14,104,30,41.433333,-67.666667,0,0,0,0,0,"AL",0.038
"4598",522,"198603.279.1190.3","NMFS",1986,4,14,104,30,41.433333,-67.766667,0,0,0,0,0,"AL",0.038
"4599",522,"198603.280.1200.5","NMFS",1986,4,14,104,30,41.466667,-68.05,0,0,0,0,0,"AL",0.038
"4600",522,"198603.281.1200.2","NMFS",1986,4,14,104,30,41.383333,-68.116667,2,2,0,2,0,"AL",0.038
"4601",522,"198603.282.1200.4","NMFS",1986,4,16,106,30,41.616667,-68,0,0,0,0,0,"AL",0.038
"4602",522,"198603.283.1200.6","NMFS",1986,4,16,106,30,41.8,-67.816667,2,0,2,2,0,"AL",0.038
"4603",522,"198603.284.1220.1","NMFS",1986,4,16,106,30,41.966667,-67.916667,2,1,1,2,0,"AL",0.038
"4604",522,"198603.285.1290.8","NMFS",1986,4,16,106,30,42.15,-68.016667,0,0,0,0,0,"AL",0.038
"4605",522,"198603.286.1220.3","NMFS",1986,4,16,106,30,42.1,-67.766667,2,2,0,2,0,"AL",0.038
"4606",561,"198603.287.1210.3","NMFS",1986,4,16,106,30,42.05,-67.633333,0,0,0,0,0,"AL",0.038
"4607",561,"198603.288.1200.1","NMFS",1986,4,16,106,30,42.016667,-67.4,0,0,0,0,0,"AL",0.038
"4608",561,"198603.289.1210.4","NMFS",1986,4,16,106,30,42.1,-67.383333,0,0,0,0,0,"AL",0.038
"4609",464,"198603.290.1290.7","NMFS",1986,4,17,107,30,42.383333,-67.583333,0,0,0,0,0,"AL",0.038
"4610",464,"198603.291.1290.2","NMFS",1986,4,17,107,30,42.733333,-67.433333,0,0,0,0,0,"AL",0.038
"4611",464,"198603.292.1360.6","NMFS",1986,4,17,107,30,42.8,-67.1,0,0,0,0,0,"AL",0.038
"4612",465,"198603.293.1340.2","NMFS",1986,4,17,107,30,43.083333,-67.033333,0,0,0,0,0,"AL",0.038
"4613",465,"198603.294.1360.7","NMFS",1986,4,17,107,30,43.216667,-67.083333,3,2,1,3,0,"AL",0.038
"4614",465,"198603.295.1360.2","NMFS",1986,4,17,107,30,43.233333,-66.916667,3,2,1,3,0,"AL",0.038
"4615",464,"198603.297.1310.1","NMFS",1986,4,17,107,30,42.816667,-66.65,0,0,0,0,0,"AL",0.038
"4616",464,"198603.298.1320.1","NMFS",1986,4,18,108,30,42.733333,-66.3,0,0,0,0,0,"AL",0.038
"4617",464,"198603.300.1320.2","NMFS",1986,4,18,108,30,42.75,-66.233333,0,0,0,0,0,"AL",0.038
"4618",464,"198603.301.1320.5","NMFS",1986,4,18,108,30,42.716667,-66.15,0,0,0,0,0,"AL",0.038
"4619",464,"198603.302.1320.3","NMFS",1986,4,18,108,30,42.7,-66.016667,0,0,0,0,0,"AL",0.038
"4620",464,"198603.303.1320.4","NMFS",1986,4,18,108,30,42.383333,-65.6,0,0,0,0,0,"AL",0.038
"4621",465,"198603.308.1330.2","NMFS",1986,4,21,111,30,43.45,-66.283333,1,1,0,1,0,"AL",0.038
"4622",465,"198603.309.1330.1","NMFS",1986,4,21,111,30,43.6,-66.366667,2,1,1,2,0,"AL",0.038
"4623",465,"198603.310.1340.6","NMFS",1986,4,21,111,30,43.533333,-66.8,0,0,0,0,0,"AL",0.038
"4624",465,"198603.311.1340.5","NMFS",1986,4,21,111,30,43.65,-66.716667,1,0,1,1,0,"AL",0.038
"4625",465,"198603.312.1340.4","NMFS",1986,4,21,111,30,43.766667,-66.983333,0,0,0,0,0,"AL",0.038
"4626",465,"198603.313.1330.4","NMFS",1986,4,21,111,30,43.85,-66.6,0,0,0,0,0,"AL",0.038
"4627",465,"198603.314.1340.1","NMFS",1986,4,21,111,30,43.983333,-66.783333,0,0,0,0,0,"AL",0.038
"4628",511,"198603.315.1340.3","NMFS",1986,4,21,111,30,44.066667,-67.083333,1,1,0,1,0,"AL",0.038
"4629",511,"198603.316.1350.2","NMFS",1986,4,21,111,30,44.133333,-67,0,0,0,0,0,"AL",0.038
"4630",511,"198603.317.1350.3","NMFS",1986,4,21,111,30,44.233333,-66.9,0,0,0,0,0,"AL",0.038
"4631",511,"198603.318.1350.1","NMFS",1986,4,22,112,30,44.333333,-67.15,0,0,0,0,0,"AL",0.038
"4632",511,"198603.319.1360.1","NMFS",1986,4,22,112,30,44.166667,-67.35,0,0,0,0,0,"AL",0.038
"4633",511,"198603.320.1390.2","NMFS",1986,4,22,112,30,44.316667,-67.5,1,1,0,1,0,"AL",0.038
"4634",511,"198603.321.1390.3","NMFS",1986,4,22,112,30,44.25,-67.866667,1,0,1,0,1,"AL",0.038
"4635",511,"198603.322.1380.3","NMFS",1986,4,22,112,30,44.033333,-67.733333,0,0,0,0,0,"AL",0.038
"4636",465,"198603.323.1360.8","NMFS",1986,4,22,112,30,43.616667,-67.633333,3,1,2,3,0,"AL",0.038
"4637",465,"198603.324.1360.5","NMFS",1986,4,22,112,30,43.366667,-67.566667,1,0,1,1,0,"AL",0.038
"4638",512,"198603.325.1360.3","NMFS",1986,4,22,112,30,43.5,-67.933333,0,0,0,0,0,"AL",0.038
"4639",512,"198603.326.1390.1","NMFS",1986,4,23,113,30,43.983333,-68.416667,2,1,1,1,1,"AL",0.038
"4640",512,"198603.327.1390.4","NMFS",1986,4,23,113,30,43.833333,-68.45,0,0,0,0,0,"AL",0.038
"4641",512,"198603.328.1390.5","NMFS",1986,4,23,113,28,43.716667,-68.966667,0,0,0,0,0,"AL",0.038
"4642",512,"198603.329.1380.5","NMFS",1986,4,23,113,30,43.483333,-68.833333,3,3,0,3,0,"AL",0.038
"4643",513,"198603.330.1380.1","NMFS",1986,4,23,113,30,43.25,-69.116667,0,0,0,0,0,"AL",0.038
"4644",515,"198603.331.1370.1","NMFS",1986,4,23,113,30,43,-69.016667,0,0,0,0,0,"AL",0.038
"4645",515,"198603.332.1370.5","NMFS",1986,4,23,113,30,42.983333,-68.916667,0,0,0,0,0,"AL",0.038
"4646",515,"198603.333.1370.3","NMFS",1986,4,23,113,30,43.133333,-68.633333,0,0,0,0,0,"AL",0.038
"4647",515,"198603.334.1360.4","NMFS",1986,4,24,114,30,42.766667,-68.266667,3,3,0,3,0,"AL",0.038
"4648",515,"198603.335.1290.1","NMFS",1986,4,24,114,30,42.7,-68.366667,0,0,0,0,0,"AL",0.038
"4649",515,"198603.336.1370.2","NMFS",1986,4,24,114,30,42.716667,-68.5,0,0,0,0,0,"AL",0.038
"4650",515,"198603.337.1290.6","NMFS",1986,4,24,114,30,42.616667,-68.466667,0,0,0,0,0,"AL",0.038
"4651",515,"198603.338.1280.1","NMFS",1986,4,24,114,30,42.383333,-68.783333,0,0,0,0,0,"AL",0.038
"4652",515,"198603.339.1280.6","NMFS",1986,4,24,114,30,42.35,-68.883333,0,0,0,0,0,"AL",0.038
"4653",515,"198603.340.1280.5","NMFS",1986,4,24,114,30,42.566667,-69.016667,0,0,0,0,0,"AL",0.038
"4654",515,"198603.341.1280.3","NMFS",1986,4,24,114,30,42.583333,-69.116667,0,0,0,0,0,"AL",0.038
"4655",513,"198603.342.1370.4","NMFS",1986,4,24,114,30,42.866667,-69.583333,0,0,0,0,0,"AL",0.038
"4656",513,"198603.343.1380.2","NMFS",1986,4,25,115,30,43.266667,-69.616667,0,0,0,0,0,"AL",0.038
"4657",513,"198603.344.1380.4","NMFS",1986,4,25,115,30,43.383333,-69.6,0,0,0,0,0,"AL",0.038
"4658",513,"198603.345.1400.2","NMFS",1986,4,25,115,30,43.533333,-69.766667,0,0,0,0,0,"AL",0.038
"4659",513,"198603.346.1400.1","NMFS",1986,4,25,115,30,43.283333,-70.183333,0,0,0,0,0,"AL",0.038
"4660",514,"198603.348.3650.1","NMFS",1986,4,25,115,30,42.75,-70.666667,0,0,0,0,0,"AL",0.038
"4661",513,"198603.349.1270.3","NMFS",1986,4,25,115,30,43,-70.283333,0,0,0,0,0,"AL",0.038
"4662",513,"198603.350.1260.2","NMFS",1986,4,25,115,30,43.083333,-70.033333,0,0,0,0,0,"AL",0.038
"4663",513,"198603.351.1270.4","NMFS",1986,4,26,116,30,42.983333,-69.966667,0,0,0,0,0,"AL",0.038
"4664",513,"198603.352.1280.4","NMFS",1986,4,26,116,30,42.966667,-69.933333,0,0,0,0,0,"AL",0.038
"4665",514,"198603.353.1270.1","NMFS",1986,4,26,116,30,42.783333,-70.05,0,0,0,0,0,"AL",0.038
"4666",514,"198603.354.1280.2","NMFS",1986,4,26,116,30,42.683333,-69.933333,0,0,0,0,0,"AL",0.038
"4667",514,"198603.355.1260.1","NMFS",1986,4,26,116,30,42.583333,-70.15,0,0,0,0,0,"AL",0.038
"4668",514,"198603.356.3660.1","NMFS",1986,4,26,116,30,42.483333,-70.65,6,2,4,6,0,"AL",0.038
"4669",514,"198603.357.3660.2","NMFS",1986,4,26,116,30,42.25,-70.516667,3,1,2,3,0,"AL",0.038
"4670",514,"198603.358.1260.4","NMFS",1986,4,26,116,30,42.283333,-70.433333,3,1,2,3,0,"AL",0.038
"4671",514,"198603.359.1260.5","NMFS",1986,4,26,116,30,42.266667,-70.183333,0,0,0,0,0,"AL",0.038
"4672",521,"198603.360.1270.2","NMFS",1986,4,26,116,30,42.283333,-69.933333,1,1,0,1,0,"AL",0.038
"4673",521,"198603.361.1240.2","NMFS",1986,4,26,116,30,41.966667,-69.766667,0,0,0,0,0,"AL",0.038
"4674",521,"198603.362.1260.3","NMFS",1986,4,26,116,30,42.05,-69.916667,3,3,0,3,0,"AL",0.038
"4675",514,"198603.363.3610.2","NMFS",1986,4,27,117,30,42.083333,-70.016667,0,0,0,0,0,"AL",0.038
"4676",514,"198603.364.3610.1","NMFS",1986,4,27,117,30,42.033333,-70.466667,20,7,13,20,0,"AL",0.038
"4677",514,"198603.365.3600.2","NMFS",1986,4,27,117,30,41.95,-70.183333,0,0,0,0,0,"AL",0.038
"4678",514,"198603.366.3600.1","NMFS",1986,4,27,117,30,41.883333,-70.25,1,1,0,1,0,"AL",0.038
"4679",514,"198603.367.3590.1","NMFS",1986,4,27,117,30,41.8,-70.35,10,5,5,9,1,"AL",0.038
"4680",514,"198603.368.3580.1","NMFS",1986,4,27,117,30,41.766667,-70.316667,2,1,1,2,0,"AL",0.038
"4681",526,"198702.171.1120.1","NMFS",1987,4,12,102,30,39.95,-69.866667,15,7,8,15,0,"AL",0.038
"4682",526,"198702.172.1110.3","NMFS",1987,4,12,102,30,39.933333,-69.533333,0,0,0,0,0,"AL",0.038
"4683",526,"198702.173.1120.3","NMFS",1987,4,12,102,30,39.933333,-69.366667,0,0,0,0,0,"AL",0.038
"4684",526,"198702.174.1100.1","NMFS",1987,4,12,102,30,40.216667,-69.483333,0,0,0,0,0,"AL",0.038
"4685",526,"198702.175.1100.5","NMFS",1987,4,12,102,30,40.15,-69.25,0,0,0,0,0,"AL",0.038
"4686",526,"198702.176.1120.2","NMFS",1987,4,13,103,30,40.1,-69.066667,2,2,0,1,1,"AL",0.038
"4687",525,"198702.178.1150.3","NMFS",1987,4,13,103,30,40.116667,-68.666667,1,0,1,1,0,"AL",0.038
"4688",525,"198702.179.1140.4","NMFS",1987,4,13,103,30,40.15,-68.766667,0,0,0,0,0,"AL",0.038
"4689",526,"198702.180.1100.4","NMFS",1987,4,13,103,30,40.483333,-68.95,0,0,0,0,0,"AL",0.038
"4690",526,"198702.181.1100.3","NMFS",1987,4,13,103,30,40.666667,-68.916667,0,0,0,0,0,"AL",0.038
"4691",525,"198702.182.1130.9","NMFS",1987,4,13,103,27,40.783333,-68.7,2,1,1,2,0,"AL",0.038
"4692",525,"198702.183.1190.9","NMFS",1987,4,13,103,30,40.8,-68.333333,0,0,0,0,0,"AL",0.038
"4693",525,"198702.184.1190.1","NMFS",1987,4,14,104,30,41.15,-68.116667,0,0,0,0,0,"AL",0.038
"4694",522,"198702.185.1200.4","NMFS",1987,4,14,104,30,41.25,-68.366667,0,0,0,0,0,"AL",0.038
"4695",525,"198702.186.1190.3","NMFS",1987,4,14,104,30,41.083333,-68.283333,0,0,0,0,0,"AL",0.038
"4696",522,"198702.187.1190.5","NMFS",1987,4,15,105,30,41.016667,-68.416667,0,0,0,0,0,"AL",0.038
"4697",525,"198702.188.1130.3","NMFS",1987,4,15,105,30,40.966667,-68.7,0,0,0,0,0,"AL",0.038
"4698",522,"198702.189.1230.5","NMFS",1987,4,15,105,30,41.05,-68.75,0,0,0,0,0,"AL",0.038
"4699",522,"198702.190.1230.1","NMFS",1987,4,15,105,30,41.216667,-68.783333,0,0,0,0,0,"AL",0.038
"4700",521,"198702.191.1230.2","NMFS",1987,4,15,105,30,41.216667,-69.183333,0,0,0,0,0,"AL",0.038
"4701",521,"198702.192.1250.1","NMFS",1987,4,15,105,30,41.3,-69.4,0,0,0,0,0,"AL",0.038
"4702",521,"198702.193.1250.4","NMFS",1987,4,15,105,30,41.166667,-69.4,0,0,0,0,0,"AL",0.038
"4703",526,"198702.194.1100.8","NMFS",1987,4,15,105,30,40.95,-69.216667,2,1,1,2,0,"AL",0.038
"4704",526,"198702.195.1090.5","NMFS",1987,4,15,105,30,40.816667,-69.383333,1,0,1,1,0,"AL",0.038
"4705",526,"198702.196.3550.1","NMFS",1987,4,16,106,30,40.9,-69.533333,0,0,0,0,0,"AL",0.038
"4706",526,"198702.197.1090.3","NMFS",1987,4,16,106,30,40.883333,-69.566667,0,0,0,0,0,"AL",0.038
"4707",526,"198702.198.3550.3","NMFS",1987,4,16,106,30,41.066667,-69.55,0,0,0,0,0,"AL",0.038
"4708",526,"198702.199.3550.4","NMFS",1987,4,16,106,30,41.066667,-69.633333,0,0,0,0,0,"AL",0.038
"4709",526,"198702.200.3550.5","NMFS",1987,4,16,106,30,40.95,-69.75,0,0,0,0,0,"AL",0.038
"4710",526,"198702.201.1090.1","NMFS",1987,4,16,106,30,40.833333,-69.833333,0,0,0,0,0,"AL",0.038
"4711",521,"198702.203.1250.3","NMFS",1987,4,21,111,30,41.516667,-69.6,3,1,2,3,0,"AL",0.038
"4712",521,"198702.204.1230.4","NMFS",1987,4,21,111,30,41.55,-69.366667,0,0,0,0,0,"AL",0.038
"4713",522,"198702.205.1240.1","NMFS",1987,4,21,111,30,41.5,-68.783333,0,0,0,0,0,"AL",0.038
"4714",522,"198702.206.1240.6","NMFS",1987,4,21,111,30,41.616667,-68.6,1,1,0,1,0,"AL",0.038
"4715",522,"198702.207.1240.3","NMFS",1987,4,21,111,30,41.816667,-68.516667,0,0,0,0,0,"AL",0.038
"4716",522,"198702.208.1200.6","NMFS",1987,4,21,111,30,41.666667,-68.35,0,0,0,0,0,"AL",0.038
"4717",522,"198702.209.1200.1","NMFS",1987,4,21,111,30,41.733333,-68.166667,0,0,0,0,0,"AL",0.038
"4718",522,"198702.210.1210.4","NMFS",1987,4,21,111,30,41.8,-68.216667,0,0,0,0,0,"AL",0.038
"4719",522,"198702.211.1220.3","NMFS",1987,4,21,111,30,41.866667,-68.15,0,0,0,0,0,"AL",0.038
"4720",522,"198702.212.1210.1","NMFS",1987,4,21,111,30,41.833333,-68.05,0,0,0,0,0,"AL",0.038
"4721",522,"198702.213.1220.2","NMFS",1987,4,21,111,30,41.95,-68.033333,0,0,0,0,0,"AL",0.038
"4722",522,"198702.214.1290.7","NMFS",1987,4,21,111,30,42,-68.083333,1,1,0,1,0,"AL",0.038
"4723",522,"198702.215.1220.1","NMFS",1987,4,21,111,30,42.016667,-67.983333,2,2,0,2,0,"AL",0.038
"4724",522,"198702.216.1210.2","NMFS",1987,4,22,112,30,41.95,-67.866667,0,0,0,0,0,"AL",0.038
"4725",561,"198702.217.1200.3","NMFS",1987,4,22,112,30,41.9,-67.6,0,0,0,0,0,"AL",0.038
"4726",561,"198702.218.1200.5","NMFS",1987,4,22,112,30,42.066667,-67.416667,0,0,0,0,0,"AL",0.038
"4727",561,"198702.219.1290.3","NMFS",1987,4,22,112,30,42.233333,-67.6,0,0,0,0,0,"AL",0.038
"4728",561,"198702.220.1290.6","NMFS",1987,4,22,112,30,42.333333,-67.583333,1,1,0,1,0,"AL",0.038
"4729",464,"198702.221.1300.1","NMFS",1987,4,22,112,30,42.433333,-67.333333,3,2,1,3,0,"AL",0.038
"4730",551,"198702.222.1300.3","NMFS",1987,4,22,112,30,42.333333,-67.083333,1,1,0,1,0,"AL",0.038
"4731",551,"198702.223.1220.4","NMFS",1987,4,22,112,30,42.183333,-66.783333,1,1,0,1,0,"AL",0.038
"4732",551,"198702.224.1160.5","NMFS",1987,4,22,112,30,42,-66.983333,0,0,0,0,0,"AL",0.038
"4733",561,"198702.225.1200.2","NMFS",1987,4,22,112,30,42.016667,-67.133333,0,0,0,0,0,"AL",0.038
"4734",561,"198702.226.1190.8","NMFS",1987,4,22,112,30,41.9,-67.266667,0,0,0,0,0,"AL",0.038
"4735",562,"198702.227.1190.4","NMFS",1987,4,22,112,25,41.766667,-67.233333,0,0,0,0,0,"AL",0.038
"4736",562,"198702.228.1190.2","NMFS",1987,4,23,113,30,41.65,-67.316667,0,0,0,0,0,"AL",0.038
"4737",562,"198702.229.1160.9","NMFS",1987,4,23,113,30,41.633333,-66.983333,0,0,0,0,0,"AL",0.038
"4738",562,"198702.230.1190.7","NMFS",1987,4,23,113,30,41.35,-67.2,0,0,0,0,0,"AL",0.038
"4739",562,"198702.231.1190.6","NMFS",1987,4,23,113,30,41.266667,-67.45,0,0,0,0,0,"AL",0.038
"4740",562,"198702.232.1160.10","NMFS",1987,4,23,113,30,41.1,-67.016667,0,0,0,0,0,"AL",0.038
"4741",525,"198702.233.1130.7","NMFS",1987,4,23,113,30,40.9,-67.133333,0,0,0,0,0,"AL",0.038
"4742",525,"198702.234.1130.5","NMFS",1987,4,23,113,30,40.95,-67.433333,0,0,0,0,0,"AL",0.038
"4743",525,"198702.235.1130.8","NMFS",1987,4,23,113,30,40.65,-67.583333,0,0,0,0,0,"AL",0.038
"4744",525,"198702.236.1130.2","NMFS",1987,4,23,113,30,40.616667,-67.916667,0,0,0,0,0,"AL",0.038
"4745",525,"198702.237.1130.6","NMFS",1987,4,23,113,30,40.533333,-68,0,0,0,0,0,"AL",0.038
"4746",525,"198702.238.1130.4","NMFS",1987,4,23,113,30,40.716667,-68.35,0,0,0,0,0,"AL",0.038
"4747",525,"198702.239.1130.1","NMFS",1987,4,24,114,30,40.55,-68.416667,0,0,0,0,0,"AL",0.038
"4748",525,"198702.240.1140.2","NMFS",1987,4,24,114,30,40.366667,-68.216667,0,0,0,0,0,"AL",0.038
"4749",525,"198702.241.1150.1","NMFS",1987,4,24,114,30,40.366667,-67.85,1,0,1,1,0,"AL",0.038
"4750",525,"198702.242.1140.1","NMFS",1987,4,24,114,30,40.516667,-67.633333,0,0,0,0,0,"AL",0.038
"4751",525,"198702.243.1150.2","NMFS",1987,4,24,114,30,40.433333,-67.366667,0,0,0,0,0,"AL",0.038
"4752",525,"198702.244.1140.3","NMFS",1987,4,24,114,30,40.533333,-67.266667,0,0,0,0,0,"AL",0.038
"4753",562,"198702.245.1170.4","NMFS",1987,4,24,114,30,40.966667,-66.516667,0,0,0,0,0,"AL",0.038
"4754",562,"198702.246.1180.2","NMFS",1987,4,24,114,30,40.983333,-66.466667,0,0,0,0,0,"AL",0.038
"4755",552,"198702.247.1180.1","NMFS",1987,4,24,114,30,41.233333,-66.25,0,0,0,0,0,"AL",0.038
"4756",552,"198702.248.1170.1","NMFS",1987,4,24,114,30,41.3,-66.266667,2,1,1,2,0,"AL",0.038
"4757",562,"198702.249.1160.1","NMFS",1987,4,25,115,30,41.283333,-66.466667,0,0,0,0,0,"AL",0.038
"4758",562,"198702.250.1160.4","NMFS",1987,4,25,115,30,41.3,-66.616667,0,0,0,0,0,"AL",0.038
"4759",562,"198702.251.1160.7","NMFS",1987,4,25,115,30,41.366667,-66.683333,0,0,0,0,0,"AL",0.038
"4760",552,"198702.253.1170.2","NMFS",1987,4,25,115,30,41.566667,-65.95,1,0,1,1,0,"AL",0.038
"4761",552,"198702.254.1180.3","NMFS",1987,4,25,115,30,41.6,-65.916667,4,3,1,4,0,"AL",0.038
"4762",552,"198702.255.1160.6","NMFS",1987,4,25,115,30,41.683333,-65.933333,0,0,0,0,0,"AL",0.038
"4763",552,"198702.256.1170.3","NMFS",1987,4,25,115,30,41.816667,-65.866667,0,0,0,0,0,"AL",0.038
"4764",552,"198702.257.1160.8","NMFS",1987,4,25,115,30,41.833333,-66.216667,0,0,0,0,0,"AL",0.038
"4765",552,"198702.258.1160.3","NMFS",1987,4,26,116,30,41.75,-66.583333,0,0,0,0,0,"AL",0.038
"4766",551,"198702.260.1160.2","NMFS",1987,4,26,116,30,42.016667,-66.35,0,0,0,0,0,"AL",0.038
"4767",551,"198702.261.1210.3","NMFS",1987,4,26,116,30,42.066667,-66.066667,0,0,0,0,0,"AL",0.038
"4768",464,"198702.262.1290.4","NMFS",1987,4,26,116,30,42.416667,-66.033333,2,1,1,2,0,"AL",0.038
"4769",464,"198702.263.1310.2","NMFS",1987,4,26,116,30,42.416667,-65.833333,9,6,3,9,0,"AL",0.038
"4770",464,"198702.265.1320.2","NMFS",1987,4,26,116,30,42.583333,-65.683333,0,0,0,0,0,"AL",0.038
"4771",464,"198702.269.1310.3","NMFS",1987,4,26,116,30,42.783333,-65.833333,0,0,0,0,0,"AL",0.038
"4772",464,"198702.270.1320.6","NMFS",1987,4,26,116,30,42.716667,-65.916667,0,0,0,0,0,"AL",0.038
"4773",464,"198702.271.1320.5","NMFS",1987,4,27,117,30,42.833333,-66.083333,0,0,0,0,0,"AL",0.038
"4774",464,"198702.273.1320.1","NMFS",1987,4,27,117,30,42.75,-66.333333,0,0,0,0,0,"AL",0.038
"4775",464,"198702.274.1310.6","NMFS",1987,4,27,117,30,42.85,-66.4,1,1,0,1,0,"AL",0.038
"4776",464,"198702.275.1310.1","NMFS",1987,4,27,117,30,42.883333,-66.516667,1,1,0,1,0,"AL",0.038
"4777",464,"198702.276.1290.8","NMFS",1987,4,27,117,30,42.633333,-66.816667,0,0,0,0,0,"AL",0.038
"4778",464,"198702.277.1300.2","NMFS",1987,4,27,117,30,42.483333,-67.016667,0,0,0,0,0,"AL",0.038
"4779",465,"198702.280.1330.5","NMFS",1987,4,28,118,30,43.633333,-66.4,0,0,0,0,0,"AL",0.038
"4780",465,"198702.281.1330.2","NMFS",1987,4,28,118,30,43.733333,-66.483333,2,1,1,2,0,"AL",0.038
"4781",465,"198702.282.1340.1","NMFS",1987,4,28,118,30,43.683333,-66.6,3,3,0,3,0,"AL",0.038
"4782",465,"198702.283.1340.6","NMFS",1987,4,28,118,30,43.6,-66.65,0,0,0,0,0,"AL",0.038
"4783",465,"198702.284.1340.5","NMFS",1987,4,28,118,30,43.55,-66.966667,0,0,0,0,0,"AL",0.038
"4784",466,"198702.285.1340.4","NMFS",1987,4,28,118,30,44.016667,-66.75,0,0,0,0,0,"AL",0.038
"4785",466,"198702.286.1351.2","NMFS",1987,4,28,118,30,44.116667,-66.75,3,1,2,3,0,"AL",0.038
"4786",466,"198702.287.1330.1","NMFS",1987,4,28,118,30,44.116667,-66.65,0,0,0,0,0,"AL",0.038
"4787",465,"198702.288.1330.3","NMFS",1987,4,28,118,30,43.85,-66.6,1,1,0,1,0,"AL",0.038
"4788",514,"198702.300.3590.1","NMFS",1987,4,21,111,26,41.833333,-70.35,22,11,11,15,7,"DE",0.038
"4789",514,"198702.301.3600.1","NMFS",1987,4,21,111,30,41.883333,-70.416667,20,12,8,13,7,"DE",0.038
"4790",514,"198702.302.3610.2","NMFS",1987,4,21,111,30,41.983333,-70.416667,102,49,53,97,5,"DE",0.038
"4791",514,"198702.303.3600.2","NMFS",1987,4,21,111,25,42,-70.5,36,21,15,34,2,"DE",0.038
"4792",514,"198702.304.3610.1","NMFS",1987,4,21,111,30,42.133333,-70.466667,17,7,10,16,1,"DE",0.038
"4793",514,"198702.305.1260.3","NMFS",1987,4,21,111,30,42.166667,-70.266667,1,0,1,1,0,"DE",0.038
"4794",514,"198702.308.3660.1","NMFS",1987,4,21,111,30,42.416667,-70.7,7,1,6,7,0,"DE",0.038
"4795",514,"198702.309.3660.2","NMFS",1987,4,21,111,30,42.533333,-70.633333,2,1,1,2,0,"DE",0.038
"4796",514,"198702.310.1270.2","NMFS",1987,4,21,111,30,42.483333,-69.9,0,0,0,0,0,"DE",0.038
"4797",521,"198702.311.1260.1","NMFS",1987,4,22,112,30,42.083333,-69.966667,1,1,0,1,0,"DE",0.038
"4798",521,"198702.312.1250.2","NMFS",1987,4,22,112,30,41.916667,-69.85,0,0,0,0,0,"DE",0.038
"4799",521,"198702.313.1230.3","NMFS",1987,4,22,112,30,41.85,-69.8,1,1,0,1,0,"DE",0.038
"4800",521,"198702.314.1240.2","NMFS",1987,4,22,112,30,41.966667,-69.683333,0,0,0,0,0,"DE",0.038
"4801",521,"198702.315.1280.1","NMFS",1987,4,22,112,30,41.966667,-69.516667,1,1,0,1,0,"DE",0.038
"4802",521,"198702.316.1280.2","NMFS",1987,4,22,112,30,42.05,-69.333333,0,0,0,0,0,"DE",0.038
"4803",521,"198702.317.1280.6","NMFS",1987,4,22,112,30,41.8,-69.2,2,2,0,2,0,"DE",0.038
"4804",521,"198702.318.1240.4","NMFS",1987,4,22,112,30,41.933333,-68.933333,0,0,0,0,0,"DE",0.038
"4805",522,"198702.319.1240.5","NMFS",1987,4,23,113,30,42.15,-68.566667,0,0,0,0,0,"DE",0.038
"4806",521,"198702.320.1280.4","NMFS",1987,4,23,113,30,42.316667,-68.933333,0,0,0,0,0,"DE",0.038
"4807",515,"198702.321.1280.3","NMFS",1987,4,23,113,30,42.5,-68.95,0,0,0,0,0,"DE",0.038
"4808",515,"198702.322.1370.4","NMFS",1987,4,23,113,30,42.716667,-68.8,0,0,0,0,0,"DE",0.038
"4809",515,"198702.323.1370.5","NMFS",1987,4,23,113,30,42.95,-68.683333,2,1,1,2,0,"DE",0.038
"4810",515,"198702.324.1370.1","NMFS",1987,4,23,113,30,42.95,-69.033333,0,0,0,0,0,"DE",0.038
"4811",515,"198702.325.1370.2","NMFS",1987,4,23,113,30,42.8,-69.216667,0,0,0,0,0,"DE",0.038
"4812",515,"198702.326.1280.7","NMFS",1987,4,23,113,30,42.7,-69.366667,1,1,0,1,0,"DE",0.038
"4813",514,"198702.327.1280.5","NMFS",1987,4,23,113,30,42.783333,-69.883333,0,0,0,0,0,"DE",0.038
"4814",513,"198702.328.1270.1","NMFS",1987,4,24,114,30,42.95,-70.066667,0,0,0,0,0,"DE",0.038
"4815",513,"198702.330.1400.2","NMFS",1987,4,24,114,30,42.866667,-70.533333,1,1,0,1,0,"DE",0.038
"4816",514,"198702.331.3640.1","NMFS",1987,4,24,114,30,42.766667,-70.733333,0,0,0,0,0,"DE",0.038
"4817",514,"198702.332.3650.1","NMFS",1987,4,24,114,30,42.7,-70.6,0,0,0,0,0,"DE",0.038
"4818",513,"198702.333.1260.4","NMFS",1987,4,25,115,30,43.066667,-70.05,0,0,0,0,0,"DE",0.038
"4819",513,"198702.334.1270.3","NMFS",1987,4,25,115,30,43.166667,-70.2,0,0,0,0,0,"DE",0.038
"4820",513,"198702.335.1400.1","NMFS",1987,4,25,115,30,43.416667,-70.266667,11,2,9,11,0,"DE",0.038
"4821",513,"198702.336.1400.3","NMFS",1987,4,25,115,30,43.616667,-69.75,0,0,0,0,0,"DE",0.038
"4822",513,"198702.337.1370.3","NMFS",1987,4,25,115,30,43.233333,-69.516667,0,0,0,0,0,"DE",0.038
"4823",513,"198702.338.1380.2","NMFS",1987,4,25,115,30,43.316667,-69.483333,0,0,0,0,0,"DE",0.038
"4824",513,"198702.339.1380.3","NMFS",1987,4,25,115,30,43.383333,-69.066667,0,0,0,0,0,"DE",0.038
"4825",512,"198702.340.1390.2","NMFS",1987,4,25,115,29,43.8,-69.066667,1,0,1,1,0,"DE",0.038
"4826",512,"198702.344.1380.4","NMFS",1987,4,26,116,30,43.666667,-68.266667,2,2,0,2,0,"DE",0.038
"4827",512,"198702.345.1380.1","NMFS",1987,4,26,116,30,43.55,-68.233333,0,0,0,0,0,"DE",0.038
"4828",515,"198702.346.1360.1","NMFS",1987,4,26,116,30,43.133333,-68.35,0,0,0,0,0,"DE",0.038
"4829",515,"198702.347.1360.4","NMFS",1987,4,26,116,30,43.333333,-68.016667,0,0,0,0,0,"DE",0.038
"4830",512,"198702.348.1360.5","NMFS",1987,4,26,116,30,43.416667,-67.783333,1,0,1,1,0,"DE",0.038
"4831",512,"198702.349.1360.3","NMFS",1987,4,26,116,30,43.566667,-67.866667,0,0,0,0,0,"DE",0.038
"4832",511,"198702.350.1380.5","NMFS",1987,4,27,117,22,44.216667,-67.716667,0,0,0,0,0,"DE",0.038
"4833",511,"198702.351.1390.5","NMFS",1987,4,27,117,30,44.316667,-67.716667,0,0,0,0,0,"DE",0.038
"4834",511,"198702.352.1351.1","NMFS",1987,4,27,117,30,44.316667,-67.333333,0,0,0,0,0,"DE",0.038
"4835",465,"198702.353.1340.3","NMFS",1987,4,27,117,30,43.8,-67.183333,0,0,0,0,0,"DE",0.038
"4836",465,"198702.354.1360.7","NMFS",1987,4,27,117,30,43.466667,-67.316667,0,0,0,0,0,"DE",0.038
"4837",515,"198702.355.1360.8","NMFS",1987,4,27,117,30,42.983333,-67.666667,0,0,0,0,0,"DE",0.038
"4838",464,"198702.356.1360.2","NMFS",1987,4,27,117,30,42.85,-67.416667,0,0,0,0,0,"DE",0.038
"4839",464,"198702.357.1360.6","NMFS",1987,4,27,117,30,42.766667,-67.466667,5,5,0,5,0,"DE",0.038
"4840",464,"198702.358.1290.2","NMFS",1987,4,27,117,30,42.75,-67.466667,1,1,0,1,0,"DE",0.038
"4841",515,"198702.359.1290.5","NMFS",1987,4,28,118,30,42.466667,-68.083333,1,1,0,1,0,"DE",0.038
"4842",522,"198702.360.1290.1","NMFS",1987,4,28,118,30,42.316667,-68.183333,0,0,0,0,0,"DE",0.038
"4843",521,"198801.233.3550.6","NMFS",1988,4,5,96,30,41.433333,-69.716667,5,4,1,4,1,"AL",0.038
"4844",521,"198801.234.3550.1","NMFS",1988,4,5,96,30,41.416667,-69.65,0,0,0,0,0,"AL",0.038
"4845",521,"198801.235.3550.2","NMFS",1988,4,5,96,30,41.6,-69.783333,3,2,1,3,0,"AL",0.038
"4846",521,"198801.236.1250.1","NMFS",1988,4,5,96,30,41.816667,-69.866667,0,0,0,0,0,"AL",0.038
"4847",521,"198801.238.3560.2","NMFS",1988,4,5,96,30,41.983333,-69.983333,0,0,0,0,0,"AL",0.038
"4848",521,"198801.239.1240.4","NMFS",1988,4,5,96,30,41.833333,-69.516667,0,0,0,0,0,"AL",0.038
"4849",521,"198801.240.1240.6","NMFS",1988,4,5,96,30,41.783333,-69.1,1,1,0,1,0,"AL",0.038
"4850",521,"198801.241.1240.3","NMFS",1988,4,5,96,30,41.666667,-69.216667,3,2,1,3,0,"AL",0.038
"4851",521,"198801.242.1230.4","NMFS",1988,4,5,96,30,41.483333,-69.35,0,0,0,0,0,"AL",0.038
"4852",521,"198801.243.1250.3","NMFS",1988,4,6,97,30,41.416667,-69.383333,1,1,0,1,0,"AL",0.038
"4853",521,"198801.244.1250.4","NMFS",1988,4,6,97,30,41.333333,-69.45,0,0,0,0,0,"AL",0.038
"4854",521,"198801.245.1250.2","NMFS",1988,4,6,97,30,41.233333,-69.383333,1,1,0,1,0,"AL",0.038
"4855",521,"198801.246.1240.5","NMFS",1988,4,6,97,30,41.216667,-69.066667,0,0,0,0,0,"AL",0.038
"4856",521,"198801.247.1230.3","NMFS",1988,4,6,97,30,41.166667,-68.933333,0,0,0,0,0,"AL",0.038
"4857",522,"198801.248.1230.1","NMFS",1988,4,6,97,30,41.216667,-68.666667,0,0,0,0,0,"AL",0.038
"4858",522,"198801.249.1230.2","NMFS",1988,4,6,97,30,41.3,-68.65,0,0,0,0,0,"AL",0.038
"4859",522,"198801.250.1290.9","NMFS",1988,4,6,97,30,41.816667,-68.45,1,0,1,1,0,"AL",0.038
"4860",522,"198801.251.1240.1","NMFS",1988,4,6,97,30,41.883333,-68.483333,1,1,0,1,0,"AL",0.038
"4861",522,"198801.252.1240.2","NMFS",1988,4,7,98,30,42.283333,-68.7,0,0,0,0,0,"AL",0.038
"4862",515,"198801.253.1290.4","NMFS",1988,4,7,98,30,42.35,-68.35,0,0,0,0,0,"AL",0.038
"4863",515,"198801.254.1290.8","NMFS",1988,4,7,98,30,42.433333,-68.45,0,0,0,0,0,"AL",0.038
"4864",515,"198801.255.1290.7","NMFS",1988,4,7,98,30,42.683333,-68.4,0,0,0,0,0,"AL",0.038
"4865",515,"198801.256.1290.5","NMFS",1988,4,7,98,30,42.716667,-68.333333,0,0,0,0,0,"AL",0.038
"4866",515,"198801.257.1280.2","NMFS",1988,4,7,98,30,42.716667,-68.516667,0,0,0,0,0,"AL",0.038
"4867",515,"198801.258.1370.1","NMFS",1988,4,7,98,30,42.833333,-68.816667,0,0,0,0,0,"AL",0.038
"4868",515,"198801.259.1370.5","NMFS",1988,4,7,98,30,42.9,-68.683333,0,0,0,0,0,"AL",0.038
"4869",515,"198801.260.1370.2","NMFS",1988,4,8,99,30,42.983333,-68.65,0,0,0,0,0,"AL",0.038
"4870",515,"198801.261.1380.1","NMFS",1988,4,8,99,30,43.283333,-68.45,0,0,0,0,0,"AL",0.038
"4871",515,"198801.262.1360.1","NMFS",1988,4,8,99,30,43.183333,-68.283333,1,1,0,1,0,"AL",0.038
"4872",515,"198801.263.1360.5","NMFS",1988,4,8,99,30,42.983333,-68.033333,0,0,0,0,0,"AL",0.038
"4873",464,"198801.264.1360.8","NMFS",1988,4,8,99,30,42.833333,-67.616667,1,0,1,1,0,"AL",0.038
"4874",465,"198801.265.1340.5","NMFS",1988,4,8,99,30,43.1,-66.916667,0,0,0,0,0,"AL",0.038
"4875",465,"198801.269.1330.1","NMFS",1988,4,9,100,30,43.416667,-66.35,14,8,6,13,1,"AL",0.038
"4876",465,"198801.270.1330.2","NMFS",1988,4,9,100,30,43.5,-66.433333,2,1,1,2,0,"AL",0.038
"4877",465,"198801.271.1340.3","NMFS",1988,4,9,100,30,43.533333,-66.65,0,0,0,0,0,"AL",0.038
"4878",465,"198801.272.1340.6","NMFS",1988,4,9,100,30,43.433333,-66.683333,0,0,0,0,0,"AL",0.038
"4879",465,"198801.273.1340.1","NMFS",1988,4,9,100,30,43.316667,-66.766667,0,0,0,0,0,"AL",0.038
"4880",511,"198801.274.1390.4","NMFS",1988,4,10,101,30,44.333333,-67.633333,0,0,0,0,0,"AL",0.038
"4881",512,"198801.275.1380.5","NMFS",1988,4,11,102,30,44.083333,-67.866667,0,0,0,0,0,"AL",0.038
"4882",512,"198801.276.1390.5","NMFS",1988,4,11,102,30,44.05,-67.933333,0,0,0,0,0,"AL",0.038
"4883",512,"198801.277.1380.2","NMFS",1988,4,11,102,30,43.766667,-68.633333,0,0,0,0,0,"AL",0.038
"4884",512,"198801.278.1390.1","NMFS",1988,4,11,102,22,43.9,-68.633333,2,2,0,2,0,"AL",0.038
"4885",512,"198801.279.1390.3","NMFS",1988,4,11,102,26,43.933333,-68.766667,1,1,0,1,0,"AL",0.038
"4886",512,"198801.280.1390.2","NMFS",1988,4,11,102,30,43.816667,-69.066667,0,0,0,0,0,"AL",0.038
"4887",511,"198801.281.1351.2","NMFS",1988,4,13,104,30,44.316667,-67.166667,0,0,0,0,0,"AL",0.038
"4888",511,"198801.282.1351.1","NMFS",1988,4,13,104,30,44.216667,-66.866667,0,0,0,0,0,"AL",0.038
"4889",466,"198801.283.1330.4","NMFS",1988,4,13,104,30,44.116667,-66.583333,0,0,0,0,0,"AL",0.038
"4890",511,"198801.284.1340.4","NMFS",1988,4,13,104,30,43.85,-66.983333,0,0,0,0,0,"AL",0.038
"4891",465,"198801.285.1340.2","NMFS",1988,4,13,104,30,43.5,-66.85,0,0,0,0,0,"AL",0.038
"4892",465,"198801.286.1360.3","NMFS",1988,4,13,104,30,43.533333,-67.133333,0,0,0,0,0,"AL",0.038
"4893",465,"198801.287.1360.2","NMFS",1988,4,13,104,30,43.633333,-67.383333,0,0,0,0,0,"AL",0.038
"4894",465,"198801.288.1360.4","NMFS",1988,4,13,104,30,43.55,-67.5,0,0,0,0,0,"AL",0.038
"4895",465,"198801.289.1360.6","NMFS",1988,4,13,104,30,43.616667,-67.55,0,0,0,0,0,"AL",0.038
"4896",512,"198801.290.1360.7","NMFS",1988,4,14,105,30,43.716667,-67.883333,1,1,0,1,0,"AL",0.038
"4897",513,"198801.291.1380.4","NMFS",1988,4,14,105,30,43.4,-69.183333,0,0,0,0,0,"AL",0.038
"4898",513,"198801.292.1370.4","NMFS",1988,4,14,105,30,43,-69.3,0,0,0,0,0,"AL",0.038
"4899",515,"198801.293.1280.6","NMFS",1988,4,14,105,30,42.516667,-69.283333,0,0,0,0,0,"AL",0.038
"4900",515,"198801.294.1280.4","NMFS",1988,4,14,105,30,42.483333,-69.2,0,0,0,0,0,"AL",0.038
"4901",521,"198801.295.1280.1","NMFS",1988,4,14,105,30,42.15,-69.266667,0,0,0,0,0,"AL",0.038
"4902",521,"198801.296.1280.7","NMFS",1988,4,14,105,30,42.083333,-69.483333,0,0,0,0,0,"AL",0.038
"4903",521,"198801.297.1270.1","NMFS",1988,4,14,105,30,42.133333,-69.8,0,0,0,0,0,"AL",0.038
"4904",514,"198801.298.3600.1","NMFS",1988,4,19,110,30,41.9,-70.25,4,1,3,4,0,"AL",0.038
"4905",514,"198801.299.3610.2","NMFS",1988,4,19,110,30,41.966667,-70.4,87,38,49,58,29,"AL",0.038
"4906",514,"198801.300.3590.1","NMFS",1988,4,19,110,30,41.983333,-70.533333,29,14,15,18,11,"AL",0.038
"4907",514,"198801.301.3610.1","NMFS",1988,4,19,110,30,42.066667,-70.466667,60,26,34,51,9,"AL",0.038
"4908",514,"198801.302.3600.2","NMFS",1988,4,19,110,30,42.116667,-70.55,86,38,48,81,5,"AL",0.038
"4909",514,"198801.303.3650.1","NMFS",1988,4,19,110,30,42.2,-70.566667,4,3,1,4,0,"AL",0.038
"4910",514,"198801.304.3640.1","NMFS",1988,4,19,110,30,42.316667,-70.666667,27,12,15,27,0,"AL",0.038
"4911",514,"198801.305.1260.4","NMFS",1988,4,19,110,30,42.233333,-70.316667,1,0,1,1,0,"AL",0.038
"4912",514,"198801.306.1260.1","NMFS",1988,4,19,110,30,42.4,-70.4,0,0,0,0,0,"AL",0.038
"4913",514,"198801.307.3660.2","NMFS",1988,4,19,110,30,42.483333,-70.633333,14,7,7,14,0,"AL",0.038
"4914",514,"198801.308.1260.5","NMFS",1988,4,19,110,30,42.516667,-70.516667,0,0,0,0,0,"AL",0.038
"4915",514,"198801.309.1260.3","NMFS",1988,4,19,110,30,42.766667,-70.35,0,0,0,0,0,"AL",0.038
"4916",514,"198801.310.3660.1","NMFS",1988,4,19,110,30,42.783333,-70.65,1,0,1,1,0,"AL",0.038
"4917",513,"198801.311.1400.1","NMFS",1988,4,20,111,30,42.983333,-70.433333,0,0,0,0,0,"AL",0.038
"4918",513,"198801.312.1270.3","NMFS",1988,4,20,111,30,43.066667,-70.266667,0,0,0,0,0,"AL",0.038
"4919",513,"198801.313.1260.2","NMFS",1988,4,20,111,30,42.9,-70.066667,0,0,0,0,0,"AL",0.038
"4920",513,"198801.314.1270.4","NMFS",1988,4,20,111,30,43.166667,-70.116667,1,0,1,1,0,"AL",0.038
"4921",513,"198801.315.1400.3","NMFS",1988,4,20,111,30,43.233333,-70.25,1,0,1,1,0,"AL",0.038
"4922",513,"198801.316.1400.2","NMFS",1988,4,20,111,30,43.45,-70.066667,0,0,0,0,0,"AL",0.038
"4923",513,"198801.317.1380.3","NMFS",1988,4,20,111,30,43.283333,-69.85,0,0,0,0,0,"AL",0.038
"4924",513,"198801.318.1370.3","NMFS",1988,4,20,111,30,43.15,-69.633333,0,0,0,0,0,"AL",0.038
"4925",514,"198801.319.1280.5","NMFS",1988,4,20,111,30,42.783333,-69.7,0,0,0,0,0,"AL",0.038
"4926",514,"198801.320.1280.3","NMFS",1988,4,20,111,30,42.716667,-69.9,0,0,0,0,0,"AL",0.038
"4927",514,"198801.321.1270.2","NMFS",1988,4,20,111,30,42.566667,-69.983333,0,0,0,0,0,"AL",0.038
"4928",521,"198901.238.1240.1","NMFS",1989,4,5,95,30,42,-69.8,0,0,0,0,0,"DE",0.038
"4929",521,"198901.239.1280.3","NMFS",1989,4,5,95,30,42.033333,-69.666667,0,0,0,0,0,"DE",0.038
"4930",521,"198901.240.1280.2","NMFS",1989,4,5,95,30,41.883333,-69.416667,0,0,0,0,0,"DE",0.038
"4931",522,"198901.241.1240.6","NMFS",1989,4,5,95,30,42.066667,-68.816667,0,0,0,0,0,"DE",0.038
"4932",522,"198901.242.1240.3","NMFS",1989,4,5,95,30,42.316667,-68.666667,0,0,0,0,0,"DE",0.038
"4933",522,"198901.243.1240.2","NMFS",1989,4,5,95,30,42.2,-68.5,1,1,0,1,0,"DE",0.038
"4934",522,"198901.244.1220.2","NMFS",1989,4,5,95,30,41.816667,-68.3,0,0,0,0,0,"DE",0.038
"4935",522,"198901.245.1220.3","NMFS",1989,4,5,95,30,41.9,-68.15,0,0,0,0,0,"DE",0.038
"4936",522,"198901.246.1200.3","NMFS",1989,4,6,96,30,41.8,-67.95,0,0,0,0,0,"DE",0.038
"4937",522,"198901.247.1210.3","NMFS",1989,4,6,96,30,41.883333,-67.933333,0,0,0,0,0,"DE",0.038
"4938",522,"198901.248.1220.1","NMFS",1989,4,6,96,30,42.05,-67.883333,0,0,0,0,0,"DE",0.038
"4939",464,"198901.249.1300.2","NMFS",1989,4,6,96,30,42.466667,-67.516667,0,0,0,0,0,"DE",0.038
"4940",464,"198901.250.1290.8","NMFS",1989,4,6,96,30,42.616667,-67.566667,1,1,0,1,0,"DE",0.038
"4941",464,"198901.251.1290.4","NMFS",1989,4,6,96,30,42.683333,-67.283333,0,0,0,0,0,"DE",0.038
"4942",464,"198901.252.1360.3","NMFS",1989,4,6,96,30,42.883333,-66.983333,0,0,0,0,0,"DE",0.038
"4943",464,"198901.253.1360.1","NMFS",1989,4,6,96,30,42.983333,-67.05,0,0,0,0,0,"DE",0.038
"4944",465,"198901.254.1340.5","NMFS",1989,4,6,96,30,43.116667,-66.75,0,0,0,0,0,"DE",0.038
"4945",465,"198901.255.1340.1","NMFS",1989,4,6,96,30,43.583333,-66.883333,0,0,0,0,0,"DE",0.038
"4946",511,"198901.256.1340.4","NMFS",1989,4,6,96,30,43.883333,-66.966667,0,0,0,0,0,"DE",0.038
"4947",466,"198901.257.1351.1","NMFS",1989,4,7,97,30,44.183333,-66.8,0,0,0,0,0,"DE",0.038
"4948",511,"198901.258.1351.2","NMFS",1989,4,7,97,30,44.183333,-66.883333,0,0,0,0,0,"DE",0.038
"4949",511,"198901.259.1340.3","NMFS",1989,4,7,97,30,44.116667,-67.05,0,0,0,0,0,"DE",0.038
"4950",511,"198901.260.1340.6","NMFS",1989,4,7,97,30,44.116667,-67.266667,0,0,0,0,0,"DE",0.038
"4951",512,"198901.261.1390.3","NMFS",1989,4,7,97,25,43.666667,-69.05,0,0,0,0,0,"DE",0.038
"4952",512,"198901.262.1390.2","NMFS",1989,4,9,99,30,43.866667,-68.583333,0,0,0,0,0,"DE",0.038
"4953",512,"198901.263.1390.5","NMFS",1989,4,9,99,26,43.916667,-68.416667,0,0,0,0,0,"DE",0.038
"4954",512,"198901.264.1380.5","NMFS",1989,4,9,99,30,44,-68.066667,3,2,1,3,0,"DE",0.038
"4955",511,"198901.265.1390.1","NMFS",1989,4,9,99,30,44.25,-67.816667,0,0,0,0,0,"DE",0.038
"4956",511,"198901.266.1390.4","NMFS",1989,4,9,99,30,44.316667,-67.666667,0,0,0,0,0,"DE",0.038
"4957",511,"198901.267.1340.2","NMFS",1989,4,10,100,30,43.983333,-67.433333,1,1,0,1,0,"DE",0.038
"4958",512,"198901.268.1360.8","NMFS",1989,4,10,100,30,43.866667,-67.666667,0,0,0,0,0,"DE",0.038
"4959",512,"198901.269.1380.4","NMFS",1989,4,10,100,30,43.65,-68.25,0,0,0,0,0,"DE",0.038
"4960",512,"198901.270.1380.2","NMFS",1989,4,10,100,30,43.433333,-68.25,0,0,0,0,0,"DE",0.038
"4961",512,"198901.271.1360.2","NMFS",1989,4,10,100,30,43.483333,-67.883333,0,0,0,0,0,"DE",0.038
"4962",465,"198901.272.1360.6","NMFS",1989,4,10,100,30,43.483333,-67.616667,0,0,0,0,0,"DE",0.038
"4963",515,"198901.273.1360.4","NMFS",1989,4,10,100,30,43.166667,-68.05,3,3,0,3,0,"DE",0.038
"4964",515,"198901.274.1360.7","NMFS",1989,4,10,100,30,43.033333,-67.95,0,0,0,0,0,"DE",0.038
"4965",515,"198901.275.1360.5","NMFS",1989,4,10,100,30,42.833333,-67.833333,0,0,0,0,0,"DE",0.038
"4966",514,"198901.276.1280.5","NMFS",1989,4,11,101,30,42.383333,-69.8,0,0,0,0,0,"DE",0.038
"4967",514,"198901.277.1280.1","NMFS",1989,4,11,101,30,42.483333,-69.816667,0,0,0,0,0,"DE",0.038
"4968",514,"198901.278.1280.4","NMFS",1989,4,11,101,30,42.55,-69.683333,1,1,0,1,0,"DE",0.038
"4969",514,"198901.279.1280.7","NMFS",1989,4,11,101,30,42.65,-69.666667,0,0,0,0,0,"DE",0.038
"4970",515,"198901.280.1370.3","NMFS",1989,4,11,101,30,42.716667,-69,0,0,0,0,0,"DE",0.038
"4971",513,"198901.281.1370.1","NMFS",1989,4,11,101,30,43.033333,-69.35,0,0,0,0,0,"DE",0.038
"4972",513,"198901.283.1370.5","NMFS",1989,4,11,101,30,43.166667,-69.766667,0,0,0,0,0,"DE",0.038
"4973",513,"198901.284.1370.2","NMFS",1989,4,12,102,30,43.233333,-69.6,0,0,0,0,0,"DE",0.038
"4974",513,"198901.285.1380.1","NMFS",1989,4,12,102,30,43.383333,-69.366667,0,0,0,0,0,"DE",0.038
"4975",513,"198901.286.1380.3","NMFS",1989,4,12,102,30,43.533333,-69.533333,0,0,0,0,0,"DE",0.038
"4976",513,"198901.287.1400.3","NMFS",1989,4,12,102,30,43.566667,-69.75,1,1,0,1,0,"DE",0.038
"4977",513,"198901.288.1400.2","NMFS",1989,4,12,102,25,43.3,-70.25,2,2,0,2,0,"DE",0.038
"4978",513,"198901.289.1400.1","NMFS",1989,4,12,102,30,43.066667,-70.366667,2,1,1,2,0,"DE",0.038
"4979",513,"198901.290.1270.1","NMFS",1989,4,12,102,30,42.95,-70.366667,0,0,0,0,0,"DE",0.038
"4980",513,"198901.291.1270.3","NMFS",1989,4,12,102,30,42.916667,-69.983333,2,2,0,2,0,"DE",0.038
"4981",513,"198901.292.1280.6","NMFS",1989,4,12,102,30,42.866667,-69.75,0,0,0,0,0,"DE",0.038
"4982",514,"198901.293.1270.2","NMFS",1989,4,12,102,30,42.75,-70.083333,0,0,0,0,0,"DE",0.038
"4983",514,"198901.294.1260.2","NMFS",1989,4,13,103,30,42.683333,-70.166667,0,0,0,0,0,"DE",0.038
"4984",514,"198901.295.1270.4","NMFS",1989,4,13,103,30,42.616667,-70.05,0,0,0,0,0,"DE",0.038
"4985",514,"198901.296.1260.4","NMFS",1989,4,13,103,30,42.383333,-70.116667,0,0,0,0,0,"DE",0.038
"4986",514,"198901.297.1260.3","NMFS",1989,4,13,103,30,42.283333,-70.25,0,0,0,0,0,"DE",0.038
"4987",514,"198901.298.1260.1","NMFS",1989,4,13,103,30,42.166667,-70.183333,0,0,0,0,0,"DE",0.038
"4988",514,"198901.299.1260.5","NMFS",1989,4,13,103,30,42.15,-70.283333,0,0,0,0,0,"DE",0.038
"4989",522,"199002.215.1240.1","NMFS",1990,4,1,91,30,42,-68.75,0,0,0,0,0,"DE",0.038
"4990",522,"199002.216.1240.5","NMFS",1990,4,1,91,30,42.05,-68.566667,0,0,0,0,0,"DE",0.038
"4991",515,"199002.217.1290.7","NMFS",1990,4,1,91,30,42.366667,-68.266667,0,0,0,0,0,"DE",0.038
"4992",521,"199002.218.1280.2","NMFS",1990,4,1,91,30,42.3,-68.85,2,2,0,2,0,"DE",0.038
"4993",521,"199002.219.1240.6","NMFS",1990,4,1,91,30,42.266667,-69.1,0,0,0,0,0,"DE",0.038
"4994",515,"199002.220.1370.4","NMFS",1990,4,1,91,30,42.7,-69.183333,1,1,0,1,0,"DE",0.038
"4995",515,"199002.221.1370.3","NMFS",1990,4,1,91,30,42.9,-68.6,0,0,0,0,0,"DE",0.038
"4996",515,"199002.222.1370.2","NMFS",1990,4,1,91,30,43,-68.583333,0,0,0,0,0,"DE",0.038
"4997",515,"199002.223.1360.1","NMFS",1990,4,2,92,30,42.983333,-67.983333,0,0,0,0,0,"DE",0.038
"4998",515,"199002.225.1360.9","NMFS",1990,4,2,92,30,43.266667,-67.966667,1,1,0,1,0,"DE",0.038
"4999",512,"199002.226.1380.2","NMFS",1990,4,2,92,30,43.35,-68.383333,0,0,0,0,0,"DE",0.038
"5000",513,"199002.227.1370.1","NMFS",1990,4,2,92,30,43.166667,-69.35,0,0,0,0,0,"DE",0.038
"5001",513,"199002.228.1370.5","NMFS",1990,4,2,92,30,43.133333,-69.75,0,0,0,0,0,"DE",0.038
"5002",513,"199002.229.1280.5","NMFS",1990,4,2,92,30,43.016667,-69.85,0,0,0,0,0,"DE",0.038
"5003",514,"199002.230.1280.1","NMFS",1990,4,2,92,30,42.683333,-69.75,0,0,0,0,0,"DE",0.038
"5004",514,"199002.231.1280.7","NMFS",1990,4,2,92,30,42.383333,-69.75,0,0,0,0,0,"DE",0.038
"5005",521,"199002.232.1280.3","NMFS",1990,4,3,93,30,42.3,-69.783333,0,0,0,0,0,"DE",0.038
"5006",521,"199002.233.1280.6","NMFS",1990,4,3,93,30,42.1,-69.666667,0,0,0,0,0,"DE",0.038
"5007",521,"199002.234.1270.4","NMFS",1990,4,3,93,30,42.15,-69.916667,4,4,0,4,0,"DE",0.038
"5008",514,"199002.236.1260.2","NMFS",1990,4,3,93,30,42.183333,-70.116667,0,0,0,0,0,"DE",0.038
"5009",514,"199002.237.1260.1","NMFS",1990,4,3,93,30,42.366667,-70.116667,0,0,0,0,0,"DE",0.038
"5010",514,"199002.238.1260.5","NMFS",1990,4,3,93,30,42.4,-70.183333,0,0,0,0,0,"DE",0.038
"5011",514,"199002.239.1260.4","NMFS",1990,4,3,93,30,42.35,-70.366667,9,6,3,9,0,"DE",0.038
"5012",514,"199002.243.3660.2","NMFS",1990,4,3,93,30,42.2,-70.516667,0,0,0,0,0,"DE",0.038
"5013",514,"199002.244.3600.2","NMFS",1990,4,3,93,30,42.083333,-70.566667,3,0,3,3,0,"DE",0.038
"5014",514,"199002.245.3610.2","NMFS",1990,4,4,94,30,42.083333,-70.366667,8,5,3,8,0,"DE",0.038
"5015",514,"199002.246.1260.3","NMFS",1990,4,4,94,30,42.133333,-70.316667,0,0,0,0,0,"DE",0.038
"5016",514,"199002.247.3560.1","NMFS",1990,4,4,94,27,42.1,-70.1,1,0,1,1,0,"DE",0.038
"5017",514,"199002.248.3660.1","NMFS",1990,4,4,94,26.5,42.816667,-70.666667,0,0,0,0,0,"DE",0.038
"5018",514,"199002.249.1270.1","NMFS",1990,4,5,95,30,42.816667,-70.4,0,0,0,0,0,"DE",0.038
"5019",513,"199002.250.1270.2","NMFS",1990,4,5,95,30,43,-70.366667,0,0,0,0,0,"DE",0.038
"5020",513,"199002.251.1400.1","NMFS",1990,4,5,95,30,43.183333,-70.216667,1,1,0,1,0,"DE",0.038
"5021",513,"199002.252.1270.3","NMFS",1990,4,5,95,30,43.333333,-70.05,0,0,0,0,0,"DE",0.038
"5022",513,"199002.254.1400.4","NMFS",1990,4,5,95,30,43.616667,-69.883333,1,0,1,1,0,"DE",0.038
"5023",562,"199002.256.1190.4","NMFS",1990,4,10,100,30,41.383333,-67.15,0,0,0,0,0,"DE",0.038
"5024",562,"199002.257.1190.5","NMFS",1990,4,10,100,30,41.216667,-67.266667,0,0,0,0,0,"DE",0.038
"5025",562,"199002.258.1130.1","NMFS",1990,4,10,100,30,40.866667,-66.916667,0,0,0,0,0,"DE",0.038
"5026",562,"199002.259.1170.3","NMFS",1990,4,10,100,30,40.85,-66.716667,1,1,0,1,0,"DE",0.038
"5027",562,"199002.260.1160.7","NMFS",1990,4,10,100,30,40.983333,-66.816667,0,0,0,0,0,"DE",0.038
"5028",552,"199002.261.1160.1","NMFS",1990,4,10,100,30,41.333333,-66.383333,0,0,0,0,0,"DE",0.038
"5029",552,"199002.262.1160.2","NMFS",1990,4,11,101,30,41.583333,-66.65,0,0,0,0,0,"DE",0.038
"5030",562,"199002.263.1160.4","NMFS",1990,4,11,101,30,41.466667,-66.783333,0,0,0,0,0,"DE",0.038
"5031",562,"199002.264.1160.9","NMFS",1990,4,11,101,30,41.616667,-66.966667,0,0,0,0,0,"DE",0.038
"5032",562,"199002.265.1190.7","NMFS",1990,4,11,101,30,41.716667,-67.05,0,0,0,0,0,"DE",0.038
"5033",561,"199002.266.1200.1","NMFS",1990,4,12,102,30,41.933333,-67.283333,0,0,0,0,0,"DE",0.038
"5034",561,"199002.267.1160.8","NMFS",1990,4,12,102,30,41.916667,-66.966667,0,0,0,0,0,"DE",0.038
"5035",552,"199002.268.1160.5","NMFS",1990,4,12,102,30,41.783333,-66.833333,0,0,0,0,0,"DE",0.038
"5036",552,"199002.269.1160.6","NMFS",1990,4,12,102,30,41.683333,-66.116667,0,0,0,0,0,"DE",0.038
"5037",552,"199002.270.1170.1","NMFS",1990,4,12,102,30,41.633333,-65.866667,0,0,0,0,0,"DE",0.038
"5038",551,"199002.272.1290.3","NMFS",1990,4,12,102,30,41.983333,-65.733333,0,0,0,0,0,"DE",0.038
"5039",551,"199002.273.1170.2","NMFS",1990,4,12,102,30,41.866667,-65.883333,0,0,0,0,0,"DE",0.038
"5040",551,"199002.274.1160.3","NMFS",1990,4,13,103,30,41.983333,-66.25,0,0,0,0,0,"DE",0.038
"5041",551,"199002.275.1210.4","NMFS",1990,4,13,103,30,42.116667,-66.15,1,0,1,1,0,"DE",0.038
"5042",464,"199002.276.1290.1","NMFS",1990,4,13,103,30,42.466667,-66.116667,4,3,1,4,0,"DE",0.038
"5043",551,"199002.277.1290.4","NMFS",1990,4,13,103,30,42.316667,-66.383333,0,0,0,0,0,"DE",0.038
"5044",551,"199002.278.1220.2","NMFS",1990,4,13,103,30,42.15,-66.4,4,3,1,4,0,"DE",0.038
"5045",551,"199002.279.1160.10","NMFS",1990,4,13,103,30,42.05,-66.55,1,1,0,1,0,"DE",0.038
"5046",551,"199002.280.1210.2","NMFS",1990,4,13,103,30,42.1,-66.583333,0,0,0,0,0,"DE",0.038
"5047",551,"199002.281.1210.3","NMFS",1990,4,13,103,30,42.15,-66.783333,0,0,0,0,0,"DE",0.038
"5048",561,"199002.282.1210.1","NMFS",1990,4,13,103,30,42.116667,-67.133333,0,0,0,0,0,"DE",0.038
"5049",551,"199002.283.1220.4","NMFS",1990,4,13,103,30,42.216667,-67.15,0,0,0,0,0,"DE",0.038
"5050",561,"199002.284.1290.5","NMFS",1990,4,13,103,30,42.25,-67.533333,2,1,1,2,0,"DE",0.038
"5051",522,"199002.285.1220.3","NMFS",1990,4,13,103,30,42.2,-67.666667,1,1,0,1,0,"DE",0.038
"5052",522,"199002.286.1220.1","NMFS",1990,4,14,104,30,42.1,-67.866667,0,0,0,0,0,"DE",0.038
"5053",522,"199002.287.1290.2","NMFS",1990,4,14,104,30,42.183333,-67.866667,0,0,0,0,0,"DE",0.038
"5054",464,"199002.288.1290.8","NMFS",1990,4,14,104,30,42.5,-67.533333,0,0,0,0,0,"DE",0.038
"5055",464,"199002.289.1300.3","NMFS",1990,4,14,104,30,42.466667,-67.366667,0,0,0,0,0,"DE",0.038
"5056",464,"199002.290.1300.2","NMFS",1990,4,14,104,30,42.516667,-67.1,0,0,0,0,0,"DE",0.038
"5057",464,"199002.291.1300.1","NMFS",1990,4,14,104,30,42.616667,-67.166667,1,1,0,1,0,"DE",0.038
"5058",464,"199002.292.1290.6","NMFS",1990,4,14,104,30,42.733333,-67.583333,0,0,0,0,0,"DE",0.038
"5059",464,"199002.293.1360.2","NMFS",1990,4,14,104,30,42.85,-67.383333,2,2,0,2,0,"DE",0.038
"5060",465,"199002.294.1360.5","NMFS",1990,4,14,104,30,43.166667,-67.416667,1,1,0,1,0,"DE",0.038
"5061",464,"199002.295.1360.4","NMFS",1990,4,14,104,30,42.9,-67.15,1,1,0,1,0,"DE",0.038
"5062",464,"199002.296.1340.4","NMFS",1990,4,14,104,30,42.95,-66.833333,0,0,0,0,0,"DE",0.038
"5063",465,"199002.297.1330.4","NMFS",1990,4,15,105,30,43.166667,-66.466667,1,1,0,1,0,"DE",0.038
"5064",465,"199002.298.1330.1","NMFS",1990,4,15,105,30,43.5,-66.433333,5,0,5,5,0,"DE",0.038
"5065",465,"199002.299.1330.2","NMFS",1990,4,15,105,30,43.55,-66.45,4,2,2,4,0,"DE",0.038
"5066",465,"199002.300.1340.1","NMFS",1990,4,15,105,30,43.6,-66.566667,1,1,0,1,0,"DE",0.038
"5067",465,"199002.301.1340.2","NMFS",1990,4,15,105,30,43.533333,-66.683333,0,0,0,0,0,"DE",0.038
"5068",465,"199002.302.1340.3","NMFS",1990,4,15,105,30,43.566667,-66.983333,0,0,0,0,0,"DE",0.038
"5069",465,"199002.303.1340.6","NMFS",1990,4,15,105,30,43.816667,-67.066667,0,0,0,0,0,"DE",0.038
"5070",465,"199002.304.1330.3","NMFS",1990,4,15,105,30,43.983333,-66.55,4,3,1,4,0,"DE",0.038
"5071",466,"199002.305.1351.1","NMFS",1990,4,15,105,30,44.266667,-66.7,0,0,0,0,0,"DE",0.038
"5072",466,"199002.306.1351.2","NMFS",1990,4,15,105,30,44.183333,-66.833333,0,0,0,0,0,"DE",0.038
"5073",511,"199002.307.1340.5","NMFS",1990,4,16,106,30,44.1,-67.3,0,0,0,0,0,"DE",0.038
"5074",511,"199002.308.1380.5","NMFS",1990,4,16,106,30,44.3,-67.366667,0,0,0,0,0,"DE",0.038
"5075",511,"199002.309.1390.1","NMFS",1990,4,16,106,30,44.333333,-67.666667,1,0,1,1,0,"DE",0.038
"5076",512,"199002.310.1390.3","NMFS",1990,4,16,106,30,44.233333,-67.9,3,2,1,3,0,"DE",0.038
"5077",512,"199002.311.1390.5","NMFS",1990,4,16,106,30,44.083333,-68,1,0,1,1,0,"DE",0.038
"5078",512,"199002.312.1380.3","NMFS",1990,4,16,106,30,44,-68.033333,1,1,0,1,0,"DE",0.038
"5079",511,"199002.313.1360.7","NMFS",1990,4,16,106,30,43.9,-67.6,0,0,0,0,0,"DE",0.038
"5080",512,"199002.314.1360.8","NMFS",1990,4,16,106,30,43.733333,-67.916667,0,0,0,0,0,"DE",0.038
"5081",512,"199002.315.1360.6","NMFS",1990,4,16,106,30,43.566667,-67.816667,0,0,0,0,0,"DE",0.038
"5082",512,"199002.316.1380.1","NMFS",1990,4,16,106,30,43.583333,-68.333333,5,3,2,5,0,"DE",0.038
"5083",512,"199002.317.1390.2","NMFS",1990,4,17,107,30,43.85,-68.583333,2,2,0,2,0,"DE",0.038
"5084",512,"199002.318.1390.4","NMFS",1990,4,17,107,20,43.7,-68.916667,1,1,0,1,0,"DE",0.038
"5085",513,"199002.319.1380.4","NMFS",1990,4,17,107,30,43.6,-69.083333,2,1,1,2,0,"DE",0.038
"5086",514,"199002.320.3580.1","NMFS",1990,4,17,107,28,41.833333,-70.5,6,3,3,5,1,"DE",0.038
"5087",514,"199002.321.3600.1","NMFS",1990,4,17,107,30,41.9,-70.383333,14,7,7,12,2,"DE",0.038
"5088",514,"199002.322.3590.1","NMFS",1990,4,17,107,30,41.833333,-70.283333,2,2,0,1,1,"DE",0.038
"5089",562,"199102.220.1160.2","NMFS",1991,4,1,91,30,41.083333,-66.85,0,0,0,0,0,"DE",0.038
"5090",562,"199102.221.1160.10","NMFS",1991,4,1,91,30,41.383333,-66.85,0,0,0,0,0,"DE",0.038
"5091",562,"199102.222.1160.8","NMFS",1991,4,1,91,30,41.6,-66.933333,0,0,0,0,0,"DE",0.038
"5092",552,"199102.223.1160.1","NMFS",1991,4,1,91,30,41.466667,-66.5,0,0,0,0,0,"DE",0.038
"5093",552,"199102.224.1160.5","NMFS",1991,4,1,91,30,41.416667,-66.35,0,0,0,0,0,"DE",0.038
"5094",552,"199102.225.1160.9","NMFS",1991,4,1,91,30,41.583333,-66.183333,0,0,0,0,0,"DE",0.038
"5095",552,"199102.226.1170.3","NMFS",1991,4,1,91,30,41.516667,-65.966667,0,0,0,0,0,"DE",0.038
"5096",552,"199102.227.1170.1","NMFS",1991,4,1,91,30,41.566667,-65.983333,1,1,0,1,0,"DE",0.038
"5097",552,"199102.228.1180.1","NMFS",1991,4,1,91,30,41.716667,-65.766667,2,2,0,2,0,"DE",0.038
"5098",551,"199102.229.1170.2","NMFS",1991,4,2,92,30,41.866667,-65.8,0,0,0,0,0,"DE",0.038
"5099",464,"199102.230.1290.1","NMFS",1991,4,2,92,30,42.05,-65.666667,0,0,0,0,0,"DE",0.038
"5100",464,"199102.231.1290.7","NMFS",1991,4,2,92,30,42.383333,-66.1,0,0,0,0,0,"DE",0.038
"5101",551,"199102.232.1290.8","NMFS",1991,4,2,92,30,42.266667,-66.316667,0,0,0,0,0,"DE",0.038
"5102",551,"199102.233.1220.4","NMFS",1991,4,2,92,30,42.166667,-66.333333,1,1,0,1,0,"DE",0.038
"5103",551,"199102.234.1210.2","NMFS",1991,4,2,92,30,42.133333,-66.283333,0,0,0,0,0,"DE",0.038
"5104",551,"199102.235.1210.4","NMFS",1991,4,2,92,30,42.116667,-66.133333,0,0,0,0,0,"DE",0.038
"5105",551,"199102.236.1160.4","NMFS",1991,4,2,92,30,41.95,-66.216667,0,0,0,0,0,"DE",0.038
"5106",552,"199102.237.1160.6","NMFS",1991,4,3,93,30,41.833333,-66.583333,0,0,0,0,0,"DE",0.038
"5107",551,"199102.238.1160.7","NMFS",1991,4,3,93,30,41.966667,-66.833333,0,0,0,0,0,"DE",0.038
"5108",551,"199102.239.1290.2","NMFS",1991,4,3,93,30,42.316667,-66.566667,0,0,0,0,0,"DE",0.038
"5109",464,"199102.240.1300.3","NMFS",1991,4,3,93,30,42.466667,-66.716667,0,0,0,0,0,"DE",0.038
"5110",551,"199102.241.1300.2","NMFS",1991,4,3,93,30,42.333333,-66.85,2,1,1,2,0,"DE",0.038
"5111",464,"199102.242.1300.1","NMFS",1991,4,3,93,30,42.366667,-67.05,2,2,0,2,0,"DE",0.038
"5112",551,"199102.243.1290.5","NMFS",1991,4,3,93,30,42.316667,-67.166667,1,1,0,1,0,"DE",0.038
"5113",561,"199102.244.1290.3","NMFS",1991,4,3,93,30,42.25,-67.266667,0,0,0,0,0,"DE",0.038
"5114",551,"199102.245.1220.1","NMFS",1991,4,3,93,30,42.2,-67.183333,0,0,0,0,0,"DE",0.038
"5115",561,"199102.246.1210.1","NMFS",1991,4,3,93,30,42.133333,-67.216667,0,0,0,0,0,"DE",0.038
"5116",561,"199102.247.1190.9","NMFS",1991,4,3,93,30,41.966667,-67.133333,0,0,0,0,0,"DE",0.038
"5117",561,"199102.248.1190.4","NMFS",1991,4,3,93,30,41.933333,-67.166667,3,1,2,2,1,"DE",0.038
"5118",561,"199102.249.1200.3","NMFS",1991,4,3,93,30,41.866667,-67.466667,0,0,0,0,0,"DE",0.038
"5119",562,"199102.250.1190.5","NMFS",1991,4,4,94,30,41.5,-67.466667,0,0,0,0,0,"DE",0.038
"5120",522,"199102.251.1190.1","NMFS",1991,4,4,94,30,41.65,-67.666667,0,0,0,0,0,"DE",0.038
"5121",522,"199102.252.1200.1","NMFS",1991,4,4,94,30,41.716667,-67.716667,0,0,0,0,0,"DE",0.038
"5122",522,"199102.253.1200.2","NMFS",1991,4,4,94,30,41.95,-67.716667,1,1,0,1,0,"DE",0.038
"5123",561,"199102.254.1200.6","NMFS",1991,4,4,94,30,42.016667,-67.566667,0,0,0,0,0,"DE",0.038
"5124",522,"199102.255.1220.2","NMFS",1991,4,4,94,30,42.05,-67.95,2,1,1,2,0,"DE",0.038
"5125",522,"199102.256.1220.3","NMFS",1991,4,4,94,30,41.966667,-68.033333,0,0,0,0,0,"DE",0.038
"5126",522,"199102.257.1210.3","NMFS",1991,4,4,94,30,41.8,-68.15,0,0,0,0,0,"DE",0.038
"5127",522,"199102.258.1200.4","NMFS",1991,4,4,94,30,41.716667,-68.283333,0,0,0,0,0,"DE",0.038
"5128",522,"199102.259.1290.4","NMFS",1991,4,4,94,30,41.916667,-68.3,2,2,0,2,0,"DE",0.038
"5129",522,"199102.260.1240.1","NMFS",1991,4,4,94,30,41.883333,-68.633333,0,0,0,0,0,"DE",0.038
"5130",521,"199102.261.1240.4","NMFS",1991,4,4,94,30,41.8,-68.883333,0,0,0,0,0,"DE",0.038
"5131",521,"199102.262.1240.6","NMFS",1991,4,5,95,30,41.783333,-69.083333,0,0,0,0,0,"DE",0.038
"5132",521,"199102.263.1240.3","NMFS",1991,4,5,95,30,41.8,-69.25,1,1,0,1,0,"DE",0.038
"5133",521,"199102.265.1230.3","NMFS",1991,4,5,95,30,41.766667,-69.783333,1,0,1,1,0,"DE",0.038
"5134",521,"199102.266.1230.5","NMFS",1991,4,5,95,30,41.7,-69.7,0,0,0,0,0,"DE",0.038
"5135",514,"199102.267.3600.1","NMFS",1991,4,9,99,30,42,-70.183333,10,3,7,10,0,"DE",0.038
"5136",514,"199102.268.3610.1","NMFS",1991,4,9,99,30,42.133333,-70.2,2,1,1,1,1,"DE",0.038
"5137",514,"199102.269.3610.2","NMFS",1991,4,9,99,30,42.133333,-70.1,6,4,2,6,0,"DE",0.038
"5138",514,"199102.270.1280.7","NMFS",1991,4,9,99,30,42.366667,-69.916667,0,0,0,0,0,"DE",0.038
"5139",514,"199102.271.1260.4","NMFS",1991,4,9,99,30,42.483333,-70.133333,0,0,0,0,0,"DE",0.038
"5140",514,"199102.272.1270.4","NMFS",1991,4,9,99,30,42.5,-69.983333,0,0,0,0,0,"DE",0.038
"5141",514,"199102.273.1280.3","NMFS",1991,4,9,99,30,42.5,-69.666667,0,0,0,0,0,"DE",0.038
"5142",515,"199102.274.1280.5","NMFS",1991,4,9,99,30,42.45,-69.433333,0,0,0,0,0,"DE",0.038
"5143",521,"199102.275.1280.4","NMFS",1991,4,9,99,30,42.183333,-69.266667,0,0,0,0,0,"DE",0.038
"5144",521,"199102.276.1240.5","NMFS",1991,4,10,100,30,42.25,-68.95,0,0,0,0,0,"DE",0.038
"5145",522,"199102.277.1240.2","NMFS",1991,4,10,100,30,42.133333,-68.716667,0,0,0,0,0,"DE",0.038
"5146",515,"199102.278.1280.6","NMFS",1991,4,10,100,30,42.366667,-68.8,0,0,0,0,0,"DE",0.038
"5147",515,"199102.279.1280.1","NMFS",1991,4,10,100,30,42.466667,-68.9,0,0,0,0,0,"DE",0.038
"5148",515,"199102.280.1280.2","NMFS",1991,4,10,100,30,42.55,-68.7,0,0,0,0,0,"DE",0.038
"5149",515,"199102.281.1370.1","NMFS",1991,4,10,100,30,42.85,-68.583333,0,0,0,0,0,"DE",0.038
"5150",515,"199102.282.1370.4","NMFS",1991,4,10,100,30,42.816667,-68.483333,0,0,0,0,0,"DE",0.038
"5151",515,"199102.283.1290.6","NMFS",1991,4,10,100,30,42.516667,-68.116667,0,0,0,0,0,"DE",0.038
"5152",515,"199102.284.1360.4","NMFS",1991,4,10,100,30,42.883333,-67.783333,0,0,0,0,0,"DE",0.038
"5153",515,"199102.285.1360.8","NMFS",1991,4,10,100,30,42.933333,-67.666667,0,0,0,0,0,"DE",0.038
"5154",515,"199102.286.1360.5","NMFS",1991,4,11,101,30,43.183333,-67.833333,2,2,0,2,0,"DE",0.038
"5155",512,"199102.287.1360.6","NMFS",1991,4,11,101,30,43.516667,-67.9,0,0,0,0,0,"DE",0.038
"5156",512,"199102.288.1380.5","NMFS",1991,4,11,101,30,43.766667,-68.1,1,1,0,1,0,"DE",0.038
"5157",512,"199102.289.1380.4","NMFS",1991,4,11,101,30,43.766667,-68.5,0,0,0,0,0,"DE",0.038
"5158",512,"199102.290.1390.2","NMFS",1991,4,11,101,30,43.883333,-68.433333,2,2,0,2,0,"DE",0.038
"5159",512,"199102.291.1380.1","NMFS",1991,4,11,101,30,44.016667,-67.933333,0,0,0,0,0,"DE",0.038
"5160",511,"199102.292.1390.4","NMFS",1991,4,11,101,30,44.3,-67.616667,1,0,1,1,0,"DE",0.038
"5161",511,"199102.293.1390.1","NMFS",1991,4,11,101,30,44.333333,-67.65,5,1,4,5,0,"DE",0.038
"5162",511,"199102.295.1351.1","NMFS",1991,4,12,102,30,44.183333,-66.85,2,0,2,2,0,"DE",0.038
"5163",511,"199102.296.1351.2","NMFS",1991,4,12,102,30,44.15,-66.95,1,1,0,1,0,"DE",0.038
"5164",511,"199102.297.1340.2","NMFS",1991,4,12,102,30,43.866667,-67.2,1,0,1,1,0,"DE",0.038
"5165",465,"199102.298.1360.3","NMFS",1991,4,12,102,30,43.5,-67.133333,1,0,1,1,0,"DE",0.038
"5166",465,"199102.299.1340.4","NMFS",1991,4,12,102,30,43.65,-66.683333,0,0,0,0,0,"DE",0.038
"5167",465,"199102.300.1330.3","NMFS",1991,4,13,103,30,43.766667,-66.55,2,1,1,2,0,"DE",0.038
"5168",465,"199102.301.1340.6","NMFS",1991,4,13,103,30,43.65,-66.583333,0,0,0,0,0,"DE",0.038
"5169",465,"199102.302.1330.2","NMFS",1991,4,13,103,30,43.466667,-66.433333,5,3,2,5,0,"DE",0.038
"5170",465,"199102.303.1330.1","NMFS",1991,4,13,103,30,43.4,-66.566667,0,0,0,0,0,"DE",0.038
"5171",464,"199102.305.1360.7","NMFS",1991,4,13,103,30,42.916667,-66.716667,0,0,0,0,0,"DE",0.038
"5172",465,"199102.306.1340.5","NMFS",1991,4,13,103,30,43,-66.75,0,0,0,0,0,"DE",0.038
"5173",465,"199102.307.1340.3","NMFS",1991,4,13,103,30,43.133333,-66.95,0,0,0,0,0,"DE",0.038
"5174",465,"199102.308.1340.1","NMFS",1991,4,13,103,30,43.183333,-67.033333,0,0,0,0,0,"DE",0.038
"5175",465,"199102.309.1360.2","NMFS",1991,4,13,103,30,43.033333,-67.3,3,1,2,3,0,"DE",0.038
"5176",465,"199102.310.1360.1","NMFS",1991,4,13,103,30,43.1,-67.5,1,1,0,1,0,"DE",0.038
"5177",515,"199102.311.1370.5","NMFS",1991,4,14,104,30,43.1,-68.65,0,0,0,0,0,"DE",0.038
"5178",515,"199102.312.1370.2","NMFS",1991,4,14,104,30,43.183333,-68.916667,0,0,0,0,0,"DE",0.038
"5179",513,"199102.313.1370.3","NMFS",1991,4,14,104,30,43.2,-69.183333,0,0,0,0,0,"DE",0.038
"5180",513,"199102.314.1380.3","NMFS",1991,4,14,104,30,43.283333,-69.383333,0,0,0,0,0,"DE",0.038
"5181",513,"199102.315.1400.3","NMFS",1991,4,14,104,30,43.616667,-69.7,1,0,1,1,0,"DE",0.038
"5182",513,"199102.316.1380.2","NMFS",1991,4,14,104,30,43.266667,-69.95,0,0,0,0,0,"DE",0.038
"5183",513,"199102.317.1270.1","NMFS",1991,4,14,104,30,43.3,-69.983333,0,0,0,0,0,"DE",0.038
"5184",513,"199102.318.1400.2","NMFS",1991,4,15,105,30,43.183333,-70.316667,3,2,1,3,0,"DE",0.038
"5185",513,"199102.319.1270.3","NMFS",1991,4,15,105,30,43.033333,-70.366667,0,0,0,0,0,"DE",0.038
"5186",513,"199102.320.1400.1","NMFS",1991,4,15,105,30,42.883333,-70.45,2,1,1,2,0,"DE",0.038
"5187",513,"199102.321.1270.2","NMFS",1991,4,15,105,30,42.9,-70.25,0,0,0,0,0,"DE",0.038
"5188",514,"199102.323.1260.2","NMFS",1991,4,15,105,30,42.75,-70.4,11,8,3,11,0,"DE",0.038
"5189",514,"199102.324.3660.2","NMFS",1991,4,15,105,30,42.733333,-70.616667,5,2,3,5,0,"DE",0.038
"5190",514,"199102.325.3630.1","NMFS",1991,4,15,105,30,42.716667,-70.733333,2,1,1,2,0,"DE",0.038
"5191",514,"199102.326.1260.5","NMFS",1991,4,15,105,30,42.616667,-70.4,0,0,0,0,0,"DE",0.038
"5192",514,"199102.328.3650.1","NMFS",1991,4,15,105,30,42.533333,-70.716667,1,0,1,1,0,"DE",0.038
"5193",514,"199102.330.1260.1","NMFS",1991,4,16,106,30,42.15,-70.416667,36,17,19,36,0,"DE",0.038
"5194",514,"199102.331.3590.1","NMFS",1991,4,16,106,30,42.05,-70.566667,3,1,2,3,0,"DE",0.038
"5195",514,"199102.332.3600.2","NMFS",1991,4,16,106,30,41.883333,-70.4,13,6,7,12,1,"DE",0.038
"5196",514,"199102.333.3580.1","NMFS",1991,4,16,106,30,41.883333,-70.15,1,0,1,1,0,"DE",0.038
"5197",525,"199202.217.1130.1","NMFS",1992,4,1,92,30,40.883333,-67.883333,1,1,0,1,0,"AL",0.038
"5198",525,"199202.218.1130.5","NMFS",1992,4,1,92,30,40.9,-67.816667,0,0,0,0,0,"AL",0.038
"5199",525,"199202.219.1190.1","NMFS",1992,4,1,92,30,41.083333,-67.65,0,0,0,0,0,"AL",0.038
"5200",562,"199202.220.1190.6","NMFS",1992,4,1,92,30,41.283333,-67.483333,0,0,0,0,0,"AL",0.038
"5201",525,"199202.221.1130.4","NMFS",1992,4,1,92,30,41.116667,-67.283333,1,1,0,1,0,"AL",0.038
"5202",562,"199202.222.1160.5","NMFS",1992,4,1,92,30,41.15,-66.983333,1,0,1,1,0,"AL",0.038
"5203",562,"199202.223.1130.8","NMFS",1992,4,1,92,30,41.016667,-67.116667,0,0,0,0,0,"AL",0.038
"5204",562,"199202.224.1160.3","NMFS",1992,4,1,92,30,40.966667,-66.983333,0,0,0,0,0,"AL",0.038
"5205",562,"199202.225.1130.6","NMFS",1992,4,1,92,30,40.916667,-66.966667,0,0,0,0,0,"AL",0.038
"5206",562,"199202.226.1160.4","NMFS",1992,4,1,92,30,40.9,-66.866667,0,0,0,0,0,"AL",0.038
"5207",562,"199202.227.1160.2","NMFS",1992,4,2,93,30,41.016667,-66.716667,0,0,0,0,0,"AL",0.038
"5208",552,"199202.228.1170.3","NMFS",1992,4,2,93,30,41.333333,-66.283333,1,0,1,1,0,"AL",0.038
"5209",552,"199202.229.1170.2","NMFS",1992,4,2,93,30,41.483333,-65.966667,2,1,1,2,0,"AL",0.038
"5210",552,"199202.230.1170.1","NMFS",1992,4,2,93,30,41.816667,-65.8,0,0,0,0,0,"AL",0.038
"5211",551,"199202.231.1180.1","NMFS",1992,4,2,93,30,41.966667,-65.783333,0,0,0,0,0,"AL",0.038
"5212",551,"199202.232.1160.7","NMFS",1992,4,2,93,30,41.933333,-65.966667,0,0,0,0,0,"AL",0.038
"5213",552,"199202.233.1160.1","NMFS",1992,4,2,93,30,41.533333,-66.616667,0,0,0,0,0,"AL",0.038
"5214",562,"199202.234.1160.10","NMFS",1992,4,2,93,30,41.55,-66.666667,0,0,0,0,0,"AL",0.038
"5215",562,"199202.235.1190.2","NMFS",1992,4,3,94,30,41.483333,-67.183333,0,0,0,0,0,"AL",0.038
"5216",521,"199202.236.1240.5","NMFS",1992,4,7,98,30,41.85,-69.433333,1,1,0,1,0,"AL",0.038
"5217",521,"199202.237.1240.4","NMFS",1992,4,7,98,30,41.783333,-69.166667,1,1,0,1,0,"AL",0.038
"5218",522,"199202.238.1230.3","NMFS",1992,4,7,98,30,41.55,-68.45,0,0,0,0,0,"AL",0.038
"5219",522,"199202.239.1240.2","NMFS",1992,4,7,98,30,41.716667,-68.55,0,0,0,0,0,"AL",0.038
"5220",522,"199202.240.1220.4","NMFS",1992,4,7,98,30,41.766667,-68.35,0,0,0,0,0,"AL",0.038
"5221",522,"199202.241.1240.1","NMFS",1992,4,7,98,30,42.1,-68.383333,0,0,0,0,0,"AL",0.038
"5222",515,"199202.242.1240.3","NMFS",1992,4,7,98,30,42.366667,-68.566667,1,1,0,1,0,"AL",0.038
"5223",515,"199202.243.1290.2","NMFS",1992,4,7,98,30,42.466667,-68.45,0,0,0,0,0,"AL",0.038
"5224",515,"199202.244.1290.5","NMFS",1992,4,8,99,30,42.383333,-68.183333,0,0,0,0,0,"AL",0.038
"5225",522,"199202.245.1290.6","NMFS",1992,4,8,99,30,42.333333,-68.116667,0,0,0,0,0,"AL",0.038
"5226",522,"199202.246.1220.1","NMFS",1992,4,8,99,30,41.95,-67.983333,0,0,0,0,0,"AL",0.038
"5227",522,"199202.247.1210.1","NMFS",1992,4,8,99,30,41.866667,-68,0,0,0,0,0,"AL",0.038
"5228",522,"199202.248.1200.2","NMFS",1992,4,8,99,30,41.85,-67.866667,0,0,0,0,0,"AL",0.038
"5229",522,"199202.249.1200.3","NMFS",1992,4,8,99,30,41.783333,-67.766667,0,0,0,0,0,"AL",0.038
"5230",561,"199202.250.1200.4","NMFS",1992,4,8,99,30,41.9,-67.633333,0,0,0,0,0,"AL",0.038
"5231",561,"199202.251.1200.1","NMFS",1992,4,8,99,30,42,-67.633333,0,0,0,0,0,"AL",0.038
"5232",561,"199202.252.1200.6","NMFS",1992,4,8,99,30,42.05,-67.5,0,0,0,0,0,"AL",0.038
"5233",561,"199202.253.1290.1","NMFS",1992,4,8,99,30,42.283333,-67.5,1,1,0,1,0,"AL",0.038
"5234",561,"199202.254.1300.3","NMFS",1992,4,8,99,30,42.316667,-67.466667,4,3,1,4,0,"AL",0.038
"5235",551,"199202.255.1220.3","NMFS",1992,4,8,99,30,42.2,-67.05,2,1,1,2,0,"AL",0.038
"5236",551,"199202.256.1290.7","NMFS",1992,4,9,100,30,42.233333,-66.966667,0,0,0,0,0,"AL",0.038
"5237",551,"199202.257.1210.3","NMFS",1992,4,9,100,30,42.166667,-67.033333,0,0,0,0,0,"AL",0.038
"5238",551,"199202.258.1210.4","NMFS",1992,4,9,100,30,42.133333,-66.816667,0,0,0,0,0,"AL",0.038
"5239",551,"199202.259.1160.6","NMFS",1992,4,9,100,30,42.05,-66.966667,0,0,0,0,0,"AL",0.038
"5240",561,"199202.260.1190.5","NMFS",1992,4,9,100,30,41.95,-67.066667,0,0,0,0,0,"AL",0.038
"5241",562,"199202.261.1190.7","NMFS",1992,4,9,100,30,41.816667,-67.2,0,0,0,0,0,"AL",0.038
"5242",562,"199202.262.1190.9","NMFS",1992,4,9,100,30,41.75,-67.05,0,0,0,0,0,"AL",0.038
"5243",562,"199202.263.1160.9","NMFS",1992,4,9,100,30,41.7,-66.8,0,0,0,0,0,"AL",0.038
"5244",552,"199202.264.1160.8","NMFS",1992,4,9,100,30,41.8,-66.616667,0,0,0,0,0,"AL",0.038
"5245",551,"199202.266.1210.2","NMFS",1992,4,9,100,30,42.083333,-66.633333,0,0,0,0,0,"AL",0.038
"5246",551,"199202.267.1220.2","NMFS",1992,4,9,100,30,42.166667,-66.5,2,1,1,2,0,"AL",0.038
"5247",551,"199202.268.1290.4","NMFS",1992,4,10,101,30,42.233333,-66.283333,1,1,0,1,0,"AL",0.038
"5248",551,"199202.269.1290.3","NMFS",1992,4,10,101,30,42.266667,-66.616667,0,0,0,0,0,"AL",0.038
"5249",464,"199202.270.1300.2","NMFS",1992,4,10,101,30,42.5,-67.15,0,0,0,0,0,"AL",0.038
"5250",464,"199202.271.1300.1","NMFS",1992,4,10,101,30,42.566667,-67.283333,0,0,0,0,0,"AL",0.038
"5251",515,"199202.272.1290.8","NMFS",1992,4,10,101,30,42.733333,-67.716667,1,1,0,1,0,"AL",0.038
"5252",464,"199202.273.1360.3","NMFS",1992,4,10,101,30,42.866667,-67.016667,1,1,0,1,0,"AL",0.038
"5253",465,"199202.274.1360.1","NMFS",1992,4,10,101,30,43.05,-67.283333,0,0,0,0,0,"AL",0.038
"5254",465,"199202.275.1360.8","NMFS",1992,4,10,101,30,43.316667,-67.216667,0,0,0,0,0,"AL",0.038
"5255",465,"199202.276.1360.7","NMFS",1992,4,11,102,30,43.416667,-67,0,0,0,0,0,"AL",0.038
"5256",465,"199202.277.1340.1","NMFS",1992,4,11,102,30,43.766667,-67.033333,1,1,0,1,0,"AL",0.038
"5257",511,"199202.278.1340.2","NMFS",1992,4,11,102,30,43.916667,-67.35,0,0,0,0,0,"AL",0.038
"5258",511,"199202.279.1340.3","NMFS",1992,4,11,102,30,44.083333,-67.233333,1,1,0,1,0,"AL",0.038
"5259",511,"199202.280.1390.3","NMFS",1992,4,11,102,30,44.35,-67.666667,0,0,0,0,0,"AL",0.038
"5260",512,"199202.281.1390.1","NMFS",1992,4,11,102,30,44.133333,-67.916667,1,1,0,1,0,"AL",0.038
"5261",512,"199202.282.1360.6","NMFS",1992,4,11,102,30,43.766667,-67.766667,1,1,0,1,0,"AL",0.038
"5262",512,"199202.283.1360.2","NMFS",1992,4,11,102,30,43.816667,-67.933333,0,0,0,0,0,"AL",0.038
"5263",512,"199202.284.1380.2","NMFS",1992,4,11,102,30,43.8,-68.133333,0,0,0,0,0,"AL",0.038
"5264",512,"199202.285.1390.4","NMFS",1992,4,12,103,30,43.85,-68.6,0,0,0,0,0,"AL",0.038
"5265",512,"199202.287.1390.2","NMFS",1992,4,12,103,15,43.816667,-68.75,1,0,1,1,0,"AL",0.038
"5266",512,"199202.289.1400.2","NMFS",1992,4,12,103,23,43.716667,-69.166667,1,0,1,1,0,"AL",0.038
"5267",512,"199202.290.1380.5","NMFS",1992,4,12,103,30,43.433333,-68.616667,0,0,0,0,0,"AL",0.038
"5268",512,"199202.291.1380.1","NMFS",1992,4,12,103,30,43.466667,-68.25,0,0,0,0,0,"AL",0.038
"5269",512,"199202.292.1360.4","NMFS",1992,4,12,103,30,43.35,-67.95,0,0,0,0,0,"AL",0.038
"5270",515,"199202.293.1360.5","NMFS",1992,4,13,104,30,43.033333,-68.383333,0,0,0,0,0,"AL",0.038
"5271",515,"199202.294.1370.2","NMFS",1992,4,13,104,30,42.783333,-68.566667,0,0,0,0,0,"AL",0.038
"5272",515,"199202.295.1370.4","NMFS",1992,4,13,104,30,42.683333,-68.616667,0,0,0,0,0,"AL",0.038
"5273",515,"199202.296.1280.6","NMFS",1992,4,13,104,30,42.516667,-68.983333,0,0,0,0,0,"AL",0.038
"5274",521,"199202.297.1280.2","NMFS",1992,4,13,104,30,42.233333,-69.216667,0,0,0,0,0,"AL",0.038
"5275",515,"199202.298.1280.1","NMFS",1992,4,13,104,30,42.433333,-69.283333,0,0,0,0,0,"AL",0.038
"5276",515,"199202.299.1280.3","NMFS",1992,4,13,104,30,42.383333,-69.55,0,0,0,0,0,"AL",0.038
"5277",515,"199202.300.1280.5","NMFS",1992,4,13,104,30,42.5,-69.616667,2,2,0,2,0,"AL",0.038
"5278",514,"199202.301.1280.4","NMFS",1992,4,14,105,30,42.466667,-69.816667,0,0,0,0,0,"AL",0.038
"5279",514,"199202.303.3660.3","NMFS",1992,4,14,105,30,42.233333,-70.516667,18,10,8,18,0,"AL",0.038
"5280",514,"199202.304.1260.2","NMFS",1992,4,14,105,22,42.466667,-70.55,6,4,2,6,0,"AL",0.038
"5281",514,"199202.305.1260.4","NMFS",1992,4,14,105,30,42.533333,-70.35,8,1,7,8,0,"AL",0.038
"5282",514,"199202.307.3660.1","NMFS",1992,4,14,105,30,42.716667,-70.6,4,4,0,4,0,"AL",0.038
"5283",514,"199202.308.3630.1","NMFS",1992,4,14,105,30,42.7,-70.716667,0,0,0,0,0,"AL",0.038
"5284",514,"199202.309.1260.1","NMFS",1992,4,14,105,30,42.733333,-70.5,14,8,6,14,0,"AL",0.038
"5285",514,"199202.310.1270.4","NMFS",1992,4,14,105,30,42.7,-70.133333,0,0,0,0,0,"AL",0.038
"5286",513,"199202.311.1270.3","NMFS",1992,4,15,106,30,42.866667,-70.116667,0,0,0,0,0,"AL",0.038
"5287",513,"199202.312.1400.3","NMFS",1992,4,15,106,30,42.983333,-70.4,4,1,3,4,0,"AL",0.038
"5288",513,"199202.313.1270.1","NMFS",1992,4,15,106,30,43.066667,-70,0,0,0,0,0,"AL",0.038
"5289",513,"199202.314.1280.7","NMFS",1992,4,15,106,30,42.966667,-69.8,0,0,0,0,0,"AL",0.038
"5290",513,"199202.315.1370.3","NMFS",1992,4,15,106,30,42.916667,-69.616667,1,1,0,1,0,"AL",0.038
"5291",513,"199202.316.1370.5","NMFS",1992,4,15,106,30,42.95,-69.566667,0,0,0,0,0,"AL",0.038
"5292",513,"199202.317.1370.1","NMFS",1992,4,15,106,30,43.216667,-69.05,1,1,0,1,0,"AL",0.038
"5293",513,"199202.318.1380.3","NMFS",1992,4,15,106,30,43.3,-69.083333,0,0,0,0,0,"AL",0.038
"5294",513,"199202.319.1380.4","NMFS",1992,4,15,106,30,43.4,-69.3,0,0,0,0,0,"AL",0.038
"5295",513,"199202.321.1400.1","NMFS",1992,4,16,107,30,43.6,-69.85,2,2,0,2,0,"AL",0.038
"5296",521,"199302.176.1250.2","NMFS",1993,4,6,96,30,41.45,-69.583333,1,0,1,0,1,"AL",0.038
"5297",521,"199302.177.1250.1","NMFS",1993,4,6,96,30,41.366667,-69.466667,0,0,0,0,0,"AL",0.038
"5298",521,"199302.178.1240.1","NMFS",1993,4,6,96,30,41.633333,-69.216667,4,3,1,4,0,"AL",0.038
"5299",521,"199302.179.1240.2","NMFS",1993,4,6,96,30,41.8,-68.883333,0,0,0,0,0,"AL",0.038
"5300",522,"199302.180.1240.5","NMFS",1993,4,6,96,30,41.75,-68.633333,0,0,0,0,0,"AL",0.038
"5301",522,"199302.181.1220.2","NMFS",1993,4,6,96,30,41.8,-68.35,0,0,0,0,0,"AL",0.038
"5302",522,"199302.182.1210.2","NMFS",1993,4,6,96,30,41.75,-68.283333,0,0,0,0,0,"AL",0.038
"5303",522,"199302.183.1220.4","NMFS",1993,4,6,96,30,41.916667,-68.15,0,0,0,0,0,"AL",0.038
"5304",522,"199302.184.1200.3","NMFS",1993,4,6,96,30,41.633333,-68.133333,1,0,1,1,0,"AL",0.038
"5305",522,"199302.185.1200.2","NMFS",1993,4,6,96,20,41.55,-68.016667,0,0,0,0,0,"AL",0.038
"5306",522,"199302.186.1200.5","NMFS",1993,4,7,97,30,41.466667,-68.016667,0,0,0,0,0,"AL",0.038
"5307",522,"199302.187.1190.3","NMFS",1993,4,7,97,28,41.4,-68.05,0,0,0,0,0,"AL",0.038
"5308",522,"199302.188.1190.7","NMFS",1993,4,7,97,30,41.516667,-67.716667,0,0,0,0,0,"AL",0.038
"5309",525,"199302.189.1190.6","NMFS",1993,4,7,97,30,41.2,-68.033333,0,0,0,0,0,"AL",0.038
"5310",522,"199302.190.1190.5","NMFS",1993,4,7,97,30,41.2,-68.2,0,0,0,0,0,"AL",0.038
"5311",522,"199302.191.1200.1","NMFS",1993,4,7,97,30,41.3,-68.333333,0,0,0,0,0,"AL",0.038
"5312",522,"199302.192.1230.4","NMFS",1993,4,7,97,30,41.316667,-68.55,0,0,0,0,0,"AL",0.038
"5313",522,"199302.193.1230.1","NMFS",1993,4,7,97,30,41.45,-68.583333,0,0,0,0,0,"AL",0.038
"5314",521,"199302.194.1240.3","NMFS",1993,4,7,97,30,41.333333,-68.95,0,0,0,0,0,"AL",0.038
"5315",522,"199302.195.1230.2","NMFS",1993,4,7,97,30,41.15,-68.6,0,0,0,0,0,"AL",0.038
"5316",522,"199302.196.1230.3","NMFS",1993,4,7,97,30,41.166667,-68.8,0,0,0,0,0,"AL",0.038
"5317",521,"199302.197.1230.5","NMFS",1993,4,8,98,30,41.116667,-69,0,0,0,0,0,"AL",0.038
"5318",521,"199302.198.1230.6","NMFS",1993,4,8,98,30,41.116667,-69.166667,0,0,0,0,0,"AL",0.038
"5319",521,"199302.199.1250.3","NMFS",1993,4,8,98,30,41.016667,-69.25,0,0,0,0,0,"AL",0.038
"5320",521,"199302.200.3550.3","NMFS",1993,4,8,98,30,41.033333,-69.4,1,0,1,1,0,"AL",0.038
"5321",526,"199302.201.3550.1","NMFS",1993,4,8,98,30,41.033333,-69.533333,0,0,0,0,0,"AL",0.038
"5322",526,"199302.202.3550.5","NMFS",1993,4,8,98,29.2,41.133333,-69.6,0,0,0,0,0,"AL",0.038
"5323",526,"199302.203.3550.2","NMFS",1993,4,8,98,30,41,-69.716667,0,0,0,0,0,"AL",0.038
"5324",526,"199302.204.1090.4","NMFS",1993,4,8,98,30,40.566667,-69.4,0,0,0,0,0,"AL",0.038
"5325",526,"199302.205.1100.7","NMFS",1993,4,9,99,30,40.483333,-69.133333,0,0,0,0,0,"AL",0.038
"5326",526,"199302.206.1100.3","NMFS",1993,4,9,99,30,40.383333,-69,0,0,0,0,0,"AL",0.038
"5327",526,"199302.207.1100.4","NMFS",1993,4,9,99,30,40.433333,-69.4,4,1,3,4,0,"AL",0.038
"5328",526,"199302.208.1100.6","NMFS",1993,4,9,99,30,40.483333,-69.666667,20,7,13,19,1,"AL",0.038
"5329",526,"199302.209.1100.1","NMFS",1993,4,9,99,30,40.283333,-69.416667,2,0,2,2,0,"AL",0.038
"5330",526,"199302.210.1100.5","NMFS",1993,4,9,99,30,40.083333,-69.4,0,0,0,0,0,"AL",0.038
"5331",525,"199302.212.1140.3","NMFS",1993,4,9,99,30,40.2,-68.733333,0,0,0,0,0,"AL",0.038
"5332",525,"199302.213.1140.2","NMFS",1993,4,9,99,30,40.333333,-68.283333,0,0,0,0,0,"AL",0.038
"5333",525,"199302.214.1130.1","NMFS",1993,4,10,100,30,40.516667,-68.383333,0,0,0,0,0,"AL",0.038
"5334",525,"199302.215.1190.1","NMFS",1993,4,10,100,30,40.766667,-68.583333,4,1,3,4,0,"AL",0.038
"5335",525,"199302.216.1190.9","NMFS",1993,4,10,100,30,40.766667,-68.433333,0,0,0,0,0,"AL",0.038
"5336",525,"199302.217.1190.4","NMFS",1993,4,10,100,30,40.95,-68.35,0,0,0,0,0,"AL",0.038
"5337",525,"199302.218.1130.7","NMFS",1993,4,10,100,30,40.85,-68.066667,0,0,0,0,0,"AL",0.038
"5338",525,"199302.219.1130.2","NMFS",1993,4,10,100,30,40.616667,-67.833333,0,0,0,0,0,"AL",0.038
"5339",525,"199302.220.1140.1","NMFS",1993,4,10,100,30,40.483333,-67.5,0,0,0,0,0,"AL",0.038
"5340",525,"199302.221.1130.5","NMFS",1993,4,10,100,30,40.766667,-67.4,0,0,0,0,0,"AL",0.038
"5341",525,"199302.222.1130.3","NMFS",1993,4,10,100,30,40.966667,-67.666667,0,0,0,0,0,"AL",0.038
"5342",525,"199302.223.1130.8","NMFS",1993,4,10,100,30,40.983333,-67.433333,0,0,0,0,0,"AL",0.038
"5343",525,"199302.224.1130.9","NMFS",1993,4,11,101,30,41.083333,-67.433333,0,0,0,0,0,"AL",0.038
"5344",562,"199302.225.1160.9","NMFS",1993,4,11,101,30,41.166667,-67.133333,0,0,0,0,0,"AL",0.038
"5345",562,"199302.226.1160.3","NMFS",1993,4,11,101,30,41.15,-67.033333,0,0,0,0,0,"AL",0.038
"5346",562,"199302.227.1130.6","NMFS",1993,4,11,101,30,40.883333,-66.95,0,0,0,0,0,"AL",0.038
"5347",562,"199302.228.1160.8","NMFS",1993,4,11,101,30,40.9,-66.866667,0,0,0,0,0,"AL",0.038
"5348",525,"199302.229.1130.4","NMFS",1993,4,11,101,30,40.816667,-66.916667,0,0,0,0,0,"AL",0.038
"5349",562,"199302.230.1150.1","NMFS",1993,4,11,101,30,40.75,-66.766667,3,1,2,3,0,"AL",0.038
"5350",562,"199302.231.1160.5","NMFS",1993,4,12,102,30,41.333333,-66.866667,1,0,1,1,0,"AL",0.038
"5351",562,"199302.232.1190.8","NMFS",1993,4,12,102,30,41.466667,-67.2,1,1,0,1,0,"AL",0.038
"5352",562,"199302.233.1160.4","NMFS",1993,4,12,102,30,41.583333,-66.933333,0,0,0,0,0,"AL",0.038
"5353",562,"199302.234.1160.6","NMFS",1993,4,12,102,30,41.6,-67.083333,0,0,0,0,0,"AL",0.038
"5354",551,"199302.235.1160.2","NMFS",1993,4,12,102,30,41.866667,-66.866667,2,1,1,2,0,"AL",0.038
"5355",464,"199302.236.1300.1","NMFS",1993,4,13,103,30,42.55,-67.283333,1,1,0,1,0,"AL",0.038
"5356",551,"199302.238.1290.6","NMFS",1993,4,13,103,30,42.233333,-67.033333,0,0,0,0,0,"AL",0.038
"5357",551,"199302.239.1210.1","NMFS",1993,4,13,103,30,42.15,-66.75,0,0,0,0,0,"AL",0.038
"5358",551,"199302.240.1220.1","NMFS",1993,4,13,103,30,42.183333,-66.6,2,0,2,2,0,"AL",0.038
"5359",551,"199302.241.1210.4","NMFS",1993,4,14,104,30,42.1,-66.433333,1,1,0,1,0,"AL",0.038
"5360",551,"199302.242.1210.3","NMFS",1993,4,14,104,30,42.116667,-66.316667,0,0,0,0,0,"AL",0.038
"5361",551,"199302.243.1220.3","NMFS",1993,4,14,104,30,42.083333,-65.983333,0,0,0,0,0,"AL",0.038
"5362",551,"199302.244.1170.3","NMFS",1993,4,14,104,30,42,-65.933333,0,0,0,0,0,"AL",0.038
"5363",552,"199302.245.1170.1","NMFS",1993,4,14,104,30,41.783333,-65.85,1,1,0,1,0,"AL",0.038
"5364",552,"199302.246.1160.10","NMFS",1993,4,14,104,30,41.716667,-66,0,0,0,0,0,"AL",0.038
"5365",552,"199302.247.1180.1","NMFS",1993,4,14,104,30,41.416667,-66,0,0,0,0,0,"AL",0.038
"5366",552,"199302.248.1170.2","NMFS",1993,4,15,105,30,41.35,-66.25,1,0,1,1,0,"AL",0.038
"5367",552,"199302.249.1160.7","NMFS",1993,4,15,105,30,41.55,-66.583333,0,0,0,0,0,"AL",0.038
"5368",552,"199302.250.1160.1","NMFS",1993,4,15,105,30,41.6,-66.533333,0,0,0,0,0,"AL",0.038
"5369",561,"199302.251.1190.2","NMFS",1993,4,15,105,30,42,-67.116667,0,0,0,0,0,"AL",0.038
"5370",561,"199302.252.1200.4","NMFS",1993,4,15,105,30,41.916667,-67.4,1,0,1,0,1,"AL",0.038
"5371",561,"199302.253.1200.6","NMFS",1993,4,15,105,30,42,-67.616667,0,0,0,0,0,"AL",0.038
"5372",522,"199302.254.1290.8","NMFS",1993,4,15,105,30,42.25,-68,0,0,0,0,0,"AL",0.038
"5373",521,"199302.255.1240.6","NMFS",1993,4,15,105,30,42.25,-68.866667,0,0,0,0,0,"AL",0.038
"5374",521,"199302.256.1240.4","NMFS",1993,4,15,105,30,42.2,-69.05,0,0,0,0,0,"AL",0.038
"5375",514,"199302.257.3580.1","NMFS",1993,4,20,110,30,41.816667,-70.483333,7,6,1,4,3,"AL",0.038
"5376",514,"199302.258.3600.1","NMFS",1993,4,20,110,30,41.9,-70.416667,5,3,2,4,1,"AL",0.038
"5377",514,"199302.259.3590.1","NMFS",1993,4,20,110,30,41.966667,-70.15,1,0,1,1,0,"AL",0.038
"5378",514,"199302.260.3610.2","NMFS",1993,4,20,110,30,42.016667,-70.233333,2,1,1,2,0,"AL",0.038
"5379",514,"199302.261.3600.2","NMFS",1993,4,21,111,30,42.016667,-70.516667,7,2,5,7,0,"AL",0.038
"5380",514,"199302.262.3610.1","NMFS",1993,4,21,111,30,42.15,-70.5,31,14,17,31,0,"AL",0.038
"5381",514,"199302.263.1260.1","NMFS",1993,4,21,111,30,42.166667,-70.366667,5,4,1,5,0,"AL",0.038
"5382",514,"199302.264.1260.3","NMFS",1993,4,21,111,30,42.25,-70.25,0,0,0,0,0,"AL",0.038
"5383",514,"199302.265.1260.4","NMFS",1993,4,21,111,30,42.55,-70.233333,0,0,0,0,0,"AL",0.038
"5384",514,"199302.266.1280.7","NMFS",1993,4,21,111,30,42.533333,-69.883333,0,0,0,0,0,"AL",0.038
"5385",514,"199302.267.1270.4","NMFS",1993,4,21,111,30,42.516667,-69.916667,1,1,0,1,0,"AL",0.038
"5386",514,"199302.268.1270.1","NMFS",1993,4,21,111,30,42.416667,-69.95,1,1,0,1,0,"AL",0.038
"5387",521,"199302.269.3560.1","NMFS",1993,4,21,111,28,41.966667,-69.966667,0,0,0,0,0,"AL",0.038
"5388",521,"199302.270.1280.5","NMFS",1993,4,21,111,30,41.966667,-69.583333,0,0,0,0,0,"AL",0.038
"5389",515,"199302.271.1280.4","NMFS",1993,4,22,112,30,42.4,-69.433333,0,0,0,0,0,"AL",0.038
"5390",515,"199302.272.1280.3","NMFS",1993,4,22,112,30,42.583333,-69.5,0,0,0,0,0,"AL",0.038
"5391",515,"199302.273.1280.2","NMFS",1993,4,22,112,30,42.616667,-69.466667,1,1,0,1,0,"AL",0.038
"5392",515,"199302.274.1280.6","NMFS",1993,4,22,112,30,42.683333,-69.4,0,0,0,0,0,"AL",0.038
"5393",515,"199302.275.1370.4","NMFS",1993,4,22,112,30,42.783333,-69,0,0,0,0,0,"AL",0.038
"5394",515,"199302.276.1370.2","NMFS",1993,4,22,112,30,42.75,-68.616667,0,0,0,0,0,"AL",0.038
"5395",515,"199302.277.1280.1","NMFS",1993,4,22,112,30,42.5,-68.566667,0,0,0,0,0,"AL",0.038
"5396",515,"199302.278.1290.4","NMFS",1993,4,22,112,30,42.583333,-68.25,0,0,0,0,0,"AL",0.038
"5397",515,"199302.279.1290.7","NMFS",1993,4,22,112,30,42.45,-68.1,0,0,0,0,0,"AL",0.038
"5398",515,"199302.280.1290.3","NMFS",1993,4,22,112,30,42.55,-67.85,0,0,0,0,0,"AL",0.038
"5399",464,"199302.281.1290.1","NMFS",1993,4,23,113,30,42.533333,-67.583333,0,0,0,0,0,"AL",0.038
"5400",551,"199302.282.1300.3","NMFS",1993,4,23,113,30,42.316667,-66.683333,1,1,0,1,0,"AL",0.038
"5401",464,"199302.283.1290.2","NMFS",1993,4,23,113,30,42.4,-66.45,1,1,0,1,0,"AL",0.038
"5402",464,"199302.284.1290.5","NMFS",1993,4,23,113,30,42.75,-67.116667,0,0,0,0,0,"AL",0.038
"5403",464,"199302.285.1360.4","NMFS",1993,4,23,113,30,42.883333,-66.816667,0,0,0,0,0,"AL",0.038
"5404",464,"199302.286.1360.3","NMFS",1993,4,23,113,30,42.95,-67,1,1,0,1,0,"AL",0.038
"5405",465,"199302.287.1340.6","NMFS",1993,4,24,114,30,43.4,-66.816667,1,1,0,1,0,"AL",0.038
"5406",465,"199302.288.1340.2","NMFS",1993,4,24,114,30,43.383333,-66.716667,1,0,1,1,0,"AL",0.038
"5407",465,"199302.290.1330.5","NMFS",1993,4,24,114,30,43.4,-66.5,4,2,2,3,1,"AL",0.038
"5408",465,"199302.292.1330.2","NMFS",1993,4,24,114,30,43.466667,-66.3,15,8,7,15,0,"AL",0.038
"5409",465,"199302.293.1330.3","NMFS",1993,4,25,115,30,43.55,-66.466667,9,5,4,8,1,"AL",0.038
"5410",465,"199302.294.1340.4","NMFS",1993,4,25,115,30,43.683333,-66.9,11,10,1,11,0,"AL",0.038
"5411",465,"199302.295.1340.3","NMFS",1993,4,25,115,30,43.683333,-67.066667,0,0,0,0,0,"AL",0.038
"5412",465,"199302.296.1340.5","NMFS",1993,4,25,115,30,43.7,-67.283333,0,0,0,0,0,"AL",0.038
"5413",511,"199302.297.1340.1","NMFS",1993,4,25,115,30,43.9,-67.233333,0,0,0,0,0,"AL",0.038
"5414",511,"199302.298.1351.2","NMFS",1993,4,25,115,30,44.1,-66.95,1,1,0,1,0,"AL",0.038
"5415",466,"199302.299.1351.1","NMFS",1993,4,25,115,30,44.283333,-66.8,0,0,0,0,0,"AL",0.038
"5416",511,"199302.300.1390.2","NMFS",1993,4,25,115,30,44.316667,-67.633333,0,0,0,0,0,"AL",0.038
"5417",512,"199302.301.1390.3","NMFS",1993,4,26,116,30,44.133333,-68.066667,0,0,0,0,0,"AL",0.038
"5418",512,"199302.302.1390.4","NMFS",1993,4,26,116,30,44.1,-68.083333,0,0,0,0,0,"AL",0.038
"5419",512,"199302.303.1380.5","NMFS",1993,4,26,116,30,43.9,-68.216667,1,1,0,1,0,"AL",0.038
"5420",512,"199302.304.1360.1","NMFS",1993,4,26,116,30,43.45,-68.183333,0,0,0,0,0,"AL",0.038
"5421",515,"199302.305.1360.6","NMFS",1993,4,26,116,30,43.283333,-67.733333,0,0,0,0,0,"AL",0.038
"5422",465,"199302.306.1360.2","NMFS",1993,4,26,116,30,43.4,-67.433333,0,0,0,0,0,"AL",0.038
"5423",465,"199302.307.1360.7","NMFS",1993,4,27,117,30,43.033333,-67.383333,0,0,0,0,0,"AL",0.038
"5424",464,"199302.308.1360.5","NMFS",1993,4,27,117,30,42.95,-67.45,2,2,0,2,0,"AL",0.038
"5425",515,"199302.309.1360.8","NMFS",1993,4,27,117,30,43.133333,-68.25,1,0,1,1,0,"AL",0.038
"5426",515,"199302.310.1370.5","NMFS",1993,4,27,117,30,43.016667,-68.533333,0,0,0,0,0,"AL",0.038
"5427",512,"199302.311.1380.2","NMFS",1993,4,27,117,30,43.383333,-68.75,0,0,0,0,0,"AL",0.038
"5428",513,"199302.313.1380.4","NMFS",1993,4,28,118,30,43.616667,-69.05,2,1,1,2,0,"AL",0.038
"5429",513,"199302.314.1370.3","NMFS",1993,4,28,118,30,43.233333,-69.25,0,0,0,0,0,"AL",0.038
"5430",513,"199302.315.1380.3","NMFS",1993,4,28,118,30,43.366667,-69.416667,0,0,0,0,0,"AL",0.038
"5431",513,"199302.316.1380.1","NMFS",1993,4,28,118,30,43.45,-69.516667,0,0,0,0,0,"AL",0.038
"5432",513,"199302.317.1400.3","NMFS",1993,4,28,118,30,43.6,-69.666667,1,1,0,1,0,"AL",0.038
"5433",513,"199302.318.1400.1","NMFS",1993,4,28,118,27,43.483333,-70.083333,0,0,0,0,0,"AL",0.038
"5434",513,"199302.319.1400.2","NMFS",1993,4,28,118,30,43.283333,-70.2,2,1,1,2,0,"AL",0.038
"5435",513,"199302.320.1370.1","NMFS",1993,4,29,119,30,43.05,-69.75,0,0,0,0,0,"AL",0.038
"5436",513,"199302.321.1270.3","NMFS",1993,4,29,119,30,43.05,-69.983333,0,0,0,0,0,"AL",0.038
"5437",513,"199302.322.1260.2","NMFS",1993,4,29,119,25,43,-70.016667,0,0,0,0,0,"AL",0.038
"5438",514,"199302.323.1270.2","NMFS",1993,4,29,119,30,42.816667,-70,0,0,0,0,0,"AL",0.038
"5439",514,"199302.324.3650.1","NMFS",1993,4,29,119,30,42.816667,-70.7,2,1,1,2,0,"AL",0.038
"5440",514,"199302.325.3660.1","NMFS",1993,4,29,119,30,42.716667,-70.583333,11,3,8,11,0,"AL",0.038
"5441",514,"199302.326.3660.2","NMFS",1993,4,29,119,30,42.633333,-70.45,1,0,1,1,0,"AL",0.038
"5442",514,"199302.327.1260.5","NMFS",1993,4,29,119,30,42.566667,-70.416667,2,1,1,2,0,"AL",0.038
"5443",514,"199302.328.3660.3","NMFS",1993,4,29,119,30,42.516667,-70.733333,4,2,2,4,0,"AL",0.038
"5444",514,"199302.330.3630.1","NMFS",1993,4,30,120,22,42.3,-70.816667,35,17,18,25,10,"AL",0.038
"5445",526,"199402.174.1090.1","NMFS",1994,4,5,95,30,40.7,-69.983333,0,0,0,0,0,"DE",0.038
"5446",526,"199402.175.1090.4","NMFS",1994,4,5,95,30,40.666667,-69.933333,0,0,0,0,0,"DE",0.038
"5447",526,"199402.176.1090.5","NMFS",1994,4,5,95,30,40.633333,-69.633333,1,0,1,1,0,"DE",0.038
"5448",526,"199402.181.1100.2","NMFS",1994,4,6,96,30,40.066667,-69.55,0,0,0,0,0,"DE",0.038
"5449",526,"199402.182.1100.8","NMFS",1994,4,6,96,30,40.183333,-69.516667,0,0,0,0,0,"DE",0.038
"5450",526,"199402.183.1100.6","NMFS",1994,4,6,96,30,40.383333,-69.45,0,0,0,0,0,"DE",0.038
"5451",526,"199402.184.1100.4","NMFS",1994,4,6,96,30,40.516667,-69.066667,0,0,0,0,0,"DE",0.038
"5452",526,"199402.185.1100.1","NMFS",1994,4,6,96,30,40.583333,-69,0,0,0,0,0,"DE",0.038
"5453",525,"199402.186.1130.6","NMFS",1994,4,6,96,30,40.416667,-68.666667,0,0,0,0,0,"DE",0.038
"5454",525,"199402.187.1100.3","NMFS",1994,4,6,96,30,40.416667,-68.833333,0,0,0,0,0,"DE",0.038
"5455",526,"199402.188.1100.5","NMFS",1994,4,6,96,30,40.316667,-68.883333,0,0,0,0,0,"DE",0.038
"5456",526,"199402.189.1110.1","NMFS",1994,4,6,96,30,40.133333,-68.916667,0,0,0,0,0,"DE",0.038
"5457",525,"199402.190.1140.2","NMFS",1994,4,6,96,30,40.35,-68.383333,0,0,0,0,0,"DE",0.038
"5458",525,"199402.191.1130.8","NMFS",1994,4,7,97,30,40.45,-68.35,0,0,0,0,0,"DE",0.038
"5459",525,"199402.192.1130.7","NMFS",1994,4,7,97,30,40.533333,-68.416667,0,0,0,0,0,"DE",0.038
"5460",525,"199402.193.1190.5","NMFS",1994,4,7,97,30,40.8,-68.216667,0,0,0,0,0,"DE",0.038
"5461",525,"199402.194.1190.4","NMFS",1994,4,7,97,30,40.916667,-68.2,0,0,0,0,0,"DE",0.038
"5462",525,"199402.196.1130.2","NMFS",1994,4,7,97,30,40.566667,-67.75,0,0,0,0,0,"DE",0.038
"5463",525,"199402.197.1150.1","NMFS",1994,4,7,97,30,40.416667,-67.466667,0,0,0,0,0,"DE",0.038
"5464",525,"199402.198.1140.1","NMFS",1994,4,7,97,30,40.6,-67.2,0,0,0,0,0,"DE",0.038
"5465",525,"199402.199.1130.9","NMFS",1994,4,7,97,30,40.683333,-67.35,0,0,0,0,0,"DE",0.038
"5466",525,"199402.200.1130.3","NMFS",1994,4,7,97,30,40.916667,-67.35,0,0,0,0,0,"DE",0.038
"5467",525,"199402.201.1130.4","NMFS",1994,4,7,97,30,41.083333,-67.2,0,0,0,0,0,"DE",0.038
"5468",562,"199402.202.1130.5","NMFS",1994,4,8,98,30,40.866667,-66.916667,0,0,0,0,0,"DE",0.038
"5469",562,"199402.203.1140.3","NMFS",1994,4,8,98,30,40.766667,-66.816667,0,0,0,0,0,"DE",0.038
"5470",562,"199402.204.1160.4","NMFS",1994,4,8,98,30,40.95,-66.716667,0,0,0,0,0,"DE",0.038
"5471",562,"199402.205.1160.9","NMFS",1994,4,8,98,30,41.083333,-66.616667,0,0,0,0,0,"DE",0.038
"5472",562,"199402.206.1180.1","NMFS",1994,4,8,98,30,41.1,-66.366667,0,0,0,0,0,"DE",0.038
"5473",562,"199402.207.1170.3","NMFS",1994,4,8,98,30,41.15,-66.4,0,0,0,0,0,"DE",0.038
"5474",562,"199402.208.1160.5","NMFS",1994,4,8,98,30,41.383333,-66.833333,0,0,0,0,0,"DE",0.038
"5475",562,"199402.209.1160.1","NMFS",1994,4,8,98,30,41.483333,-66.883333,0,0,0,0,0,"DE",0.038
"5476",562,"199402.210.1160.10","NMFS",1994,4,8,98,30,41.45,-67,0,0,0,0,0,"DE",0.038
"5477",562,"199402.211.1160.8","NMFS",1994,4,9,99,30,41.35,-67.016667,0,0,0,0,0,"DE",0.038
"5478",562,"199402.212.1190.8","NMFS",1994,4,9,99,30,41.583333,-67.266667,1,0,1,1,0,"DE",0.038
"5479",562,"199402.213.1190.7","NMFS",1994,4,9,99,30,41.55,-67.5,0,0,0,0,0,"DE",0.038
"5480",562,"199402.214.1190.9","NMFS",1994,4,9,99,30,41.633333,-67.433333,0,0,0,0,0,"DE",0.038
"5481",562,"199402.215.1190.1","NMFS",1994,4,9,99,30,41.716667,-67.45,2,2,0,2,0,"DE",0.038
"5482",562,"199402.216.1190.6","NMFS",1994,4,9,99,30,41.733333,-67.033333,0,0,0,0,0,"DE",0.038
"5483",561,"199402.217.1190.3","NMFS",1994,4,9,99,30,41.966667,-67.05,0,0,0,0,0,"DE",0.038
"5484",561,"199402.218.1210.3","NMFS",1994,4,9,99,30,42.133333,-67.15,0,0,0,0,0,"DE",0.038
"5485",551,"199402.219.1210.4","NMFS",1994,4,9,99,30,42.15,-66.8,0,0,0,0,0,"DE",0.038
"5486",552,"199402.221.1160.3","NMFS",1994,4,9,99,30,41.816667,-66.4,0,0,0,0,0,"DE",0.038
"5487",552,"199402.222.1160.2","NMFS",1994,4,9,99,30,41.733333,-66.416667,0,0,0,0,0,"DE",0.038
"5488",552,"199402.223.1160.7","NMFS",1994,4,10,100,30,41.533333,-66.25,0,0,0,0,0,"DE",0.038
"5489",552,"199402.224.1160.6","NMFS",1994,4,10,100,30,41.383333,-66.316667,0,0,0,0,0,"DE",0.038
"5490",552,"199402.225.1170.2","NMFS",1994,4,10,100,30,41.483333,-66.066667,0,0,0,0,0,"DE",0.038
"5491",552,"199402.226.1170.1","NMFS",1994,4,10,100,30,41.65,-65.866667,1,1,0,1,0,"DE",0.038
"5492",551,"199402.227.1210.1","NMFS",1994,4,10,100,30,42.083333,-66.166667,0,0,0,0,0,"DE",0.038
"5493",551,"199402.228.1220.2","NMFS",1994,4,10,100,30,42.15,-66.4,0,0,0,0,0,"DE",0.038
"5494",551,"199402.229.1290.5","NMFS",1994,4,10,100,30,42.266667,-66.4,0,0,0,0,0,"DE",0.038
"5495",551,"199402.230.1290.8","NMFS",1994,4,10,100,30,42.266667,-66.316667,0,0,0,0,0,"DE",0.038
"5496",551,"199402.231.1290.7","NMFS",1994,4,10,100,30,42.283333,-66.133333,1,1,0,1,0,"DE",0.038
"5497",464,"199402.232.1290.2","NMFS",1994,4,10,100,30,42.433333,-66.3,0,0,0,0,0,"DE",0.038
"5498",464,"199402.233.1290.4","NMFS",1994,4,10,100,30,42.55,-66.533333,1,1,0,1,0,"DE",0.038
"5499",551,"199402.234.1300.2","NMFS",1994,4,11,101,30,42.3,-67.066667,4,4,0,4,0,"DE",0.038
"5500",464,"199402.235.1300.1","NMFS",1994,4,11,101,30,42.383333,-67.316667,8,6,2,8,0,"DE",0.038
"5501",561,"199402.236.1300.3","NMFS",1994,4,11,101,30,42.333333,-67.483333,12,9,3,12,0,"DE",0.038
"5502",522,"199402.237.1220.3","NMFS",1994,4,11,101,30,42.133333,-67.716667,0,0,0,0,0,"DE",0.038
"5503",522,"199402.238.1290.6","NMFS",1994,4,11,101,30,42.283333,-68.016667,0,0,0,0,0,"DE",0.038
"5504",522,"199402.239.1290.3","NMFS",1994,4,11,101,30,42.166667,-68.1,0,0,0,0,0,"DE",0.038
"5505",522,"199402.240.1220.1","NMFS",1994,4,11,101,30,41.933333,-68.05,0,0,0,0,0,"DE",0.038
"5506",522,"199402.241.1290.1","NMFS",1994,4,11,101,30,41.833333,-68.4,2,2,0,2,0,"DE",0.038
"5507",522,"199402.242.1220.4","NMFS",1994,4,12,102,30,41.866667,-68.133333,0,0,0,0,0,"DE",0.038
"5508",522,"199402.243.1210.2","NMFS",1994,4,12,102,30,41.833333,-68.016667,0,0,0,0,0,"DE",0.038
"5509",522,"199402.244.1200.1","NMFS",1994,4,12,102,30,41.783333,-67.9,2,2,0,2,0,"DE",0.038
"5510",522,"199402.245.1200.3","NMFS",1994,4,12,102,30,41.75,-67.95,1,0,1,1,0,"DE",0.038
"5511",522,"199402.246.1200.6","NMFS",1994,4,12,102,30,41.733333,-68.116667,0,0,0,0,0,"DE",0.038
"5512",522,"199402.247.1200.2","NMFS",1994,4,12,102,30,41.633333,-68.066667,0,0,0,0,0,"DE",0.038
"5513",522,"199402.248.1200.4","NMFS",1994,4,12,102,30,41.566667,-68.216667,0,0,0,0,0,"DE",0.038
"5514",525,"199402.249.1190.2","NMFS",1994,4,12,102,30,41.2,-68.083333,0,0,0,0,0,"DE",0.038
"5515",522,"199402.250.1200.5","NMFS",1994,4,12,102,30,41.15,-68.533333,0,0,0,0,0,"DE",0.038
"5516",525,"199402.251.1130.1","NMFS",1994,4,12,102,30,40.883333,-68.766667,0,0,0,0,0,"DE",0.038
"5517",522,"199402.252.1230.5","NMFS",1994,4,12,102,30,41.083333,-68.833333,0,0,0,0,0,"DE",0.038
"5518",521,"199402.253.1240.3","NMFS",1994,4,12,102,30,41.216667,-69.05,0,0,0,0,0,"DE",0.038
"5519",526,"199402.256.3550.1","NMFS",1994,4,13,103,28,41.1,-69.5,0,0,0,0,0,"DE",0.038
"5520",526,"199402.257.3550.4","NMFS",1994,4,13,103,30,41.033333,-69.616667,0,0,0,0,0,"DE",0.038
"5521",526,"199402.258.3550.5","NMFS",1994,4,13,103,30,41.083333,-69.65,0,0,0,0,0,"DE",0.038
"5522",526,"199402.259.3550.2","NMFS",1994,4,13,103,30,41.133333,-69.583333,0,0,0,0,0,"DE",0.038
"5523",521,"199402.260.3550.3","NMFS",1994,4,13,103,30,41.216667,-69.5,0,0,0,0,0,"DE",0.038
"5524",521,"199402.261.1250.3","NMFS",1994,4,13,103,29,41.383333,-69.433333,0,0,0,0,0,"DE",0.038
"5525",521,"199402.262.1240.4","NMFS",1994,4,13,103,30,41.5,-69.016667,0,0,0,0,0,"DE",0.038
"5526",522,"199402.263.1240.1","NMFS",1994,4,13,103,30,41.466667,-68.8,0,0,0,0,0,"DE",0.038
"5527",522,"199402.264.1230.3","NMFS",1994,4,13,103,30,41.366667,-68.65,0,0,0,0,0,"DE",0.038
"5528",522,"199402.265.1240.2","NMFS",1994,4,13,103,30,41.583333,-68.766667,0,0,0,0,0,"DE",0.038
"5529",521,"199402.266.1240.6","NMFS",1994,4,14,104,30,41.7,-69.216667,0,0,0,0,0,"DE",0.038
"5530",521,"199402.268.1250.1","NMFS",1994,4,14,104,30,41.5,-69.65,5,1,4,5,0,"DE",0.038
"5531",521,"199402.269.1230.2","NMFS",1994,4,14,104,30,41.633333,-69.616667,0,0,0,0,0,"DE",0.038
"5532",521,"199402.270.1230.1","NMFS",1994,4,14,104,30,41.8,-69.816667,3,0,3,3,0,"DE",0.038
"5533",521,"199402.271.1250.2","NMFS",1994,4,14,104,30,41.833333,-69.85,1,1,0,1,0,"DE",0.038
"5534",521,"199402.272.3560.1","NMFS",1994,4,14,104,30,41.883333,-69.933333,2,1,1,2,0,"DE",0.038
"5535",521,"199402.273.3610.1","NMFS",1994,4,14,104,29,42.033333,-69.95,0,0,0,0,0,"DE",0.038
"5536",514,"199402.274.1260.5","NMFS",1994,4,14,104,30,42.1,-70.016667,0,0,0,0,0,"DE",0.038
"5537",521,"199402.275.1270.5","NMFS",1994,4,14,104,30,42.166667,-69.816667,0,0,0,0,0,"DE",0.038
"5538",521,"199402.276.1280.2","NMFS",1994,4,14,104,30,42.133333,-69.45,0,0,0,0,0,"DE",0.038
"5539",521,"199402.277.1280.1","NMFS",1994,4,14,104,30,42,-69.483333,0,0,0,0,0,"DE",0.038
"5540",514,"199402.278.3590.1","NMFS",1994,4,20,110,30,41.8,-70.366667,1,0,1,1,0,"DE",0.038
"5541",514,"199402.279.3580.1","NMFS",1994,4,20,110,30,41.85,-70.183333,0,0,0,0,0,"DE",0.038
"5542",514,"199402.280.3600.2","NMFS",1994,4,20,110,30,41.966667,-70.216667,2,0,2,2,0,"DE",0.038
"5543",514,"199402.281.3610.2","NMFS",1994,4,20,110,30,42.05,-70.283333,4,3,1,4,0,"DE",0.038
"5544",514,"199402.282.3600.1","NMFS",1994,4,20,110,30,42.15,-70.516667,9,4,5,9,0,"DE",0.038
"5545",514,"199402.283.1260.3","NMFS",1994,4,21,111,30,42.183333,-70.433333,3,1,2,3,0,"DE",0.038
"5546",514,"199402.284.1270.3","NMFS",1994,4,21,111,30,42.416667,-69.966667,0,0,0,0,0,"DE",0.038
"5547",514,"199402.285.1260.1","NMFS",1994,4,21,111,30,42.4,-70.216667,0,0,0,0,0,"DE",0.038
"5548",514,"199402.287.1260.6","NMFS",1994,4,21,111,30,42.633333,-70.266667,0,0,0,0,0,"DE",0.038
"5549",514,"199402.288.1270.2","NMFS",1994,4,21,111,30,42.783333,-70.066667,1,0,1,1,0,"DE",0.038
"5550",514,"199402.289.1280.3","NMFS",1994,4,21,111,30,42.766667,-69.683333,0,0,0,0,0,"DE",0.038
"5551",514,"199402.290.1280.6","NMFS",1994,4,21,111,30,42.6,-69.733333,0,0,0,0,0,"DE",0.038
"5552",515,"199402.291.1280.7","NMFS",1994,4,21,111,30.6,42.4,-69.633333,0,0,0,0,0,"DE",0.038
"5553",515,"199402.292.1370.5","NMFS",1994,4,21,111,30,42.683333,-69.216667,0,0,0,0,0,"DE",0.038
"5554",521,"199402.293.1240.5","NMFS",1994,4,22,112,30,42.1,-68.866667,0,0,0,0,0,"DE",0.038
"5555",515,"199402.294.1280.4","NMFS",1994,4,22,112,30,42.416667,-68.633333,0,0,0,0,0,"DE",0.038
"5556",515,"199402.295.1360.2","NMFS",1994,4,22,112,30,42.766667,-68.416667,0,0,0,0,0,"DE",0.038
"5557",515,"199402.296.1360.4","NMFS",1994,4,22,112,30,43.116667,-68.333333,1,1,0,1,0,"DE",0.038
"5558",515,"199402.297.1360.1","NMFS",1994,4,22,112,30,43.116667,-67.833333,0,0,0,0,0,"DE",0.038
"5559",515,"199402.298.1360.6","NMFS",1994,4,22,112,30,42.85,-67.816667,3,3,0,3,0,"DE",0.038
"5560",465,"199402.299.1360.7","NMFS",1994,4,22,112,30,43.05,-67.1,1,1,0,1,0,"DE",0.038
"5561",464,"199402.300.1360.5","NMFS",1994,4,22,112,30,42.85,-66.833333,0,0,0,0,0,"DE",0.038
"5562",464,"199402.301.1360.8","NMFS",1994,4,23,113,30,42.866667,-66.666667,0,0,0,0,0,"DE",0.038
"5563",465,"199402.302.1340.2","NMFS",1994,4,23,113,27,43.066667,-66.85,1,1,0,1,0,"DE",0.038
"5564",465,"199402.303.1340.4","NMFS",1994,4,23,113,30,43.283333,-66.866667,0,0,0,0,0,"DE",0.038
"5565",465,"199402.304.1340.1","NMFS",1994,4,23,113,30,43.266667,-66.716667,1,1,0,1,0,"DE",0.038
"5566",465,"199402.305.1330.3","NMFS",1994,4,23,113,30,43.133333,-66.416667,0,0,0,0,0,"DE",0.038
"5567",465,"199402.306.1330.1","NMFS",1994,4,23,113,30,43.35,-66.55,0,0,0,0,0,"DE",0.038
"5568",465,"199402.308.1340.6","NMFS",1994,4,23,113,30,43.65,-66.583333,1,1,0,1,0,"DE",0.038
"5569",465,"199402.309.1340.3","NMFS",1994,4,23,113,30,43.7,-66.85,5,0,5,5,0,"DE",0.038
"5570",465,"199402.310.1330.2","NMFS",1994,4,24,114,30,43.883333,-66.633333,0,0,0,0,0,"DE",0.038
"5571",466,"199402.311.1351.1","NMFS",1994,4,24,114,30,44.166667,-66.833333,0,0,0,0,0,"DE",0.038
"5572",511,"199402.312.1351.2","NMFS",1994,4,24,114,30,44.166667,-67.133333,0,0,0,0,0,"DE",0.038
"5573",511,"199402.313.1340.5","NMFS",1994,4,24,114,30,44.05,-67.433333,0,0,0,0,0,"DE",0.038
"5574",511,"199402.314.1390.4","NMFS",1994,4,24,114,30,44.333333,-67.5,1,0,1,1,0,"DE",0.038
"5575",512,"199402.315.1390.5","NMFS",1994,4,24,114,30,44.2,-67.983333,0,0,0,0,0,"DE",0.038
"5576",512,"199402.316.1390.1","NMFS",1994,4,24,114,30,43.966667,-68.283333,0,0,0,0,0,"DE",0.038
"5577",512,"199402.317.1390.3","NMFS",1994,4,24,114,30,43.9,-68.783333,8,5,3,8,0,"DE",0.038
"5578",512,"199402.318.1390.2","NMFS",1994,4,25,115,30,43.8,-68.633333,0,0,0,0,0,"DE",0.038
"5579",512,"199402.319.1380.2","NMFS",1994,4,25,115,30,43.633333,-68.516667,0,0,0,0,0,"DE",0.038
"5580",512,"199402.320.1360.3","NMFS",1994,4,25,115,30,43.616667,-68.033333,0,0,0,0,0,"DE",0.038
"5581",512,"199402.321.1380.4","NMFS",1994,4,25,115,30,43.516667,-68.183333,0,0,0,0,0,"DE",0.038
"5582",512,"199402.322.1380.3","NMFS",1994,4,25,115,30,43.5,-68.766667,1,1,0,1,0,"DE",0.038
"5583",512,"199402.323.1380.5","NMFS",1994,4,25,115,30,43.383333,-68.7,0,0,0,0,0,"DE",0.038
"5584",515,"199402.324.1370.3","NMFS",1994,4,25,115,30,43.166667,-68.833333,0,0,0,0,0,"DE",0.038
"5585",513,"199402.325.1370.4","NMFS",1994,4,25,115,30,43.216667,-69.116667,0,0,0,0,0,"DE",0.038
"5586",513,"199402.326.1370.2","NMFS",1994,4,25,115,30,43.183333,-69.333333,0,0,0,0,0,"DE",0.038
"5587",513,"199402.327.1370.1","NMFS",1994,4,25,115,30,43.116667,-69.55,0,0,0,0,0,"DE",0.038
"5588",513,"199402.328.1380.1","NMFS",1994,4,26,116,22,43.6,-69.283333,1,1,0,1,0,"DE",0.038
"5589",513,"199402.329.1400.2","NMFS",1994,4,26,116,30,43.766667,-69.5,1,1,0,1,0,"DE",0.038
"5590",513,"199402.330.1400.3","NMFS",1994,4,26,116,30,43.483333,-69.85,2,2,0,2,0,"DE",0.038
"5591",513,"199402.331.1270.4","NMFS",1994,4,26,116,30,43.133333,-70.316667,2,1,1,2,0,"DE",0.038
"5592",513,"199402.332.1270.1","NMFS",1994,4,26,116,30,43,-70.366667,2,1,1,2,0,"DE",0.038
"5593",513,"199402.333.1400.1","NMFS",1994,4,26,116,30,42.85,-70.5,0,0,0,0,0,"DE",0.038
"5594",514,"199402.334.3660.2","NMFS",1994,4,26,116,30,42.816667,-70.683333,2,2,0,2,0,"DE",0.038
"5595",514,"199402.335.3630.1","NMFS",1994,4,26,116,30,42.7,-70.716667,2,0,2,2,0,"DE",0.038
"5596",514,"199402.336.3650.1","NMFS",1994,4,26,116,30,42.75,-70.683333,1,0,1,1,0,"DE",0.038
"5597",514,"199402.337.1260.2","NMFS",1994,4,26,116,30,42.733333,-70.466667,6,5,1,6,0,"DE",0.038
"5598",514,"199402.339.3640.1","NMFS",1994,4,27,117,25,42.516667,-70.716667,6,5,1,6,0,"DE",0.038
"5599",526,"199503.174.1100.1","NMFS",1995,4,7,97,30,40.216667,-69.933333,0,0,0,0,0,"AL",0.038
"5600",526,"199503.175.1100.5","NMFS",1995,4,7,97,30,40.333333,-69.833333,0,0,0,0,0,"AL",0.038
"5601",526,"199503.176.1100.7","NMFS",1995,4,7,97,30,40.25,-69.516667,1,0,1,1,0,"AL",0.038
"5602",526,"199503.177.1120.1","NMFS",1995,4,8,98,25,40.016667,-69.116667,1,1,0,1,0,"AL",0.038
"5603",526,"199503.178.1110.2","NMFS",1995,4,8,98,30,40.2,-68.966667,0,0,0,0,0,"AL",0.038
"5604",526,"199503.179.1110.1","NMFS",1995,4,8,98,30,40.116667,-68.95,0,0,0,0,0,"AL",0.038
"5605",525,"199503.180.1140.3","NMFS",1995,4,8,98,30,40.283333,-68.566667,0,0,0,0,0,"AL",0.038
"5606",525,"199503.181.1130.6","NMFS",1995,4,8,98,30,40.316667,-68.783333,0,0,0,0,0,"AL",0.038
"5607",526,"199503.182.1100.3","NMFS",1995,4,8,98,30,40.5,-68.883333,0,0,0,0,0,"AL",0.038
"5608",525,"199503.183.1130.3","NMFS",1995,4,8,98,30,40.666667,-68.45,0,0,0,0,0,"AL",0.038
"5609",525,"199503.184.1130.5","NMFS",1995,4,8,98,30,40.383333,-68.416667,0,0,0,0,0,"AL",0.038
"5610",525,"199503.185.1150.1","NMFS",1995,4,8,98,30,40.316667,-68.05,0,0,0,0,0,"AL",0.038
"5611",525,"199503.186.1140.2","NMFS",1995,4,8,98,30,40.4,-67.816667,0,0,0,0,0,"AL",0.038
"5612",525,"199503.187.1140.1","NMFS",1995,4,9,99,30,40.5,-67.3,0,0,0,0,0,"AL",0.038
"5613",525,"199503.188.1130.2","NMFS",1995,4,9,99,30,40.733333,-67.15,0,0,0,0,0,"AL",0.038
"5614",525,"199503.189.1130.9","NMFS",1995,4,9,99,30,40.633333,-67.433333,0,0,0,0,0,"AL",0.038
"5615",525,"199503.190.1130.8","NMFS",1995,4,9,99,30,40.733333,-67.516667,0,0,0,0,0,"AL",0.038
"5616",525,"199503.191.1130.7","NMFS",1995,4,9,99,30,40.883333,-67.866667,0,0,0,0,0,"AL",0.038
"5617",525,"199503.192.1190.9","NMFS",1995,4,9,99,30,41.05,-67.816667,0,0,0,0,0,"AL",0.038
"5618",525,"199503.193.1190.1","NMFS",1995,4,9,99,30,41.133333,-68.166667,0,0,0,0,0,"AL",0.038
"5619",522,"199503.194.1190.5","NMFS",1995,4,9,99,30,41.366667,-67.666667,0,0,0,0,0,"AL",0.038
"5620",522,"199503.195.1190.7","NMFS",1995,4,9,99,30,41.383333,-67.683333,0,0,0,0,0,"AL",0.038
"5621",522,"199503.196.1190.3","NMFS",1995,4,9,99,30,41.533333,-67.75,0,0,0,0,0,"AL",0.038
"5622",562,"199503.197.1190.2","NMFS",1995,4,9,99,30,41.55,-67.516667,0,0,0,0,0,"AL",0.038
"5623",562,"199503.198.1190.8","NMFS",1995,4,9,99,30,41.416667,-67.183333,0,0,0,0,0,"AL",0.038
"5624",562,"199503.199.1160.1","NMFS",1995,4,10,100,30,41.283333,-66.966667,0,0,0,0,0,"AL",0.038
"5625",562,"199503.200.1160.6","NMFS",1995,4,10,100,30,41.183333,-67.233333,0,0,0,0,0,"AL",0.038
"5626",525,"199503.201.1130.1","NMFS",1995,4,10,100,30,41.1,-67.433333,1,0,1,1,0,"AL",0.038
"5627",525,"199503.202.1130.4","NMFS",1995,4,10,100,30,41.116667,-67.283333,0,0,0,0,0,"AL",0.038
"5628",562,"199503.203.1160.3","NMFS",1995,4,10,100,30,41.083333,-66.883333,0,0,0,0,0,"AL",0.038
"5629",562,"199503.205.1180.1","NMFS",1995,4,10,100,30,41.033333,-66.433333,1,1,0,1,0,"AL",0.038
"5630",552,"199503.206.1160.2","NMFS",1995,4,10,100,30,41.483333,-66.15,0,0,0,0,0,"AL",0.038
"5631",552,"199503.208.1170.4","NMFS",1995,4,10,100,30,41.666667,-65.85,1,1,0,1,0,"AL",0.038
"5632",552,"199503.209.1170.3","NMFS",1995,4,10,100,30,41.816667,-65.766667,0,0,0,0,0,"AL",0.038
"5633",551,"199503.210.1160.4","NMFS",1995,4,11,101,30,41.883333,-66.016667,0,0,0,0,0,"AL",0.038
"5634",551,"199503.211.1170.2","NMFS",1995,4,11,101,25,42,-65.933333,0,0,0,0,0,"AL",0.038
"5635",551,"199503.212.1160.8","NMFS",1995,4,11,101,30,42.1,-66.116667,0,0,0,0,0,"AL",0.038
"5636",551,"199503.213.1220.3","NMFS",1995,4,11,101,30,42.116667,-66.033333,0,0,0,0,0,"AL",0.038
"5637",464,"199503.214.1290.5","NMFS",1995,4,11,101,30,42.166667,-65.883333,0,0,0,0,0,"AL",0.038
"5638",551,"199503.215.1220.1","NMFS",1995,4,11,101,30,42.15,-66.466667,0,0,0,0,0,"AL",0.038
"5639",551,"199503.216.1210.2","NMFS",1995,4,11,101,30,42.133333,-66.55,0,0,0,0,0,"AL",0.038
"5640",551,"199503.217.1210.3","NMFS",1995,4,11,101,30,42.15,-66.8,0,0,0,0,0,"AL",0.038
"5641",464,"199503.218.1300.2","NMFS",1995,4,11,101,30,42.35,-66.966667,0,0,0,0,0,"AL",0.038
"5642",464,"199503.219.1300.1","NMFS",1995,4,11,101,30,42.4,-67.016667,0,0,0,0,0,"AL",0.038
"5643",464,"199503.220.1290.2","NMFS",1995,4,11,101,30,42.633333,-66.883333,0,0,0,0,0,"AL",0.038
"5644",464,"199503.221.1300.3","NMFS",1995,4,11,101,30,42.516667,-67.25,2,1,1,2,0,"AL",0.038
"5645",551,"199503.222.1290.1","NMFS",1995,4,12,102,30,42.266667,-67.066667,0,0,0,0,0,"AL",0.038
"5646",551,"199503.223.1210.4","NMFS",1995,4,12,102,30,42.1,-66.95,0,0,0,0,0,"AL",0.038
"5647",551,"199503.224.1160.10","NMFS",1995,4,12,102,30,41.966667,-66.783333,0,0,0,0,0,"AL",0.038
"5648",551,"199503.225.1160.7","NMFS",1995,4,12,102,30,41.916667,-66.816667,0,0,0,0,0,"AL",0.038
"5649",562,"199503.226.1160.5","NMFS",1995,4,12,102,30,41.833333,-66.95,2,2,0,2,0,"AL",0.038
"5650",562,"199503.227.1190.6","NMFS",1995,4,12,102,30,41.8,-67.116667,3,3,0,3,0,"AL",0.038
"5651",561,"199503.228.1190.4","NMFS",1995,4,12,102,30,41.9,-67.133333,0,0,0,0,0,"AL",0.038
"5652",561,"199503.229.1200.3","NMFS",1995,4,12,102,30,41.866667,-67.366667,0,0,0,0,0,"AL",0.038
"5653",561,"199503.230.1200.4","NMFS",1995,4,12,102,30,41.866667,-67.416667,0,0,0,0,0,"AL",0.038
"5654",522,"199503.231.1220.2","NMFS",1995,4,12,102,30,42.083333,-67.683333,1,1,0,1,0,"AL",0.038
"5655",522,"199503.232.1220.4","NMFS",1995,4,12,102,30,42.016667,-67.833333,0,0,0,0,0,"AL",0.038
"5656",522,"199503.233.1210.1","NMFS",1995,4,12,102,30,41.866667,-68,0,0,0,0,0,"AL",0.038
"5657",522,"199503.234.1200.2","NMFS",1995,4,12,102,30,41.783333,-67.766667,0,0,0,0,0,"AL",0.038
"5658",522,"199503.236.1200.7","NMFS",1995,4,13,103,30,41.666667,-68.05,0,0,0,0,0,"AL",0.038
"5659",522,"199503.237.1200.5","NMFS",1995,4,13,103,30,41.666667,-68.15,1,0,1,1,0,"AL",0.038
"5660",522,"199503.238.1230.3","NMFS",1995,4,13,103,30,41.55,-68.45,0,0,0,0,0,"AL",0.038
"5661",522,"199503.239.1230.2","NMFS",1995,4,13,103,30,41.416667,-68.366667,0,0,0,0,0,"AL",0.038
"5662",522,"199503.240.1230.5","NMFS",1995,4,13,103,30,41.333333,-68.583333,0,0,0,0,0,"AL",0.038
"5663",522,"199503.241.1200.1","NMFS",1995,4,13,103,30,41.1,-68.583333,0,0,0,0,0,"AL",0.038
"5664",526,"199503.243.1100.6","NMFS",1995,4,13,103,30,40.8,-69.066667,0,0,0,0,0,"AL",0.038
"5665",526,"199503.244.1100.8","NMFS",1995,4,13,103,30,40.883333,-69.183333,0,0,0,0,0,"AL",0.038
"5666",526,"199503.245.1090.4","NMFS",1995,4,13,103,30,40.866667,-69.283333,0,0,0,0,0,"AL",0.038
"5667",526,"199503.246.1090.2","NMFS",1995,4,14,104,30,40.85,-69.6,0,0,0,0,0,"AL",0.038
"5668",526,"199503.247.3550.2","NMFS",1995,4,14,104,30,41,-69.733333,0,0,0,0,0,"AL",0.038
"5669",521,"199503.248.1250.1","NMFS",1995,4,14,104,30,41.266667,-69.4,0,0,0,0,0,"AL",0.038
"5670",521,"199503.249.3550.3","NMFS",1995,4,14,104,30,41.333333,-69.483333,0,0,0,0,0,"AL",0.038
"5671",521,"199503.250.3550.5","NMFS",1995,4,14,104,30,41.366667,-69.566667,1,0,1,1,0,"AL",0.038
"5672",521,"199503.251.3550.4","NMFS",1995,4,14,104,21,41.433333,-69.7,1,1,0,1,0,"AL",0.038
"5673",521,"199503.252.1250.4","NMFS",1995,4,18,108,30,41.55,-69.583333,0,0,0,0,0,"AL",0.038
"5674",521,"199503.253.1230.1","NMFS",1995,4,18,108,30,41.466667,-69.366667,0,0,0,0,0,"AL",0.038
"5675",521,"199503.254.1250.2","NMFS",1995,4,18,108,30,41.633333,-69.716667,0,0,0,0,0,"AL",0.038
"5676",521,"199503.256.3560.1","NMFS",1995,4,18,108,30,41.766667,-69.883333,0,0,0,0,0,"AL",0.038
"5677",521,"199503.259.1240.5","NMFS",1995,4,18,108,30,41.833333,-69.45,0,0,0,0,0,"AL",0.038
"5678",521,"199503.260.1280.2","NMFS",1995,4,19,109,30,41.916667,-69.3,0,0,0,0,0,"AL",0.038
"5679",521,"199503.261.1240.6","NMFS",1995,4,19,109,30,41.616667,-69.033333,0,0,0,0,0,"AL",0.038
"5680",522,"199503.262.1290.8","NMFS",1995,4,19,109,30,41.8,-68.483333,0,0,0,0,0,"AL",0.038
"5681",522,"199503.263.1240.1","NMFS",1995,4,19,109,30,41.883333,-68.466667,0,0,0,0,0,"AL",0.038
"5682",522,"199503.264.1240.2","NMFS",1995,4,19,109,30,42.016667,-68.766667,0,0,0,0,0,"AL",0.038
"5683",521,"199503.265.1240.4","NMFS",1995,4,19,109,30,42.133333,-68.916667,0,0,0,0,0,"AL",0.038
"5684",521,"199503.266.1240.3","NMFS",1995,4,19,109,30,42.25,-69.05,0,0,0,0,0,"AL",0.038
"5685",521,"199503.267.1280.3","NMFS",1995,4,20,110,30,42.2,-69.45,0,0,0,0,0,"AL",0.038
"5686",521,"199503.268.1280.7","NMFS",1995,4,20,110,30,42.266667,-69.333333,0,0,0,0,0,"AL",0.038
"5687",515,"199503.269.1280.4","NMFS",1995,4,20,110,30,42.4,-69.166667,0,0,0,0,0,"AL",0.038
"5688",515,"199503.270.1280.5","NMFS",1995,4,20,110,30,42.433333,-68.65,0,0,0,0,0,"AL",0.038
"5689",522,"199503.271.1290.7","NMFS",1995,4,20,110,30,42.116667,-68.15,0,0,0,0,0,"AL",0.038
"5690",522,"199503.272.1290.3","NMFS",1995,4,20,110,30,42.316667,-67.9,1,0,1,1,0,"AL",0.038
"5691",515,"199503.273.1290.6","NMFS",1995,4,20,110,30,42.55,-67.85,0,0,0,0,0,"AL",0.038
"5692",515,"199503.274.1360.1","NMFS",1995,4,20,110,30,42.783333,-67.966667,3,2,1,3,0,"AL",0.038
"5693",515,"199503.275.1290.4","NMFS",1995,4,21,111,30,42.7,-68.4,0,0,0,0,0,"AL",0.038
"5694",515,"199503.276.1370.3","NMFS",1995,4,21,111,30,42.833333,-68.983333,0,0,0,0,0,"AL",0.038
"5695",515,"199503.277.1370.5","NMFS",1995,4,21,111,30,42.933333,-69.1,0,0,0,0,0,"AL",0.038
"5696",515,"199503.278.1370.2","NMFS",1995,4,21,111,30,42.933333,-68.683333,0,0,0,0,0,"AL",0.038
"5697",515,"199503.279.1370.1","NMFS",1995,4,21,111,30,42.866667,-68.5,1,1,0,1,0,"AL",0.038
"5698",465,"199503.280.1360.3","NMFS",1995,4,21,111,30,43.05,-67.6,2,2,0,2,0,"AL",0.038
"5699",465,"199503.281.1360.6","NMFS",1995,4,21,111,30,43.2,-67.483333,1,0,1,1,0,"AL",0.038
"5700",512,"199503.282.1360.4","NMFS",1995,4,21,111,30,43.4,-67.883333,0,0,0,0,0,"AL",0.038
"5701",465,"199503.283.1360.8","NMFS",1995,4,21,111,30,43.55,-67.633333,0,0,0,0,0,"AL",0.038
"5702",465,"199503.284.1360.7","NMFS",1995,4,22,112,30,43.433333,-67.433333,2,1,1,2,0,"AL",0.038
"5703",465,"199503.285.1340.3","NMFS",1995,4,22,112,30,43.216667,-66.933333,0,0,0,0,0,"AL",0.038
"5704",465,"199503.286.1330.2","NMFS",1995,4,22,112,30,43.316667,-66.3,1,1,0,1,0,"AL",0.038
"5705",465,"199503.287.1330.3","NMFS",1995,4,22,112,30,43.35,-66.566667,1,1,0,1,0,"AL",0.038
"5706",465,"199503.288.1340.1","NMFS",1995,4,22,112,30,43.516667,-66.766667,3,3,0,3,0,"AL",0.038
"5707",465,"199503.289.1330.4","NMFS",1995,4,22,112,30,43.733333,-66.55,2,2,0,2,0,"AL",0.038
"5708",465,"199503.290.1340.4","NMFS",1995,4,22,112,30,43.666667,-67.016667,4,2,2,4,0,"AL",0.038
"5709",465,"199503.291.1360.5","NMFS",1995,4,22,112,30,43.75,-67.416667,1,1,0,1,0,"AL",0.038
"5710",511,"199503.292.1360.2","NMFS",1995,4,23,113,30,43.866667,-67.5,0,0,0,0,0,"AL",0.038
"5711",511,"199503.293.1340.2","NMFS",1995,4,23,113,30,43.966667,-67.15,0,0,0,0,0,"AL",0.038
"5712",511,"199503.294.1340.5","NMFS",1995,4,23,113,30,44,-67.183333,0,0,0,0,0,"AL",0.038
"5713",511,"199503.295.1340.6","NMFS",1995,4,23,113,30,44.133333,-67.266667,0,0,0,0,0,"AL",0.038
"5714",466,"199503.296.1330.1","NMFS",1995,4,23,113,30,44.183333,-66.55,4,2,2,4,0,"AL",0.038
"5715",466,"199503.297.1351.1","NMFS",1995,4,23,113,30,44.3,-66.733333,0,0,0,0,0,"AL",0.038
"5716",466,"199503.298.1351.2","NMFS",1995,4,23,113,30,44.316667,-66.783333,0,0,0,0,0,"AL",0.038
"5717",511,"199503.299.1380.4","NMFS",1995,4,23,113,30,44.316667,-67.5,2,0,2,2,0,"AL",0.038
"5718",511,"199503.300.1390.1","NMFS",1995,4,23,113,30,44.333333,-67.716667,0,0,0,0,0,"AL",0.038
"5719",512,"199503.301.1390.4","NMFS",1995,4,23,113,30,44.083333,-68.1,0,0,0,0,0,"AL",0.038
"5720",512,"199503.302.1390.5","NMFS",1995,4,24,114,30,43.966667,-68.316667,0,0,0,0,0,"AL",0.038
"5721",512,"199503.303.1390.3","NMFS",1995,4,24,114,30,43.95,-68.45,0,0,0,0,0,"AL",0.038
"5722",512,"199503.304.1380.5","NMFS",1995,4,24,114,30,43.7,-68.166667,1,0,1,1,0,"AL",0.038
"5723",512,"199503.305.1380.1","NMFS",1995,4,24,114,30,43.65,-68.466667,0,0,0,0,0,"AL",0.038
"5724",512,"199503.307.1390.6","NMFS",1995,4,24,114,30,43.633333,-68.933333,0,0,0,0,0,"AL",0.038
"5725",512,"199503.308.1380.3","NMFS",1995,4,24,114,30,43.516667,-68.966667,2,1,1,2,0,"AL",0.038
"5726",513,"199503.310.1380.6","NMFS",1995,4,24,114,28,43.6,-69.283333,2,2,0,2,0,"AL",0.038
"5727",513,"199503.311.1400.2","NMFS",1995,4,24,114,30,43.733333,-69.45,2,1,1,2,0,"AL",0.038
"5728",513,"199503.312.1400.3","NMFS",1995,4,25,115,30,43.483333,-70.066667,1,1,0,1,0,"AL",0.038
"5729",513,"199503.313.1370.4","NMFS",1995,4,25,115,30,43.116667,-69.533333,0,0,0,0,0,"AL",0.038
"5730",513,"199503.314.1270.3","NMFS",1995,4,25,115,30,43.1,-70.25,0,0,0,0,0,"AL",0.038
"5731",513,"199503.315.1400.1","NMFS",1995,4,25,115,30,43.116667,-70.366667,6,2,4,6,0,"AL",0.038
"5732",513,"199503.316.1270.4","NMFS",1995,4,25,115,30,43.016667,-70.316667,1,1,0,1,0,"AL",0.038
"5733",514,"199503.317.3660.1","NMFS",1995,4,25,115,30,42.8,-70.683333,0,0,0,0,0,"AL",0.038
"5734",514,"199503.318.1270.1","NMFS",1995,4,25,115,30,42.766667,-70,0,0,0,0,0,"AL",0.038
"5735",514,"199503.319.1270.2","NMFS",1995,4,25,115,30,42.6,-69.95,0,0,0,0,0,"AL",0.038
"5736",514,"199503.320.1280.6","NMFS",1995,4,26,116,30,42.483333,-69.716667,0,0,0,0,0,"AL",0.038
"5737",514,"199503.321.1280.1","NMFS",1995,4,26,116,30,42.366667,-69.916667,0,0,0,0,0,"AL",0.038
"5738",514,"199503.322.1260.5","NMFS",1995,4,26,116,30,42.4,-70.15,1,1,0,1,0,"AL",0.038
"5739",514,"199503.323.1260.3","NMFS",1995,4,26,116,30,42.466667,-70.533333,6,4,2,6,0,"AL",0.038
"5740",514,"199503.324.1260.4","NMFS",1995,4,26,116,30,42.5,-70.616667,38,16,22,38,0,"AL",0.038
"5741",514,"199503.325.3640.1","NMFS",1995,4,26,116,28,42.6,-70.583333,0,0,0,0,0,"AL",0.038
"5742",514,"199503.326.3660.2","NMFS",1995,4,26,116,30,42.5,-70.633333,23,10,13,23,0,"AL",0.038
"5743",514,"199503.327.3650.1","NMFS",1995,4,26,116,25,42.333333,-70.716667,54,19,35,54,0,"AL",0.038
"5744",514,"199503.328.1260.1","NMFS",1995,4,26,116,30,42.216667,-70.183333,0,0,0,0,0,"AL",0.038
"5745",514,"199503.329.1260.2","NMFS",1995,4,26,116,30,42.15,-70.383333,7,0,7,7,0,"AL",0.038
"5746",514,"199503.330.3610.1","NMFS",1995,4,27,117,30,42.116667,-70.483333,34,12,22,33,1,"AL",0.038
"5747",514,"199503.331.3610.2","NMFS",1995,4,27,117,30,42.016667,-70.383333,90,26,64,86,4,"AL",0.038
"5748",514,"199503.332.3600.1","NMFS",1995,4,27,117,30,41.9,-70.383333,41,13,28,39,2,"AL",0.038
"5749",514,"199503.333.3600.2","NMFS",1995,4,27,117,30,41.916667,-70.233333,10,3,7,9,1,"AL",0.038
"5750",514,"199503.334.3590.1","NMFS",1995,4,27,117,30,41.85,-70.216667,4,2,2,3,1,"AL",0.038
"5751",514,"199503.335.3580.1","NMFS",1995,4,27,117,30,41.816667,-70.133333,5,2,3,3,2,"AL",0.038
"5752",526,"199602.194.1100.6","NMFS",1996,4,7,98,30,40.6,-69.95,0,0,0,0,0,"AL",0.038
"5753",514,"199602.196.3580.1","NMFS",1996,4,7,98,30,41.866667,-70.166667,0,0,0,0,0,"AL",0.038
"5754",514,"199602.197.3600.2","NMFS",1996,4,7,98,30,41.9,-70.216667,0,0,0,0,0,"AL",0.038
"5755",514,"199602.198.3610.2","NMFS",1996,4,7,98,30,42.016667,-70.35,26,9,17,26,0,"AL",0.038
"5756",514,"199602.199.3610.1","NMFS",1996,4,8,99,30,42.1,-70.45,81,44,37,75,6,"AL",0.038
"5757",514,"199602.200.3600.1","NMFS",1996,4,8,99,20,42.133333,-70.533333,34,21,13,26,8,"AL",0.038
"5758",514,"199602.201.3590.1","NMFS",1996,4,8,99,27,42.133333,-70.583333,12,7,5,12,0,"AL",0.038
"5759",514,"199602.202.1260.5","NMFS",1996,4,8,99,30,42.366667,-70.533333,1,0,1,1,0,"AL",0.038
"5760",514,"199602.204.3660.1","NMFS",1996,4,8,99,30,42.666667,-70.416667,1,0,1,1,0,"AL",0.038
"5761",514,"199602.205.1260.1","NMFS",1996,4,8,99,30,42.733333,-70.3,0,0,0,0,0,"AL",0.038
"5762",514,"199602.206.1260.3","NMFS",1996,4,8,99,30,42.6,-70.35,6,4,2,6,0,"AL",0.038
"5763",514,"199602.207.1260.4","NMFS",1996,4,9,100,30,42.616667,-70.2,0,0,0,0,0,"AL",0.038
"5764",514,"199602.208.1260.2","NMFS",1996,4,9,100,30,42.583333,-70.1,0,0,0,0,0,"AL",0.038
"5765",514,"199602.209.1280.2","NMFS",1996,4,9,100,30,42.433333,-69.866667,0,0,0,0,0,"AL",0.038
"5766",514,"199602.210.1280.5","NMFS",1996,4,9,100,30,42.433333,-69.7,0,0,0,0,0,"AL",0.038
"5767",521,"199602.212.1280.3","NMFS",1996,4,9,100,30,42.283333,-69.533333,1,1,0,1,0,"AL",0.038
"5768",521,"199602.213.1280.7","NMFS",1996,4,9,100,30,42.216667,-69.516667,0,0,0,0,0,"AL",0.038
"5769",521,"199602.214.1280.1","NMFS",1996,4,9,100,30,42.133333,-69.716667,2,2,0,2,0,"AL",0.038
"5770",521,"199602.217.3550.3","NMFS",1996,4,16,107,30,41.533333,-69.733333,2,1,1,2,0,"AL",0.038
"5771",521,"199602.218.1250.1","NMFS",1996,4,16,107,30,41.566667,-69.633333,0,0,0,0,0,"AL",0.038
"5772",521,"199602.220.1250.3","NMFS",1996,4,16,107,22,41.2,-69.4,0,0,0,0,0,"AL",0.038
"5773",521,"199602.221.1230.4","NMFS",1996,4,16,107,29.5,41.15,-69.033333,0,0,0,0,0,"AL",0.038
"5774",521,"199602.222.1230.2","NMFS",1996,4,16,107,24,41.033333,-69.016667,0,0,0,0,0,"AL",0.038
"5775",526,"199602.223.3550.2","NMFS",1996,4,16,107,30,40.916667,-69.55,0,0,0,0,0,"AL",0.038
"5776",526,"199602.224.3550.4","NMFS",1996,4,16,107,30,41.066667,-69.566667,0,0,0,0,0,"AL",0.038
"5777",526,"199602.225.3550.1","NMFS",1996,4,16,107,30,40.983333,-69.733333,0,0,0,0,0,"AL",0.038
"5778",526,"199602.226.1090.1","NMFS",1996,4,17,108,30,40.85,-69.85,0,0,0,0,0,"AL",0.038
"5779",526,"199602.227.1090.4","NMFS",1996,4,17,108,30,40.7,-69.583333,0,0,0,0,0,"AL",0.038
"5780",526,"199602.228.1100.8","NMFS",1996,4,17,108,30,40.416667,-69.716667,0,0,0,0,0,"AL",0.038
"5781",526,"199602.232.1100.4","NMFS",1996,4,17,108,30,40.2,-69.65,0,0,0,0,0,"AL",0.038
"5782",526,"199602.233.1100.3","NMFS",1996,4,18,109,30,40.333333,-69.5,0,0,0,0,0,"AL",0.038
"5783",526,"199602.234.1100.5","NMFS",1996,4,18,109,30,40.283333,-69.166667,0,0,0,0,0,"AL",0.038
"5784",526,"199602.235.1100.7","NMFS",1996,4,18,109,30,40.35,-69.083333,0,0,0,0,0,"AL",0.038
"5785",526,"199602.236.1110.2","NMFS",1996,4,18,109,30,40.233333,-68.883333,1,0,1,1,0,"AL",0.038
"5786",525,"199602.237.1140.2","NMFS",1996,4,18,109,30,40.183333,-68.733333,0,0,0,0,0,"AL",0.038
"5787",525,"199602.238.1130.9","NMFS",1996,4,18,109,30,40.3,-68.783333,0,0,0,0,0,"AL",0.038
"5788",525,"199602.239.1130.6","NMFS",1996,4,18,109,30,40.35,-68.783333,0,0,0,0,0,"AL",0.038
"5789",526,"199602.240.1100.2","NMFS",1996,4,18,109,30,40.616667,-68.933333,0,0,0,0,0,"AL",0.038
"5790",525,"199602.241.1130.8","NMFS",1996,4,18,109,30,40.65,-68.45,0,0,0,0,0,"AL",0.038
"5791",525,"199602.242.1130.1","NMFS",1996,4,18,109,30,40.683333,-68.25,0,0,0,0,0,"AL",0.038
"5792",525,"199602.243.1130.3","NMFS",1996,4,18,109,30,40.616667,-68.066667,0,0,0,0,0,"AL",0.038
"5793",525,"199602.244.1140.1","NMFS",1996,4,18,109,30,40.416667,-68.183333,0,0,0,0,0,"AL",0.038
"5794",525,"199602.245.1150.1","NMFS",1996,4,19,110,30,40.3,-67.966667,0,0,0,0,0,"AL",0.038
"5795",525,"199602.246.1140.3","NMFS",1996,4,19,110,30,40.533333,-67.75,0,0,0,0,0,"AL",0.038
"5796",525,"199602.247.1130.5","NMFS",1996,4,19,110,30,40.716667,-67.233333,0,0,0,0,0,"AL",0.038
"5797",525,"199602.248.1130.4","NMFS",1996,4,19,110,30,40.866667,-67.316667,0,0,0,0,0,"AL",0.038
"5798",525,"199602.249.1130.7","NMFS",1996,4,19,110,30,40.816667,-67.516667,0,0,0,0,0,"AL",0.038
"5799",525,"199602.250.1130.2","NMFS",1996,4,19,110,30,41.083333,-67.466667,0,0,0,0,0,"AL",0.038
"5800",525,"199602.251.1190.9","NMFS",1996,4,19,110,30,41.033333,-67.816667,0,0,0,0,0,"AL",0.038
"5801",525,"199602.252.1190.5","NMFS",1996,4,19,110,30,41.066667,-67.916667,0,0,0,0,0,"AL",0.038
"5802",525,"199602.253.1190.3","NMFS",1996,4,19,110,30,41.15,-67.916667,0,0,0,0,0,"AL",0.038
"5803",525,"199602.254.1190.2","NMFS",1996,4,19,110,30,41.066667,-68.05,0,0,0,0,0,"AL",0.038
"5804",522,"199602.255.1190.6","NMFS",1996,4,19,110,30,41.183333,-68.283333,2,1,1,2,0,"AL",0.038
"5805",522,"199602.256.1200.4","NMFS",1996,4,19,110,30,41.266667,-68.316667,0,0,0,0,0,"AL",0.038
"5806",522,"199602.257.1190.4","NMFS",1996,4,20,111,30,41.116667,-68.483333,0,0,0,0,0,"AL",0.038
"5807",522,"199602.258.1230.3","NMFS",1996,4,20,111,30,41.233333,-68.683333,0,0,0,0,0,"AL",0.038
"5808",522,"199602.259.1230.5","NMFS",1996,4,20,111,30,41.466667,-68.466667,0,0,0,0,0,"AL",0.038
"5809",522,"199602.260.1200.3","NMFS",1996,4,20,111,30,41.533333,-68.3,0,0,0,0,0,"AL",0.038
"5810",522,"199602.261.1200.6","NMFS",1996,4,20,111,30,41.65,-68.3,0,0,0,0,0,"AL",0.038
"5811",522,"199602.262.1240.5","NMFS",1996,4,20,111,30,41.666667,-68.583333,5,5,0,5,0,"AL",0.038
"5812",522,"199602.264.1220.1","NMFS",1996,4,20,111,30,41.866667,-68.233333,0,0,0,0,0,"AL",0.038
"5813",522,"199602.265.1210.1","NMFS",1996,4,20,111,30,41.85,-68.116667,0,0,0,0,0,"AL",0.038
"5814",522,"199602.266.1200.2","NMFS",1996,4,20,111,30,41.683333,-67.916667,0,0,0,0,0,"AL",0.038
"5815",522,"199602.267.1200.5","NMFS",1996,4,20,111,30,41.766667,-67.733333,0,0,0,0,0,"AL",0.038
"5816",562,"199602.268.1190.8","NMFS",1996,4,20,111,30,41.683333,-67.5,0,0,0,0,0,"AL",0.038
"5817",562,"199602.269.1190.7","NMFS",1996,4,21,112,30,41.533333,-67.15,0,0,0,0,0,"AL",0.038
"5818",562,"199602.270.1160.10","NMFS",1996,4,21,112,30,41.55,-67.05,0,0,0,0,0,"AL",0.038
"5819",562,"199602.271.1160.1","NMFS",1996,4,21,112,30,41.616667,-66.85,0,0,0,0,0,"AL",0.038
"5820",562,"199602.272.1160.8","NMFS",1996,4,21,112,30,41.533333,-66.666667,0,0,0,0,0,"AL",0.038
"5821",562,"199602.273.1160.3","NMFS",1996,4,21,112,30,41.416667,-66.75,2,1,1,2,0,"AL",0.038
"5822",562,"199602.274.1160.4","NMFS",1996,4,21,112,30,41.183333,-66.883333,0,0,0,0,0,"AL",0.038
"5823",562,"199602.275.1160.7","NMFS",1996,4,21,112,30,41.083333,-66.95,0,0,0,0,0,"AL",0.038
"5824",552,"199602.276.1160.5","NMFS",1996,4,21,112,30,41.25,-66.366667,0,0,0,0,0,"AL",0.038
"5825",552,"199602.277.1170.3","NMFS",1996,4,21,112,30,41.4,-66.083333,1,1,0,1,0,"AL",0.038
"5826",552,"199602.278.1180.1","NMFS",1996,4,21,112,30,41.466667,-65.95,2,1,1,2,0,"AL",0.038
"5827",552,"199602.279.1170.1","NMFS",1996,4,21,112,30,41.533333,-66.033333,0,0,0,0,0,"AL",0.038
"5828",552,"199602.280.1160.9","NMFS",1996,4,22,113,30,41.766667,-66.15,0,0,0,0,0,"AL",0.038
"5829",551,"199602.282.1170.4","NMFS",1996,4,22,113,30,41.9,-65.883333,3,2,1,3,0,"AL",0.038
"5830",551,"199602.283.1220.4","NMFS",1996,4,22,113,30,42.1,-66.016667,0,0,0,0,0,"AL",0.038
"5831",551,"199602.284.1290.8","NMFS",1996,4,22,113,30,42.316667,-66.183333,0,0,0,0,0,"AL",0.038
"5832",464,"199602.285.1290.4","NMFS",1996,4,22,113,30,42.5,-66.3,0,0,0,0,0,"AL",0.038
"5833",464,"199602.286.1290.3","NMFS",1996,4,22,113,30,42.566667,-66.55,1,1,0,1,0,"AL",0.038
"5834",464,"199602.287.1300.2","NMFS",1996,4,22,113,30,42.466667,-66.6,1,0,1,1,0,"AL",0.038
"5835",464,"199602.288.1300.1","NMFS",1996,4,22,113,30,42.433333,-66.833333,8,8,0,8,0,"AL",0.038
"5836",551,"199602.289.1220.2","NMFS",1996,4,22,113,30,42.183333,-66.55,3,2,1,3,0,"AL",0.038
"5837",551,"199602.290.1210.2","NMFS",1996,4,22,113,30,42.133333,-66.6,0,0,0,0,0,"AL",0.038
"5838",551,"199602.291.1160.2","NMFS",1996,4,23,114,30,41.966667,-66.6,0,0,0,0,0,"AL",0.038
"5839",552,"199602.292.1160.6","NMFS",1996,4,23,114,30,41.8,-66.666667,0,0,0,0,0,"AL",0.038
"5840",561,"199602.293.1190.1","NMFS",1996,4,23,114,30,41.85,-67.016667,3,1,2,3,0,"AL",0.038
"5841",551,"199602.294.1210.3","NMFS",1996,4,23,114,30,42.1,-67,1,0,1,1,0,"AL",0.038
"5842",561,"199602.295.1220.3","NMFS",1996,4,23,114,30,42.2,-67.283333,0,0,0,0,0,"AL",0.038
"5843",561,"199602.296.1200.1","NMFS",1996,4,23,114,30,42.05,-67.416667,0,0,0,0,0,"AL",0.038
"5844",522,"199602.297.1210.4","NMFS",1996,4,23,114,30,42.016667,-67.7,0,0,0,0,0,"AL",0.038
"5845",522,"199602.298.1290.7","NMFS",1996,4,23,114,30,42.333333,-67.766667,3,2,1,3,0,"AL",0.038
"5846",515,"199602.299.1290.1","NMFS",1996,4,23,114,30,42.416667,-67.75,1,1,0,1,0,"AL",0.038
"5847",464,"199602.300.1300.3","NMFS",1996,4,23,114,30,42.5,-67.366667,2,2,0,2,0,"AL",0.038
"5848",464,"199602.301.1290.5","NMFS",1996,4,24,115,30,42.666667,-67.533333,0,0,0,0,0,"AL",0.038
"5849",464,"199602.302.1360.2","NMFS",1996,4,24,115,30,42.916667,-67.333333,4,3,1,4,0,"AL",0.038
"5850",464,"199602.303.1360.8","NMFS",1996,4,24,115,30,42.95,-66.8,0,0,0,0,0,"AL",0.038
"5851",465,"199602.304.1340.4","NMFS",1996,4,24,115,30,43.1,-66.733333,0,0,0,0,0,"AL",0.038
"5852",465,"199602.306.1360.5","NMFS",1996,4,24,115,30,43.35,-67.35,0,0,0,0,0,"AL",0.038
"5853",465,"199602.307.1360.6","NMFS",1996,4,24,115,30,43.566667,-67.35,0,0,0,0,0,"AL",0.038
"5854",465,"199602.308.1360.4","NMFS",1996,4,24,115,30,43.633333,-67.466667,0,0,0,0,0,"AL",0.038
"5855",465,"199602.309.1340.1","NMFS",1996,4,24,115,30,43.75,-67.166667,3,0,3,3,0,"AL",0.038
"5856",511,"199602.310.1340.2","NMFS",1996,4,25,116,30,43.85,-67.05,0,0,0,0,0,"AL",0.038
"5857",465,"199602.311.1330.1","NMFS",1996,4,25,116,30,43.766667,-66.6,1,1,0,1,0,"AL",0.038
"5858",465,"199602.312.1340.5","NMFS",1996,4,25,116,26,44,-66.666667,0,0,0,0,0,"AL",0.038
"5859",466,"199602.313.1330.2","NMFS",1996,4,25,116,30,44.083333,-66.683333,3,0,3,3,0,"AL",0.038
"5860",466,"199602.314.1351.2","NMFS",1996,4,25,116,30,44.283333,-66.816667,1,0,1,1,0,"AL",0.038
"5861",511,"199602.315.1351.1","NMFS",1996,4,25,116,30,44.266667,-67.266667,1,0,1,1,0,"AL",0.038
"5862",511,"199602.316.1360.1","NMFS",1996,4,25,116,30,44.233333,-67.366667,1,1,0,1,0,"AL",0.038
"5863",511,"199602.318.1390.5","NMFS",1996,4,25,116,29,44.25,-67.866667,4,2,2,4,0,"AL",0.038
"5864",512,"199602.319.1390.4","NMFS",1996,4,26,117,20,44,-68.466667,6,3,3,6,0,"AL",0.038
"5865",512,"199602.320.1390.3","NMFS",1996,4,26,117,30,43.933333,-68.65,18,11,7,18,0,"AL",0.038
"5866",512,"199602.321.1380.3","NMFS",1996,4,26,117,30,43.816667,-68.416667,2,1,1,2,0,"AL",0.038
"5867",512,"199602.322.1380.5","NMFS",1996,4,26,117,30,43.783333,-68.466667,6,6,0,6,0,"AL",0.038
"5868",512,"199602.323.1390.1","NMFS",1996,4,26,117,28,43.716667,-69.05,4,2,2,4,0,"AL",0.038
"5869",513,"199602.324.1380.2","NMFS",1996,4,26,117,30,43.483333,-69.7,0,0,0,0,0,"AL",0.038
"5870",513,"199602.325.1380.1","NMFS",1996,4,26,117,30,43.366667,-69.766667,0,0,0,0,0,"AL",0.038
"5871",513,"199602.326.1370.1","NMFS",1996,4,26,117,30,43.183333,-69.75,0,0,0,0,0,"AL",0.038
"5872",513,"199602.327.1270.2","NMFS",1996,4,27,118,30,43.3,-70.133333,2,2,0,2,0,"AL",0.038
"5873",513,"199602.328.1400.1","NMFS",1996,4,27,118,30,43.283333,-70.183333,4,0,4,4,0,"AL",0.038
"5874",513,"199602.329.1270.3","NMFS",1996,4,27,118,30,43.183333,-70.216667,1,0,1,1,0,"AL",0.038
"5875",513,"199602.330.1270.1","NMFS",1996,4,27,118,30,43.033333,-70.133333,0,0,0,0,0,"AL",0.038
"5876",513,"199602.331.1400.2","NMFS",1996,4,27,118,30,42.983333,-70.5,13,4,9,12,1,"AL",0.038
"5877",514,"199602.332.3640.1","NMFS",1996,4,27,118,30,42.783333,-70.733333,0,0,0,0,0,"AL",0.038
"5878",514,"199602.333.3630.1","NMFS",1996,4,27,118,30,42.733333,-70.733333,2,1,1,2,0,"AL",0.038
"5879",514,"199602.334.3650.1","NMFS",1996,4,27,118,30,42.733333,-70.633333,4,2,2,4,0,"AL",0.038
"5880",514,"199602.335.1400.3","NMFS",1996,4,27,118,30,42.766667,-70.55,2,1,1,2,0,"AL",0.038
"5881",514,"199602.336.1270.4","NMFS",1996,4,27,118,30,42.816667,-70.05,4,4,0,4,0,"AL",0.038
"5882",514,"199602.337.1280.6","NMFS",1996,4,28,119,30,42.766667,-69.883333,0,0,0,0,0,"AL",0.038
"5883",515,"199602.338.1280.4","NMFS",1996,4,28,119,30,42.666667,-69.633333,0,0,0,0,0,"AL",0.038
"5884",515,"199602.339.1370.2","NMFS",1996,4,28,119,30,42.616667,-68.783333,0,0,0,0,0,"AL",0.038
"5885",515,"199602.340.1370.4","NMFS",1996,4,28,119,30,42.75,-68.766667,0,0,0,0,0,"AL",0.038
"5886",515,"199602.341.1370.3","NMFS",1996,4,28,119,30,42.866667,-69.083333,1,0,1,1,0,"AL",0.038
"5887",515,"199602.342.1370.5","NMFS",1996,4,28,119,30,43.033333,-69.066667,0,0,0,0,0,"AL",0.038
"5888",515,"199602.343.1380.4","NMFS",1996,4,28,119,30,43.266667,-68.383333,0,0,0,0,0,"AL",0.038
"5889",515,"199602.344.1360.7","NMFS",1996,4,28,119,30,42.966667,-68.066667,1,1,0,1,0,"AL",0.038
"5890",515,"199602.345.1360.3","NMFS",1996,4,28,119,30,42.916667,-68.4,1,1,0,1,0,"AL",0.038
"5891",515,"199602.346.1290.6","NMFS",1996,4,29,120,30,42.65,-68.45,0,0,0,0,0,"AL",0.038
"5892",515,"199602.347.1290.2","NMFS",1996,4,29,120,30,42.45,-68.4,0,0,0,0,0,"AL",0.038
"5893",522,"199602.348.1240.4","NMFS",1996,4,29,120,30,42.216667,-68.416667,0,0,0,0,0,"AL",0.038
"5894",521,"199602.349.1240.2","NMFS",1996,4,29,120,30,42.05,-68.9,0,0,0,0,0,"AL",0.038
"5895",521,"199602.350.1240.3","NMFS",1996,4,29,120,30,41.766667,-69.016667,0,0,0,0,0,"AL",0.038
"5896",522,"199702.218.1240.4","NMFS",1997,4,4,94,30,41.65,-68.75,0,0,0,0,0,"AL",0.038
"5897",522,"199702.219.1240.6","NMFS",1997,4,4,94,30,41.616667,-68.516667,0,0,0,0,0,"AL",0.038
"5898",522,"199702.220.1200.4","NMFS",1997,4,4,94,30,41.683333,-68.3,0,0,0,0,0,"AL",0.038
"5899",522,"199702.221.1210.1","NMFS",1997,4,4,94,30,41.766667,-68.266667,0,0,0,0,0,"AL",0.038
"5900",522,"199702.222.1220.3","NMFS",1997,4,4,94,30,41.85,-68.183333,0,0,0,0,0,"AL",0.038
"5901",522,"199702.223.1200.6","NMFS",1997,4,4,94,30,41.733333,-68.133333,0,0,0,0,0,"AL",0.038
"5902",522,"199702.224.1200.5","NMFS",1997,4,4,94,30,41.6,-68.216667,1,1,0,1,0,"AL",0.038
"5903",522,"199702.225.1190.7","NMFS",1997,4,4,94,30,41.35,-68.016667,0,0,0,0,0,"AL",0.038
"5904",522,"199702.226.1230.4","NMFS",1997,4,4,94,30,41.316667,-68.45,0,0,0,0,0,"AL",0.038
"5905",522,"199702.227.1230.2","NMFS",1997,4,4,94,30,41.333333,-68.55,0,0,0,0,0,"AL",0.038
"5906",522,"199702.228.1190.9","NMFS",1997,4,4,94,30,41.033333,-68.55,0,0,0,0,0,"AL",0.038
"5907",525,"199702.229.1140.2","NMFS",1997,4,5,95,30,40.333333,-68.2,0,0,0,0,0,"AL",0.038
"5908",525,"199702.230.1150.1","NMFS",1997,4,5,95,30,40.366667,-68.116667,0,0,0,0,0,"AL",0.038
"5909",525,"199702.231.1130.9","NMFS",1997,4,5,95,30,40.583333,-67.933333,0,0,0,0,0,"AL",0.038
"5910",525,"199702.232.1190.8","NMFS",1997,4,5,95,30,40.95,-68.083333,0,0,0,0,0,"AL",0.038
"5911",525,"199702.233.1190.3","NMFS",1997,4,5,95,30,41.066667,-68,0,0,0,0,0,"AL",0.038
"5912",525,"199702.234.1190.4","NMFS",1997,4,5,95,30,41.116667,-67.783333,0,0,0,0,0,"AL",0.038
"5913",562,"199702.235.1190.6","NMFS",1997,4,5,95,30,41.183333,-67.533333,0,0,0,0,0,"AL",0.038
"5914",525,"199702.236.1130.4","NMFS",1997,4,5,95,30,40.883333,-67.316667,0,0,0,0,0,"AL",0.038
"5915",525,"199702.237.1130.8","NMFS",1997,4,5,95,30,40.75,-67.333333,0,0,0,0,0,"AL",0.038
"5916",525,"199702.238.1130.6","NMFS",1997,4,5,95,30,40.616667,-67.45,0,0,0,0,0,"AL",0.038
"5917",525,"199702.239.1130.2","NMFS",1997,4,5,95,30,40.65,-67.333333,0,0,0,0,0,"AL",0.038
"5918",525,"199702.240.1130.7","NMFS",1997,4,6,96,30,40.783333,-66.933333,0,0,0,0,0,"AL",0.038
"5919",525,"199702.241.1130.1","NMFS",1997,4,6,96,30,40.833333,-67.1,0,0,0,0,0,"AL",0.038
"5920",562,"199702.242.1160.6","NMFS",1997,4,6,96,30,41.033333,-67.083333,0,0,0,0,0,"AL",0.038
"5921",562,"199702.243.1190.2","NMFS",1997,4,6,96,30,41.266667,-67.183333,0,0,0,0,0,"AL",0.038
"5922",562,"199702.244.1190.5","NMFS",1997,4,6,96,30,41.616667,-67.25,0,0,0,0,0,"AL",0.038
"5923",562,"199702.245.1160.2","NMFS",1997,4,6,96,30,41.433333,-67.083333,0,0,0,0,0,"AL",0.038
"5924",562,"199702.246.1160.4","NMFS",1997,4,6,96,30,41.266667,-67.033333,0,0,0,0,0,"AL",0.038
"5925",562,"199702.247.1160.10","NMFS",1997,4,6,96,30,41.15,-66.55,0,0,0,0,0,"AL",0.038
"5926",562,"199702.248.1180.1","NMFS",1997,4,6,96,28,41.1,-66.383333,0,0,0,0,0,"AL",0.038
"5927",562,"199702.249.1170.3","NMFS",1997,4,6,96,30,41.183333,-66.366667,0,0,0,0,0,"AL",0.038
"5928",552,"199702.250.1160.1","NMFS",1997,4,6,96,32,41.5,-66.366667,0,0,0,0,0,"AL",0.038
"5929",552,"199702.251.1160.5","NMFS",1997,4,7,97,30,41.516667,-66.4,0,0,0,0,0,"AL",0.038
"5930",552,"199702.252.1160.8","NMFS",1997,4,7,97,30,41.616667,-66.616667,0,0,0,0,0,"AL",0.038
"5931",552,"199702.253.1160.3","NMFS",1997,4,7,97,30,41.683333,-66.55,0,0,0,0,0,"AL",0.038
"5932",552,"199702.254.1160.9","NMFS",1997,4,7,97,30,41.633333,-66.316667,0,0,0,0,0,"AL",0.038
"5933",551,"199702.256.1170.2","NMFS",1997,4,7,97,30,41.866667,-65.833333,0,0,0,0,0,"AL",0.038
"5934",551,"199702.257.1180.2","NMFS",1997,4,7,97,30,41.966667,-65.816667,1,1,0,1,0,"AL",0.038
"5935",551,"199702.258.1170.4","NMFS",1997,4,7,97,30,41.966667,-65.883333,1,0,1,1,0,"AL",0.038
"5936",551,"199702.259.1160.7","NMFS",1997,4,7,97,30,41.85,-66.266667,0,0,0,0,0,"AL",0.038
"5937",464,"199702.260.1290.1","NMFS",1997,4,7,97,30,42.283333,-65.966667,0,0,0,0,0,"AL",0.038
"5938",464,"199702.261.1290.5","NMFS",1997,4,8,98,30,42.366667,-65.85,2,2,0,2,0,"AL",0.038
"5939",464,"199702.262.1290.3","NMFS",1997,4,8,98,30,42.516667,-66.083333,1,1,0,1,0,"AL",0.038
"5940",551,"199702.263.1290.4","NMFS",1997,4,8,98,30,42.283333,-66.45,4,3,1,4,0,"AL",0.038
"5941",551,"199702.264.1220.4","NMFS",1997,4,8,98,30,42.15,-66.366667,0,0,0,0,0,"AL",0.038
"5942",551,"199702.265.1210.3","NMFS",1997,4,8,98,30,42.15,-66.533333,0,0,0,0,0,"AL",0.038
"5943",551,"199702.266.1210.4","NMFS",1997,4,8,98,30,42.116667,-66.85,0,0,0,0,0,"AL",0.038
"5944",551,"199702.267.1300.3","NMFS",1997,4,8,98,30,42.316667,-66.966667,0,0,0,0,0,"AL",0.038
"5945",464,"199702.268.1290.6","NMFS",1997,4,8,98,30,42.55,-66.733333,0,0,0,0,0,"AL",0.038
"5946",464,"199702.269.1300.1","NMFS",1997,4,8,98,30,42.583333,-67.083333,0,0,0,0,0,"AL",0.038
"5947",464,"199702.270.1300.2","NMFS",1997,4,9,99,30,42.366667,-67.466667,0,0,0,0,0,"AL",0.038
"5948",561,"199702.271.1210.2","NMFS",1997,4,9,99,30,42.116667,-67.483333,2,2,0,2,0,"AL",0.038
"5949",561,"199702.272.1200.2","NMFS",1997,4,9,99,30,42.066667,-67.3,0,0,0,0,0,"AL",0.038
"5950",561,"199702.273.1200.1","NMFS",1997,4,9,99,30,41.966667,-67.483333,0,0,0,0,0,"AL",0.038
"5951",562,"199702.274.1190.1","NMFS",1997,4,9,99,30,41.683333,-67.383333,0,0,0,0,0,"AL",0.038
"5952",522,"199702.275.1200.3","NMFS",1997,4,9,99,30,41.85,-67.85,0,0,0,0,0,"AL",0.038
"5953",522,"199702.276.1220.2","NMFS",1997,4,9,99,30,42.05,-67.95,1,1,0,1,0,"AL",0.038
"5954",522,"199702.277.1220.1","NMFS",1997,4,9,99,30,42.133333,-67.816667,0,0,0,0,0,"AL",0.038
"5955",515,"199702.278.1290.2","NMFS",1997,4,9,99,30,42.566667,-67.866667,0,0,0,0,0,"AL",0.038
"5956",515,"199702.279.1360.3","NMFS",1997,4,10,100,30,42.866667,-68.016667,0,0,0,0,0,"AL",0.038
"5957",515,"199702.280.1290.7","NMFS",1997,4,10,100,30,42.666667,-68.066667,1,1,0,1,0,"AL",0.038
"5958",515,"199702.281.1290.8","NMFS",1997,4,10,100,30,42.55,-68.116667,1,1,0,1,0,"AL",0.038
"5959",522,"199702.282.1240.3","NMFS",1997,4,10,100,30,42.05,-68.383333,0,0,0,0,0,"AL",0.038
"5960",522,"199702.283.1240.1","NMFS",1997,4,10,100,30,42.05,-68.483333,0,0,0,0,0,"AL",0.038
"5961",521,"199702.284.1240.2","NMFS",1997,4,10,100,30,42.083333,-68.983333,0,0,0,0,0,"AL",0.038
"5962",514,"199702.285.3580.1","NMFS",1997,4,15,105,24,42.166667,-70.616667,6,4,2,3,3,"AL",0.038
"5963",514,"199702.286.1260.4","NMFS",1997,4,15,105,30,42.366667,-70.5,12,5,7,12,0,"AL",0.038
"5964",514,"199702.287.1260.2","NMFS",1997,4,15,105,30,42.4,-70.616667,46,17,29,45,1,"AL",0.038
"5965",514,"199702.289.3650.1","NMFS",1997,4,15,105,30,42.35,-70.7,146,61,85,137,9,"AL",0.038
"5966",514,"199702.290.3660.2","NMFS",1997,4,15,105,30,42.483333,-70.7,30,15,15,30,0,"AL",0.038
"5967",514,"199702.291.3630.1","NMFS",1997,4,15,105,30,42.55,-70.75,4,2,2,3,1,"AL",0.038
"5968",514,"199702.292.1260.5","NMFS",1997,4,15,105,30,42.5,-70.266667,4,2,2,4,0,"AL",0.038
"5969",514,"199702.293.1260.3","NMFS",1997,4,15,105,30,42.616667,-70.25,2,1,1,2,0,"AL",0.038
"5970",514,"199702.294.3660.1","NMFS",1997,4,15,105,30,42.716667,-70.516667,9,3,6,9,0,"AL",0.038
"5971",514,"199702.295.3640.1","NMFS",1997,4,16,106,30,42.75,-70.75,3,1,2,2,1,"AL",0.038
"5972",514,"199702.296.1400.3","NMFS",1997,4,16,106,30,42.833333,-70.566667,4,0,4,4,0,"AL",0.038
"5973",513,"199702.297.1400.1","NMFS",1997,4,16,106,30,42.966667,-70.416667,13,6,7,13,0,"AL",0.038
"5974",513,"199702.298.1270.3","NMFS",1997,4,16,106,30,43.083333,-70.2,1,0,1,1,0,"AL",0.038
"5975",513,"199702.299.1270.2","NMFS",1997,4,16,106,30,42.883333,-70.033333,0,0,0,0,0,"AL",0.038
"5976",514,"199702.300.1270.4","NMFS",1997,4,16,106,30,42.75,-70.033333,8,8,0,8,0,"AL",0.038
"5977",513,"199702.301.1370.5","NMFS",1997,4,16,106,30,43,-69.566667,0,0,0,0,0,"AL",0.038
"5978",513,"199702.302.1370.4","NMFS",1997,4,16,106,30,43.2,-69.716667,0,0,0,0,0,"AL",0.038
"5979",513,"199702.303.1380.1","NMFS",1997,4,16,106,30,43.35,-69.883333,2,2,0,2,0,"AL",0.038
"5980",513,"199702.304.1400.2","NMFS",1997,4,16,106,30,43.416667,-70.1,7,3,4,7,0,"AL",0.038
"5981",513,"199702.305.1380.4","NMFS",1997,4,17,107,30,43.583333,-69.55,3,3,0,3,0,"AL",0.038
"5982",512,"199702.306.1390.4","NMFS",1997,4,17,107,30,43.833333,-68.75,35,15,20,32,3,"AL",0.038
"5983",512,"199702.307.1390.3","NMFS",1997,4,17,107,30,43.933333,-68.8,35,21,14,35,0,"AL",0.038
"5984",512,"199702.308.1390.2","NMFS",1997,4,17,107,30,43.983333,-68.416667,0,0,0,0,0,"AL",0.038
"5985",512,"199702.309.1380.5","NMFS",1997,4,17,107,30,43.933333,-68.166667,4,2,2,4,0,"AL",0.038
"5986",512,"199702.310.1390.5","NMFS",1997,4,17,107,26,44.15,-68.1,6,3,3,6,0,"AL",0.038
"5987",511,"199702.311.1380.3","NMFS",1997,4,17,107,30,44.116667,-67.666667,1,1,0,1,0,"AL",0.038
"5988",511,"199702.312.1390.1","NMFS",1997,4,17,107,30,44.416667,-67.5,18,8,10,17,1,"AL",0.038
"5989",511,"199702.313.1351.1","NMFS",1997,4,18,108,30,44.283333,-67.233333,3,2,1,3,0,"AL",0.038
"5990",511,"199702.314.1351.2","NMFS",1997,4,18,108,30,44.3,-67.083333,1,1,0,1,0,"AL",0.038
"5991",511,"199702.315.1340.4","NMFS",1997,4,18,108,30,44.116667,-67.15,0,0,0,0,0,"AL",0.038
"5992",465,"199702.316.1340.6","NMFS",1997,4,18,108,30,43.816667,-67.35,1,1,0,1,0,"AL",0.038
"5993",465,"199702.317.1340.1","NMFS",1997,4,18,108,30,43.833333,-66.75,3,0,3,3,0,"AL",0.038
"5994",465,"199702.318.1330.3","NMFS",1997,4,18,108,30,44,-66.583333,8,4,4,8,0,"AL",0.038
"5995",465,"199702.319.1330.4","NMFS",1997,4,20,110,30,43.566667,-66.416667,1,0,1,1,0,"AL",0.038
"5996",465,"199702.320.1330.2","NMFS",1997,4,20,110,30,43.483333,-66.25,2,2,0,2,0,"AL",0.038
"5997",465,"199702.321.1330.1","NMFS",1997,4,21,111,30,43.383333,-66.516667,2,1,1,2,0,"AL",0.038
"5998",465,"199702.322.1340.2","NMFS",1997,4,21,111,30,43.366667,-66.783333,1,1,0,1,0,"AL",0.038
"5999",465,"199702.323.1340.5","NMFS",1997,4,21,111,30,43.283333,-66.8,1,0,1,1,0,"AL",0.038
"6000",464,"199702.324.1360.8","NMFS",1997,4,21,111,30,42.966667,-66.7,0,0,0,0,0,"AL",0.038
"6001",464,"199702.325.1340.3","NMFS",1997,4,21,111,30,42.983333,-66.85,0,0,0,0,0,"AL",0.038
"6002",465,"199702.326.1360.6","NMFS",1997,4,21,111,30,43.3,-66.983333,0,0,0,0,0,"AL",0.038
"6003",465,"199702.327.1360.4","NMFS",1997,4,21,111,30,43.466667,-67.166667,2,2,0,2,0,"AL",0.038
"6004",465,"199702.328.1360.5","NMFS",1997,4,21,111,30,43.3,-67.316667,1,0,1,1,0,"AL",0.038
"6005",515,"199702.329.1360.1","NMFS",1997,4,21,111,30,43.2,-67.833333,0,0,0,0,0,"AL",0.038
"6006",515,"199702.330.1360.7","NMFS",1997,4,21,111,30,43.233333,-68.066667,0,0,0,0,0,"AL",0.038
"6007",515,"199702.331.1360.2","NMFS",1997,4,22,112,30,43.316667,-68.216667,0,0,0,0,0,"AL",0.038
"6008",512,"199702.332.1380.2","NMFS",1997,4,22,112,30,43.466667,-68.25,0,0,0,0,0,"AL",0.038
"6009",515,"199702.333.1370.2","NMFS",1997,4,22,112,30,43.3,-68.583333,0,0,0,0,0,"AL",0.038
"6010",515,"199702.334.1280.3","NMFS",1997,4,22,112,30,42.583333,-68.6,0,0,0,0,0,"AL",0.038
"6011",515,"199702.335.1280.7","NMFS",1997,4,22,112,30,42.5,-68.633333,1,1,0,1,0,"AL",0.038
"6012",515,"199702.336.1370.3","NMFS",1997,4,22,112,30,42.733333,-69.016667,1,1,0,1,0,"AL",0.038
"6013",515,"199702.337.1370.1","NMFS",1997,4,22,112,30,42.716667,-69.166667,0,0,0,0,0,"AL",0.038
"6014",514,"199802.226.3640.2","NMFS",1998,4,1,91,21,42.45,-70.833333,14,9,5,13,1,"AL",0.038
"6015",514,"199802.227.3660.1","NMFS",1998,4,1,91,30,42.4,-70.7,57,22,35,54,3,"AL",0.038
"6016",514,"199802.229.3610.1","NMFS",1998,4,1,91,30,42.05,-70.35,75,32,43,73,2,"AL",0.038
"6017",514,"199802.230.3600.2","NMFS",1998,4,1,91,30,41.966667,-70.433333,18,7,11,14,4,"AL",0.038
"6018",514,"199802.231.3600.1","NMFS",1998,4,1,91,30,41.933333,-70.416667,14,13,1,12,2,"AL",0.038
"6019",514,"199802.232.3590.1","NMFS",1998,4,1,91,30,41.85,-70.266667,0,0,0,0,0,"AL",0.038
"6020",514,"199802.233.3580.1","NMFS",1998,4,1,91,30,41.833333,-70.2,0,0,0,0,0,"AL",0.038
"6021",521,"199802.234.1240.6","NMFS",1998,4,1,91,30,42.166667,-69.2,0,0,0,0,0,"AL",0.038
"6022",521,"199802.235.1280.4","NMFS",1998,4,1,91,30,41.95,-69.166667,0,0,0,0,0,"AL",0.038
"6023",521,"199802.236.1240.4","NMFS",1998,4,2,92,30,41.933333,-68.983333,0,0,0,0,0,"AL",0.038
"6024",522,"199802.237.1240.5","NMFS",1998,4,2,92,30,41.816667,-68.716667,0,0,0,0,0,"AL",0.038
"6025",522,"199802.238.1220.4","NMFS",1998,4,2,92,30,41.816667,-68.283333,0,0,0,0,0,"AL",0.038
"6026",522,"199802.239.1210.1","NMFS",1998,4,2,92,30,41.7,-68.366667,0,0,0,0,0,"AL",0.038
"6027",522,"199802.240.1200.5","NMFS",1998,4,2,92,30,41.683333,-68.233333,0,0,0,0,0,"AL",0.038
"6028",522,"199802.241.1200.3","NMFS",1998,4,2,92,30,41.633333,-67.766667,0,0,0,0,0,"AL",0.038
"6029",522,"199802.242.1200.4","NMFS",1998,4,2,92,30,41.533333,-67.933333,0,0,0,0,0,"AL",0.038
"6030",522,"199802.243.1190.3","NMFS",1998,4,2,92,29,41.4,-67.783333,0,0,0,0,0,"AL",0.038
"6031",522,"199802.244.1190.2","NMFS",1998,4,2,92,30,41.4,-67.916667,0,0,0,0,0,"AL",0.038
"6032",522,"199802.245.1190.4","NMFS",1998,4,2,92,30,41.433333,-67.933333,2,0,2,2,0,"AL",0.038
"6033",522,"199802.246.1200.6","NMFS",1998,4,2,92,30,41.45,-68,0,0,0,0,0,"AL",0.038
"6034",522,"199802.247.1240.1","NMFS",1998,4,3,93,30,41.35,-68.833333,0,0,0,0,0,"AL",0.038
"6035",521,"199802.248.1230.2","NMFS",1998,4,3,93,30,41.183333,-68.9,0,0,0,0,0,"AL",0.038
"6036",522,"199802.249.1200.2","NMFS",1998,4,3,93,27.5,41.15,-68.533333,0,0,0,0,0,"AL",0.038
"6037",525,"199802.250.1190.9","NMFS",1998,4,3,93,30,41.083333,-68.266667,0,0,0,0,0,"AL",0.038
"6038",525,"199802.251.1190.1","NMFS",1998,4,3,93,30,40.966667,-68.2,0,0,0,0,0,"AL",0.038
"6039",525,"199802.252.1190.8","NMFS",1998,4,3,93,30,41.05,-68.066667,0,0,0,0,0,"AL",0.038
"6040",525,"199802.253.1130.9","NMFS",1998,4,3,93,30,40.9,-67.65,0,0,0,0,0,"AL",0.038
"6041",525,"199802.254.1130.2","NMFS",1998,4,3,93,30,40.683333,-67.4,0,0,0,0,0,"AL",0.038
"6042",525,"199802.255.1130.7","NMFS",1998,4,3,93,30,40.65,-67.2,0,0,0,0,0,"AL",0.038
"6043",562,"199802.256.1170.3","NMFS",1998,4,4,94,30,40.866667,-66.683333,0,0,0,0,0,"AL",0.038
"6044",562,"199802.257.1160.2","NMFS",1998,4,4,94,30,41.016667,-66.583333,0,0,0,0,0,"AL",0.038
"6045",552,"199802.258.1170.1","NMFS",1998,4,4,94,30,41.216667,-66.3,0,0,0,0,0,"AL",0.038
"6046",562,"199802.259.1160.7","NMFS",1998,4,4,94,30,41.4,-66.683333,0,0,0,0,0,"AL",0.038
"6047",562,"199802.260.1160.5","NMFS",1998,4,4,94,30,41.283333,-66.85,0,0,0,0,0,"AL",0.038
"6048",562,"199802.261.1190.6","NMFS",1998,4,4,94,30,41.483333,-67.3,0,0,0,0,0,"AL",0.038
"6049",562,"199802.262.1160.9","NMFS",1998,4,4,94,30,41.566667,-66.883333,0,0,0,0,0,"AL",0.038
"6050",552,"199802.263.1160.6","NMFS",1998,4,4,94,30,41.733333,-66.683333,0,0,0,0,0,"AL",0.038
"6051",552,"199802.264.1160.1","NMFS",1998,4,5,95,30,41.566667,-66.066667,0,0,0,0,0,"AL",0.038
"6052",552,"199802.265.1170.2","NMFS",1998,4,5,95,30,41.816667,-65.85,0,0,0,0,0,"AL",0.038
"6053",551,"199802.266.1180.1","NMFS",1998,4,5,95,30,42.033333,-65.9,1,1,0,1,0,"AL",0.038
"6054",551,"199802.267.1160.8","NMFS",1998,4,5,95,30,41.983333,-66.016667,0,0,0,0,0,"AL",0.038
"6055",551,"199802.268.1160.4","NMFS",1998,4,5,95,30,42.066667,-66.383333,0,0,0,0,0,"AL",0.038
"6056",551,"199802.269.1220.3","NMFS",1998,4,5,95,30,42.15,-66.45,0,0,0,0,0,"AL",0.038
"6057",551,"199802.270.1160.10","NMFS",1998,4,5,95,30,41.983333,-66.616667,0,0,0,0,0,"AL",0.038
"6058",551,"199802.271.1160.3","NMFS",1998,4,5,95,30,41.933333,-66.733333,0,0,0,0,0,"AL",0.038
"6059",561,"199802.272.1190.5","NMFS",1998,4,6,96,30,41.95,-67.183333,0,0,0,0,0,"AL",0.038
"6060",522,"199802.273.1200.1","NMFS",1998,4,6,96,24.7,41.95,-67.75,0,0,0,0,0,"AL",0.038
"6061",522,"199802.274.1210.4","NMFS",1998,4,6,96,30,42.016667,-67.733333,0,0,0,0,0,"AL",0.038
"6062",561,"199802.275.1220.1","NMFS",1998,4,6,96,30,42.15,-67.583333,0,0,0,0,0,"AL",0.038
"6063",561,"199802.276.1290.1","NMFS",1998,4,6,96,30,42.233333,-67.383333,1,1,0,1,0,"AL",0.038
"6064",561,"199802.277.1290.9","NMFS",1998,4,6,96,30,42.216667,-67.4,5,5,0,5,0,"AL",0.038
"6065",551,"199802.278.1290.2","NMFS",1998,4,6,96,30,42.233333,-67.216667,0,0,0,0,0,"AL",0.038
"6066",561,"199802.279.1210.3","NMFS",1998,4,6,96,30,42.116667,-67.2,3,2,1,3,0,"AL",0.038
"6067",551,"199802.280.1210.2","NMFS",1998,4,6,96,30,42.116667,-66.966667,0,0,0,0,0,"AL",0.038
"6068",551,"199802.281.1220.2","NMFS",1998,4,7,97,30,42.183333,-66.883333,0,0,0,0,0,"AL",0.038
"6069",464,"199802.282.1300.3","NMFS",1998,4,7,97,30,42.366667,-66.716667,2,2,0,2,0,"AL",0.038
"6070",464,"199802.283.1300.2","NMFS",1998,4,7,97,30,42.383333,-66.566667,6,6,0,6,0,"AL",0.038
"6071",464,"199802.284.1290.7","NMFS",1998,4,7,97,30,42.4,-66.483333,5,5,0,5,0,"AL",0.038
"6072",464,"199802.285.1290.5","NMFS",1998,4,7,97,30,42.416667,-66.216667,1,1,0,1,0,"AL",0.038
"6073",464,"199802.286.1290.4","NMFS",1998,4,7,97,30,42.516667,-66.166667,1,0,1,1,0,"AL",0.038
"6074",464,"199802.287.1290.6","NMFS",1998,4,7,97,30,42.516667,-66.316667,0,0,0,0,0,"AL",0.038
"6075",464,"199802.289.1300.4","NMFS",1998,4,7,97,30,42.483333,-66.766667,1,1,0,1,0,"AL",0.038
"6076",464,"199802.290.1290.8","NMFS",1998,4,7,97,30,42.533333,-66.716667,1,1,0,1,0,"AL",0.038
"6077",464,"199802.291.1360.1","NMFS",1998,4,7,97,30,42.916667,-67.016667,0,0,0,0,0,"AL",0.038
"6078",465,"199802.292.1360.6","NMFS",1998,4,8,98,30,43.083333,-67.15,0,0,0,0,0,"AL",0.038
"6079",465,"199802.293.1360.8","NMFS",1998,4,8,98,30,43.233333,-67,0,0,0,0,0,"AL",0.038
"6080",465,"199802.294.1330.4","NMFS",1998,4,8,98,30,43.216667,-66.333333,1,0,1,1,0,"AL",0.038
"6081",465,"199802.295.1340.4","NMFS",1998,4,8,98,30,43.566667,-66.733333,1,0,1,1,0,"AL",0.038
"6082",465,"199802.296.1340.3","NMFS",1998,4,8,98,30,43.616667,-66.833333,0,0,0,0,0,"AL",0.038
"6083",465,"199802.297.1340.5","NMFS",1998,4,8,98,30,43.65,-66.566667,1,0,1,1,0,"AL",0.038
"6084",465,"199802.298.1330.2","NMFS",1998,4,8,98,30,43.75,-66.5,4,2,2,4,0,"AL",0.038
"6085",465,"199802.299.1330.3","NMFS",1998,4,8,98,30,43.766667,-66.383333,11,8,3,11,0,"AL",0.038
"6086",465,"199802.300.1330.1","NMFS",1998,4,8,98,30,43.916667,-66.633333,4,1,3,4,0,"AL",0.038
"6087",466,"199802.301.1351.2","NMFS",1998,4,9,99,30,44.083333,-66.766667,0,0,0,0,0,"AL",0.038
"6088",511,"199802.302.1351.1","NMFS",1998,4,9,99,30,44.3,-66.95,3,2,1,3,0,"AL",0.038
"6089",511,"199802.303.1340.1","NMFS",1998,4,9,99,30,44.116667,-67.066667,0,0,0,0,0,"AL",0.038
"6090",465,"199802.304.1340.6","NMFS",1998,4,9,99,30,43.8,-67.25,1,1,0,1,0,"AL",0.038
"6091",465,"199802.305.1340.2","NMFS",1998,4,9,99,30,43.633333,-67.166667,0,0,0,0,0,"AL",0.038
"6092",514,"199802.306.3590.2","NMFS",1998,4,13,103,30,41.85,-70.383333,4,1,3,4,0,"AL",0.038
"6093",514,"199802.307.3600.3","NMFS",1998,4,14,104,30,41.9,-70.25,0,0,0,0,0,"AL",0.038
"6094",514,"199802.308.3580.2","NMFS",1998,4,14,104,30,41.9,-70.133333,1,0,1,1,0,"AL",0.038
"6095",514,"199802.309.3610.3","NMFS",1998,4,14,104,30,42.066667,-70.45,21,13,8,19,2,"AL",0.038
"6096",514,"199802.310.1260.9","NMFS",1998,4,14,104,30,42.316667,-70.6,36,16,20,35,1,"AL",0.038
"6097",514,"199802.311.1260.7","NMFS",1998,4,14,104,30,42.316667,-70.1,1,1,0,1,0,"AL",0.038
"6098",514,"199802.312.1280.9","NMFS",1998,4,14,104,30,42.45,-69.883333,1,1,0,1,0,"AL",0.038
"6099",514,"199802.313.1260.4","NMFS",1998,4,14,104,30,42.816667,-70.366667,0,0,0,0,0,"AL",0.038
"6100",514,"199802.314.3650.1","NMFS",1998,4,14,104,30,42.733333,-70.633333,1,0,1,1,0,"AL",0.038
"6101",513,"199802.315.3640.1","NMFS",1998,4,14,104,30,42.85,-70.766667,1,0,1,1,0,"AL",0.038
"6102",513,"199802.316.1400.3","NMFS",1998,4,15,105,30,42.883333,-70.45,2,2,0,2,0,"AL",0.038
"6103",514,"199802.317.1260.2","NMFS",1998,4,15,105,30,42.766667,-70.4,11,7,4,11,0,"AL",0.038
"6104",513,"199802.318.1270.3","NMFS",1998,4,15,105,30,43.066667,-70.016667,5,5,0,5,0,"AL",0.038
"6105",513,"199802.319.1370.8","NMFS",1998,4,15,105,30,43.183333,-69.866667,0,0,0,0,0,"AL",0.038
"6106",513,"199802.320.1370.2","NMFS",1998,4,15,105,30,43.05,-69.5,0,0,0,0,0,"AL",0.038
"6107",515,"199802.321.1370.5","NMFS",1998,4,15,105,30,42.8,-69.5,0,0,0,0,0,"AL",0.038
"6108",515,"199802.322.1280.1","NMFS",1998,4,15,105,30,42.683333,-69.383333,0,0,0,0,0,"AL",0.038
"6109",515,"199802.323.1280.5","NMFS",1998,4,15,105,30,42.633333,-69.166667,0,0,0,0,0,"AL",0.038
"6110",515,"199802.324.1370.1","NMFS",1998,4,15,105,30,42.65,-69.133333,0,0,0,0,0,"AL",0.038
"6111",515,"199802.325.1280.7","NMFS",1998,4,15,105,30,42.5,-69.4,2,2,0,2,0,"AL",0.038
"6112",521,"199802.326.1270.6","NMFS",1998,4,15,105,30,42.166667,-69.8,2,2,0,2,0,"AL",0.038
"6113",521,"199802.327.1260.8","NMFS",1998,4,16,106,30,42.116667,-69.95,2,1,1,2,0,"AL",0.038
"6114",521,"199802.328.1280.10","NMFS",1998,4,16,106,30,42.05,-69.683333,0,0,0,0,0,"AL",0.038
"6115",521,"199802.329.1240.8","NMFS",1998,4,16,106,30,41.916667,-69.75,1,1,0,1,0,"AL",0.038
"6116",521,"199802.330.1280.8","NMFS",1998,4,16,106,30,41.916667,-69.333333,0,0,0,0,0,"AL",0.038
"6117",521,"199802.331.1240.9","NMFS",1998,4,16,106,30,42.066667,-68.883333,0,0,0,0,0,"AL",0.038
"6118",522,"199802.332.1240.7","NMFS",1998,4,16,106,30,42.1,-68.833333,0,0,0,0,0,"AL",0.038
"6119",522,"199802.333.1240.3","NMFS",1998,4,16,106,30,42.183333,-68.533333,0,0,0,0,0,"AL",0.038
"6120",515,"199802.334.1240.2","NMFS",1998,4,16,106,30,42.383333,-68.516667,0,0,0,0,0,"AL",0.038
"6121",515,"199802.335.1280.2","NMFS",1998,4,16,106,30,42.466667,-68.666667,0,0,0,0,0,"AL",0.038
"6122",515,"199802.336.1280.6","NMFS",1998,4,16,106,30,42.366667,-68.85,0,0,0,0,0,"AL",0.038
"6123",515,"199802.337.1280.3","NMFS",1998,4,16,106,30,42.483333,-69,1,1,0,1,0,"AL",0.038
"6124",515,"199802.338.1370.7","NMFS",1998,4,17,107,30,42.7,-68.8,0,0,0,0,0,"AL",0.038
"6125",515,"199802.339.1370.6","NMFS",1998,4,17,107,30,42.883333,-68.65,1,1,0,1,0,"AL",0.038
"6126",515,"199802.340.1370.4","NMFS",1998,4,17,107,30,42.966667,-68.566667,0,0,0,0,0,"AL",0.038
"6127",515,"199802.341.1280.11","NMFS",1998,4,17,107,30,42.716667,-68.516667,0,0,0,0,0,"AL",0.038
"6128",515,"199802.342.1290.3","NMFS",1998,4,17,107,30,42.616667,-68.283333,0,0,0,0,0,"AL",0.038
"6129",515,"199802.343.1360.7","NMFS",1998,4,17,107,30,42.916667,-68.166667,0,0,0,0,0,"AL",0.038
"6130",515,"199802.344.1360.3","NMFS",1998,4,17,107,30,42.933333,-68.066667,0,0,0,0,0,"AL",0.038
"6131",515,"199802.345.1360.9","NMFS",1998,4,17,107,30,43.266667,-68.133333,0,0,0,0,0,"AL",0.038
"6132",515,"199802.346.1360.4","NMFS",1998,4,17,107,30,43.316667,-68,0,0,0,0,0,"AL",0.038
"6133",465,"199802.347.1360.11","NMFS",1998,4,17,107,30,43.25,-67.55,0,0,0,0,0,"AL",0.038
"6134",512,"199802.348.1360.2","NMFS",1998,4,18,108,30,43.4,-67.716667,0,0,0,0,0,"AL",0.038
"6135",512,"199802.349.1360.10","NMFS",1998,4,18,108,30,43.533333,-67.7,0,0,0,0,0,"AL",0.038
"6136",465,"199802.350.1360.5","NMFS",1998,4,18,108,30,43.833333,-67.5,0,0,0,0,0,"AL",0.038
"6137",511,"199802.351.1390.7","NMFS",1998,4,18,108,30,44.333333,-67.483333,0,0,0,0,0,"AL",0.038
"6138",511,"199802.352.1390.3","NMFS",1998,4,18,108,30,44.3,-67.7,1,1,0,1,0,"AL",0.038
"6139",512,"199802.354.1390.9","NMFS",1998,4,18,108,26,44.233333,-67.933333,1,1,0,1,0,"AL",0.038
"6140",512,"199802.355.1390.6","NMFS",1998,4,18,108,30,43.866667,-68.416667,0,0,0,0,0,"AL",0.038
"6141",512,"199802.356.1390.4","NMFS",1998,4,18,108,20,43.816667,-68.8,24,12,12,24,0,"AL",0.038
"6142",512,"199802.358.1390.5","NMFS",1998,4,19,109,26,43.916667,-68.65,11,6,5,11,0,"AL",0.038
"6143",512,"199802.359.1390.2","NMFS",1998,4,19,109,30,43.816667,-68.6,2,1,1,2,0,"AL",0.038
"6144",512,"199802.360.1380.2","NMFS",1998,4,19,109,30,43.783333,-68.483333,1,1,0,1,0,"AL",0.038
"6145",512,"199802.362.1380.1","NMFS",1998,4,19,109,30,43.616667,-68.7,0,0,0,0,0,"AL",0.038
"6146",512,"199802.363.1380.6","NMFS",1998,4,19,109,30,43.516667,-68.566667,2,2,0,2,0,"AL",0.038
"6147",512,"199802.364.1380.7","NMFS",1998,4,19,109,30,43.516667,-68.65,0,0,0,0,0,"AL",0.038
"6148",515,"199802.365.1370.3","NMFS",1998,4,19,109,30,43.2,-68.95,0,0,0,0,0,"AL",0.038
"6149",513,"199802.366.1380.4","NMFS",1998,4,19,109,30,43.316667,-69.35,0,0,0,0,0,"AL",0.038
"6150",513,"199802.367.1380.5","NMFS",1998,4,19,109,30,43.483333,-69.166667,0,0,0,0,0,"AL",0.038
"6151",513,"199802.368.1380.8","NMFS",1998,4,19,109,30,43.466667,-69.4,3,3,0,3,0,"AL",0.038
"6152",513,"199802.369.1270.5","NMFS",1998,4,20,110,30,43.4,-70.033333,2,2,0,2,0,"AL",0.038
"6153",513,"199802.370.1400.2","NMFS",1998,4,20,110,30,43.433333,-70.083333,14,4,10,14,0,"AL",0.038
"6154",513,"199802.371.1270.1","NMFS",1998,4,20,110,30,43.316667,-70.066667,0,0,0,0,0,"AL",0.038
"6155",513,"199802.372.1400.5","NMFS",1998,4,20,110,30,43.3,-70.166667,9,2,7,9,0,"AL",0.038
"6156",513,"199802.373.1400.1","NMFS",1998,4,20,110,30,43.266667,-70.2,22,11,11,22,0,"AL",0.038
"6157",513,"199802.374.1400.4","NMFS",1998,4,20,110,24.5,43.266667,-70.35,17,10,7,14,3,"AL",0.038
"6158",526,"199902.184.1100.9","NMFS",1999,4,1,91,28,40.894,-69.200833,0,0,0,0,0,"AL",0.038
"6159",526,"199902.185.1090.5","NMFS",1999,4,1,91,30,40.8145,-69.497833,0,0,0,0,0,"AL",0.038
"6160",526,"199902.186.1090.4","NMFS",1999,4,1,91,30,40.849167,-69.621167,0,0,0,0,0,"AL",0.038
"6161",526,"199902.187.3550.4","NMFS",1999,4,1,91,30,40.895833,-69.5145,0,0,0,0,0,"AL",0.038
"6162",521,"199902.188.3550.2","NMFS",1999,4,1,91,30,41.035667,-69.488833,0,0,0,0,0,"AL",0.038
"6163",521,"199902.189.3550.3","NMFS",1999,4,1,91,30,41.105,-69.458833,0,0,0,0,0,"AL",0.038
"6164",521,"199902.190.3550.1","NMFS",1999,4,1,91,30,41.245,-69.5405,0,0,0,0,0,"AL",0.038
"6165",521,"199902.191.3550.5","NMFS",1999,4,1,91,30,41.256333,-69.486333,2,1,1,2,0,"AL",0.038
"6166",521,"199902.192.1230.3","NMFS",1999,4,1,91,30,41.345333,-69.276833,0,0,0,0,0,"AL",0.038
"6167",521,"199902.193.1250.3","NMFS",1999,4,6,96,30,41.480667,-69.573167,13,8,5,10,3,"AL",0.038
"6168",521,"199902.194.1250.2","NMFS",1999,4,6,96,25,41.653,-69.728833,6,3,3,6,0,"AL",0.038
"6169",521,"199902.195.1230.2","NMFS",1999,4,6,96,30,41.686167,-69.656333,0,0,0,0,0,"AL",0.038
"6170",521,"199902.196.1240.4","NMFS",1999,4,6,96,30,41.633,-69.2185,10,9,1,10,0,"AL",0.038
"6171",521,"199902.197.1250.4","NMFS",1999,4,6,96,30,41.1,-69.326833,0,0,0,0,0,"AL",0.038
"6172",521,"199902.198.1250.1","NMFS",1999,4,6,96,30,41.0155,-69.271833,1,1,0,1,0,"AL",0.038
"6173",521,"199902.199.1230.5","NMFS",1999,4,6,96,25,41.1425,-69.145167,0,0,0,0,0,"AL",0.038
"6174",521,"199902.200.1230.1","NMFS",1999,4,6,96,30,41.231167,-68.958833,0,0,0,0,0,"AL",0.038
"6175",521,"199902.201.1230.4","NMFS",1999,4,6,96,30,41.112333,-68.880167,1,0,1,1,0,"AL",0.038
"6176",522,"199902.202.1200.2","NMFS",1999,4,6,96,30,41.0705,-68.611167,0,0,0,0,0,"AL",0.038
"6177",525,"199902.203.1130.5","NMFS",1999,4,6,96,30,40.714667,-68.704833,0,0,0,0,0,"AL",0.038
"6178",525,"199902.204.1130.4","NMFS",1999,4,6,96,30,40.521167,-68.620667,0,0,0,0,0,"AL",0.038
"6179",525,"199902.205.1130.3","NMFS",1999,4,7,97,30,40.397833,-68.6535,0,0,0,0,0,"AL",0.038
"6180",525,"199902.206.1130.7","NMFS",1999,4,7,97,30,40.358667,-68.816667,0,0,0,0,0,"AL",0.038
"6181",525,"199902.207.1140.3","NMFS",1999,4,7,97,30,40.266333,-68.650333,0,0,0,0,0,"AL",0.038
"6182",525,"199902.209.1150.2","NMFS",1999,4,7,97,30,40.350167,-67.821833,0,0,0,0,0,"AL",0.038
"6183",525,"199902.210.1140.2","NMFS",1999,4,7,97,30,40.504,-67.778,0,0,0,0,0,"AL",0.038
"6184",525,"199902.211.1140.1","NMFS",1999,4,7,97,30,40.575833,-67.230833,0,0,0,0,0,"AL",0.038
"6185",521,"199902.213.1240.3","NMFS",1999,4,8,98,30,42.0655,-69.715167,0,0,0,0,0,"AL",0.038
"6186",521,"199902.214.1280.7","NMFS",1999,4,8,98,30,42.236167,-69.509667,0,0,0,0,0,"AL",0.038
"6187",522,"199902.215.1240.2","NMFS",1999,4,9,99,30,42.2125,-68.669833,0,0,0,0,0,"AL",0.038
"6188",522,"199902.216.1240.5","NMFS",1999,4,9,99,30,41.898333,-68.7025,0,0,0,0,0,"AL",0.038
"6189",522,"199902.217.1210.4","NMFS",1999,4,9,99,30,41.772833,-68.295167,0,0,0,0,0,"AL",0.038
"6190",522,"199902.218.1240.6","NMFS",1999,4,9,99,30,41.947667,-68.326833,0,0,0,0,0,"AL",0.038
"6191",522,"199902.219.1240.1","NMFS",1999,4,9,99,30,42.019333,-68.339167,0,0,0,0,0,"AL",0.038
"6192",522,"199902.220.1290.4","NMFS",1999,4,9,99,30,42.178167,-68.195667,0,0,0,0,0,"AL",0.038
"6193",522,"199902.221.1220.2","NMFS",1999,4,9,99,30,42.0915,-67.850333,0,0,0,0,0,"AL",0.038
"6194",522,"199902.222.1200.6","NMFS",1999,4,9,99,30,41.856333,-67.906167,0,0,0,0,0,"AL",0.038
"6195",522,"199902.223.1200.4","NMFS",1999,4,9,99,30,41.774333,-67.7265,4,3,1,2,2,"AL",0.038
"6196",562,"199902.224.1190.2","NMFS",1999,4,9,99,30,41.644833,-67.4505,1,1,0,1,0,"AL",0.038
"6197",562,"199902.225.1190.8","NMFS",1999,4,9,99,30,41.526167,-67.3775,0,0,0,0,0,"AL",0.038
"6198",562,"199902.226.1190.5","NMFS",1999,4,10,100,30,41.456833,-67.350167,0,0,0,0,0,"AL",0.038
"6199",562,"199902.227.1190.7","NMFS",1999,4,10,100,30,41.332167,-67.314667,0,0,0,0,0,"AL",0.038
"6200",562,"199902.228.1190.9","NMFS",1999,4,10,100,30,41.185167,-67.654167,0,0,0,0,0,"AL",0.038
"6201",522,"199902.229.1190.3","NMFS",1999,4,10,100,30,41.386167,-67.896833,0,0,0,0,0,"AL",0.038
"6202",522,"199902.230.1200.5","NMFS",1999,4,10,100,30,41.547333,-67.942833,0,0,0,0,0,"AL",0.038
"6203",522,"199902.231.1200.3","NMFS",1999,4,10,100,30,41.405,-68.083333,0,0,0,0,0,"AL",0.038
"6204",522,"199902.232.1190.1","NMFS",1999,4,10,100,30,41.366,-68.111667,0,0,0,0,0,"AL",0.038
"6205",525,"199902.233.1190.4","NMFS",1999,4,10,100,30,41.1365,-68.0285,0,0,0,0,0,"AL",0.038
"6206",525,"199902.234.1190.6","NMFS",1999,4,10,100,30,41.022167,-68.2485,0,0,0,0,0,"AL",0.038
"6207",525,"199902.235.1130.1","NMFS",1999,4,10,100,30,40.8455,-68.179833,0,0,0,0,0,"AL",0.038
"6208",525,"199902.236.1130.2","NMFS",1999,4,10,100,30,40.8305,-67.945333,0,0,0,0,0,"AL",0.038
"6209",525,"199902.237.1130.9","NMFS",1999,4,10,100,30,40.777333,-67.969833,0,0,0,0,0,"AL",0.038
"6210",525,"199902.238.1130.8","NMFS",1999,4,10,100,30,40.772,-67.846667,0,0,0,0,0,"AL",0.038
"6211",525,"199902.239.1130.6","NMFS",1999,4,11,101,30,40.720833,-67.521,0,0,0,0,0,"AL",0.038
"6212",562,"199902.240.1170.2","NMFS",1999,4,11,101,30,40.893333,-66.652667,0,0,0,0,0,"AL",0.038
"6213",562,"199902.241.1160.10","NMFS",1999,4,11,101,30,41.193667,-66.996,0,0,0,0,0,"AL",0.038
"6214",562,"199902.242.1160.9","NMFS",1999,4,11,101,30,41.217667,-66.778,0,0,0,0,0,"AL",0.038
"6215",562,"199902.243.1160.5","NMFS",1999,4,11,101,30,41.449,-67.001833,0,0,0,0,0,"AL",0.038
"6216",562,"199902.244.1160.3","NMFS",1999,4,11,101,30,41.5955,-66.78,0,0,0,0,0,"AL",0.038
"6217",561,"199902.245.1200.1","NMFS",1999,4,14,104,30,41.984833,-67.485167,0,0,0,0,0,"AL",0.038
"6218",561,"199902.246.1210.1","NMFS",1999,4,14,104,30,42.106833,-67.401167,0,0,0,0,0,"AL",0.038
"6219",561,"199902.247.1220.4","NMFS",1999,4,14,104,30,42.139,-67.615333,1,1,0,1,0,"AL",0.038
"6220",561,"199902.248.1290.2","NMFS",1999,4,14,104,30,42.216333,-67.4175,1,1,0,1,0,"AL",0.038
"6221",561,"199902.249.1300.1","NMFS",1999,4,14,104,30,42.311333,-67.365333,1,1,0,1,0,"AL",0.038
"6222",551,"199902.250.1290.6","NMFS",1999,4,14,104,30,42.306167,-67.2015,0,0,0,0,0,"AL",0.038
"6223",551,"199902.251.1290.3","NMFS",1999,4,14,104,30,42.280167,-67.169,0,0,0,0,0,"AL",0.038
"6224",551,"199902.252.1290.5","NMFS",1999,4,14,104,30,42.273833,-66.9275,1,1,0,1,0,"AL",0.038
"6225",551,"199902.254.1160.4","NMFS",1999,4,15,105,30,41.924333,-66.458667,0,0,0,0,0,"AL",0.038
"6226",551,"199902.255.1160.6","NMFS",1999,4,15,105,30,41.957,-66.229833,0,0,0,0,0,"AL",0.038
"6227",552,"199902.256.1160.7","NMFS",1999,4,15,105,30,41.7765,-66.329833,0,0,0,0,0,"AL",0.038
"6228",552,"199902.257.1160.2","NMFS",1999,4,15,105,30,41.652333,-66.352833,0,0,0,0,0,"AL",0.038
"6229",562,"199902.258.1160.1","NMFS",1999,4,15,105,30,41.4905,-66.615167,0,0,0,0,0,"AL",0.038
"6230",552,"199902.259.1160.8","NMFS",1999,4,15,105,30,41.350167,-66.286167,0,0,0,0,0,"AL",0.038
"6231",551,"199902.260.1180.1","NMFS",1999,4,15,105,30,41.845333,-65.729833,3,3,0,3,0,"AL",0.038
"6232",551,"199902.261.1170.3","NMFS",1999,4,15,105,30,41.850833,-65.842667,0,0,0,0,0,"AL",0.038
"6233",551,"199902.262.1170.1","NMFS",1999,4,16,106,30,42.020667,-65.953667,1,0,1,1,0,"AL",0.038
"6234",551,"199902.263.1220.3","NMFS",1999,4,16,106,30,42.138667,-66.108,0,0,0,0,0,"AL",0.038
"6235",551,"199902.264.1210.3","NMFS",1999,4,16,106,30,42.1145,-66.255167,0,0,0,0,0,"AL",0.038
"6236",551,"199902.265.1220.1","NMFS",1999,4,16,106,30,42.151667,-66.367833,0,0,0,0,0,"AL",0.038
"6237",551,"199902.266.1210.5","NMFS",1999,4,16,106,30,42.1325,-66.565667,0,0,0,0,0,"AL",0.038
"6238",464,"199902.267.1300.2","NMFS",1999,4,16,106,30,42.344667,-66.802333,0,0,0,0,0,"AL",0.038
"6239",464,"199902.268.1300.3","NMFS",1999,4,16,106,30,42.471333,-67.298333,0,0,0,0,0,"AL",0.038
"6240",464,"199902.269.1290.8","NMFS",1999,4,16,106,30,42.603,-66.9985,0,0,0,0,0,"AL",0.038
"6241",464,"199902.270.1290.7","NMFS",1999,4,16,106,30,42.693833,-67.2615,4,4,0,4,0,"AL",0.038
"6242",515,"199902.271.1290.1","NMFS",1999,4,16,106,30,42.6525,-67.915167,0,0,0,0,0,"AL",0.038
"6243",515,"199902.272.1360.2","NMFS",1999,4,17,107,30,43.147,-68.265833,0,0,0,0,0,"AL",0.038
"6244",515,"199902.273.1360.7","NMFS",1999,4,17,107,30,43.219333,-68.069333,0,0,0,0,0,"AL",0.038
"6245",515,"199902.274.1360.4","NMFS",1999,4,17,107,30,43.2525,-67.676667,0,0,0,0,0,"AL",0.038
"6246",465,"199902.275.1360.3","NMFS",1999,4,17,107,30,43.0255,-67.588833,0,0,0,0,0,"AL",0.038
"6247",464,"199902.276.1360.5","NMFS",1999,4,17,107,30,42.902667,-66.954667,1,1,0,1,0,"AL",0.038
"6248",465,"199902.277.1340.6","NMFS",1999,4,17,107,30,43.133833,-67.070333,1,1,0,1,0,"AL",0.038
"6249",465,"199902.278.1340.2","NMFS",1999,4,17,107,26,43.184833,-66.772167,0,0,0,0,0,"AL",0.038
"6250",465,"199902.279.1340.3","NMFS",1999,4,17,107,30,43.7285,-67.010167,1,1,0,1,0,"AL",0.038
"6251",511,"199902.280.1340.1","NMFS",1999,4,18,108,30,43.915333,-67.315333,0,0,0,0,0,"AL",0.038
"6252",465,"199902.281.1340.4","NMFS",1999,4,18,108,30,43.793667,-67.3535,0,0,0,0,0,"AL",0.038
"6253",512,"199902.282.1360.6","NMFS",1999,4,18,108,30,43.576833,-67.684833,0,0,0,0,0,"AL",0.038
"6254",512,"199902.283.1360.8","NMFS",1999,4,18,108,30,43.833167,-67.819833,1,1,0,1,0,"AL",0.038
"6255",511,"199902.284.1380.2","NMFS",1999,4,18,108,30,44.212167,-67.597667,0,0,0,0,0,"AL",0.038
"6256",511,"199902.285.1340.5","NMFS",1999,4,18,108,30,44.095167,-67.385167,0,0,0,0,0,"AL",0.038
"6257",511,"199902.286.1360.1","NMFS",1999,4,18,108,30,44.2165,-67.345167,1,1,0,1,0,"AL",0.038
"6258",511,"199902.287.1390.4","NMFS",1999,4,18,108,30,44.329167,-67.514,1,0,1,1,0,"AL",0.038
"6259",512,"199902.288.1390.1","NMFS",1999,4,18,108,30,44.228333,-67.937333,7,4,3,7,0,"AL",0.038
"6260",512,"199902.289.1390.5","NMFS",1999,4,18,108,30,44.125167,-67.9815,0,0,0,0,0,"AL",0.038
"6261",512,"199902.290.1390.2","NMFS",1999,4,19,109,30,43.914333,-68.405,2,1,1,2,0,"AL",0.038
"6262",512,"199902.291.1380.1","NMFS",1999,4,19,109,30,43.6695,-68.350333,1,1,0,1,0,"AL",0.038
"6263",512,"199902.292.1380.3","NMFS",1999,4,19,109,30,43.468833,-68.4455,0,0,0,0,0,"AL",0.038
"6264",512,"199902.293.1380.4","NMFS",1999,4,19,109,30,43.6,-68.5145,2,1,1,2,0,"AL",0.038
"6265",512,"199902.294.1390.3","NMFS",1999,4,19,109,30,43.674667,-68.914667,4,1,3,3,1,"AL",0.038
"6266",513,"199902.296.1380.5","NMFS",1999,4,19,109,30,43.353167,-69.0815,2,2,0,2,0,"AL",0.038
"6267",515,"199902.297.1370.2","NMFS",1999,4,19,109,30,42.987167,-69.048333,0,0,0,0,0,"AL",0.038
"6268",515,"199902.298.1370.3","NMFS",1999,4,20,110,30,42.906,-68.581833,0,0,0,0,0,"AL",0.038
"6269",515,"199902.299.1370.5","NMFS",1999,4,20,110,30,42.695667,-68.769333,0,0,0,0,0,"AL",0.038
"6270",515,"199902.300.1280.4","NMFS",1999,4,20,110,30,42.55,-68.769833,0,0,0,0,0,"AL",0.038
"6271",515,"199902.301.1280.3","NMFS",1999,4,20,110,30,42.632167,-69.180833,0,0,0,0,0,"AL",0.038
"6272",515,"199902.302.1280.1","NMFS",1999,4,20,110,30,42.657833,-69.3875,0,0,0,0,0,"AL",0.038
"6273",515,"199902.303.1280.5","NMFS",1999,4,20,110,30,42.568,-69.448667,0,0,0,0,0,"AL",0.038
"6274",515,"199902.304.1280.2","NMFS",1999,4,20,110,30,42.613667,-69.51,0,0,0,0,0,"AL",0.038
"6275",513,"199902.305.1370.1","NMFS",1999,4,20,110,30,42.965167,-69.628167,0,0,0,0,0,"AL",0.038
"6276",513,"199902.306.1370.4","NMFS",1999,4,20,110,30,43.092,-69.773833,0,0,0,0,0,"AL",0.038
"6277",513,"199902.307.1270.3","NMFS",1999,4,20,110,30,43.145,-70.220667,1,0,1,1,0,"AL",0.038
"6278",513,"199902.308.1270.4","NMFS",1999,4,21,111,30,42.9675,-70.220667,1,1,0,1,0,"AL",0.038
"6279",513,"199902.309.1400.2","NMFS",1999,4,21,111,30,43.056167,-70.449333,14,6,8,14,0,"AL",0.038
"6280",513,"199902.310.1400.1","NMFS",1999,4,21,111,30,42.888667,-70.4645,3,0,3,3,0,"AL",0.038
"6281",514,"199902.311.3660.1","NMFS",1999,4,21,111,30,42.682167,-70.410333,3,1,2,3,0,"AL",0.038
"6282",514,"199902.312.3660.2","NMFS",1999,4,21,111,30,42.493667,-70.723667,22,14,8,20,2,"AL",0.038
"6283",514,"199902.313.3630.1","NMFS",1999,4,21,111,30,42.4485,-70.862667,21,9,12,18,3,"AL",0.038
"6284",514,"199902.314.3640.1","NMFS",1999,4,21,111,30,42.338333,-70.785333,56,39,17,54,2,"AL",0.038
"6285",514,"199902.315.3650.1","NMFS",1999,4,21,111,30,42.3215,-70.696667,23,14,9,23,0,"AL",0.038
"6286",514,"199902.316.1260.2","NMFS",1999,4,21,111,30,42.4795,-70.426667,2,0,2,2,0,"AL",0.038
"6287",514,"199902.317.1260.4","NMFS",1999,4,21,111,30,42.509667,-70.208167,0,0,0,0,0,"AL",0.038
"6288",514,"199902.318.1270.1","NMFS",1999,4,21,111,30,42.533167,-70.057167,3,3,0,3,0,"AL",0.038
"6289",514,"199902.319.1260.3","NMFS",1999,4,21,111,30,42.4605,-70.176167,0,0,0,0,0,"AL",0.038
"6290",514,"199902.320.1260.1","NMFS",1999,4,22,112,30,42.372833,-70.175667,0,0,0,0,0,"AL",0.038
"6291",514,"199902.321.1280.6","NMFS",1999,4,22,112,30,42.358667,-69.911833,1,1,0,1,0,"AL",0.038
"6292",521,"199902.322.1270.2","NMFS",1999,4,22,112,30,42.187333,-69.859167,1,1,0,1,0,"AL",0.038
"6293",514,"199902.323.3610.1","NMFS",1999,4,22,112,30,42.130833,-70.03,0,0,0,0,0,"AL",0.038
"6294",514,"199902.324.1260.5","NMFS",1999,4,22,112,30,42.2255,-70.095833,1,1,0,1,0,"AL",0.038
"6295",514,"199902.325.3600.2","NMFS",1999,4,22,112,30,42.029167,-70.487167,28,16,12,26,2,"AL",0.038
"6296",514,"199902.326.3590.1","NMFS",1999,4,22,112,30,42.051,-70.561833,23,10,13,21,2,"AL",0.038
"6297",514,"199902.327.3600.1","NMFS",1999,4,22,112,30,41.911167,-70.456,99,52,47,90,9,"AL",0.038
"6298",514,"199902.328.3610.2","NMFS",1999,4,22,112,30,41.975,-70.326833,6,3,3,5,1,"AL",0.038
"6299",514,"199902.329.3580.1","NMFS",1999,4,22,112,30,41.880333,-70.141,2,1,1,2,0,"AL",0.038
"6300",526,"200002.175.1110.1","NMFS",2000,4,5,96,30,40.014833,-69.689833,0,0,0,0,0,"AL",0.038
"6301",526,"200002.176.1120.1","NMFS",2000,4,5,96,30,39.94,-69.399833,33,9,24,31,2,"AL",0.038
"6302",526,"200002.177.1090.2","NMFS",2000,4,6,97,30,40.615833,-69.423833,0,0,0,0,0,"AL",0.038
"6303",526,"200002.178.1090.3","NMFS",2000,4,6,97,30,40.6835,-69.481667,0,0,0,0,0,"AL",0.038
"6304",526,"200002.179.1100.7","NMFS",2000,4,6,97,30,40.609667,-69.573,0,0,0,0,0,"AL",0.038
"6305",526,"200002.180.1100.5","NMFS",2000,4,6,97,30,40.567333,-69.821,0,0,0,0,0,"AL",0.038
"6306",526,"200002.183.1100.1","NMFS",2000,4,7,98,30,40.197667,-69.698167,0,0,0,0,0,"AL",0.038
"6307",526,"200002.184.1100.6","NMFS",2000,4,7,98,30,40.1045,-69.618667,0,0,0,0,0,"AL",0.038
"6308",526,"200002.185.1100.3","NMFS",2000,4,7,98,30,40.3965,-68.938667,0,0,0,0,0,"AL",0.038
"6309",525,"200002.186.1130.8","NMFS",2000,4,7,98,30,40.441167,-68.700833,0,0,0,0,0,"AL",0.038
"6310",525,"200002.187.1130.5","NMFS",2000,4,7,98,30,40.633333,-68.652667,0,0,0,0,0,"AL",0.038
"6311",525,"200002.188.1130.1","NMFS",2000,4,7,98,30,40.641167,-68.101833,0,0,0,0,0,"AL",0.038
"6312",525,"200002.189.1130.9","NMFS",2000,4,7,98,30,40.5205,-68.208667,0,0,0,0,0,"AL",0.038
"6313",525,"200002.190.1150.1","NMFS",2000,4,8,99,30,40.412333,-68.1575,1,0,1,1,0,"AL",0.038
"6314",525,"200002.191.1140.2","NMFS",2000,4,8,99,30,40.3595,-67.937333,0,0,0,0,0,"AL",0.038
"6315",525,"200002.192.1140.1","NMFS",2000,4,8,99,30,40.504,-67.6185,0,0,0,0,0,"AL",0.038
"6316",525,"200002.193.1140.3","NMFS",2000,4,8,99,30,40.546167,-67.540667,0,0,0,0,0,"AL",0.038
"6317",521,"200002.194.1230.4","NMFS",2000,4,8,99,30,41.040667,-69.097667,0,0,0,0,0,"AL",0.038
"6318",521,"200002.195.1250.4","NMFS",2000,4,8,99,30,41.0875,-69.284333,0,0,0,0,0,"AL",0.038
"6319",521,"200002.196.3550.1","NMFS",2000,4,8,99,30,41.096333,-69.4715,0,0,0,0,0,"AL",0.038
"6320",526,"200002.197.3550.5","NMFS",2000,4,8,99,30,41.042167,-69.5665,0,0,0,0,0,"AL",0.038
"6321",526,"200002.198.3550.2","NMFS",2000,4,8,99,30,41.010833,-69.718,0,0,0,0,0,"AL",0.038
"6322",526,"200002.199.3550.3","NMFS",2000,4,8,99,30,41.089333,-69.7255,0,0,0,0,0,"AL",0.038
"6323",521,"200002.200.3550.4","NMFS",2000,4,10,101,20,41.513333,-69.775667,0,0,0,0,0,"AL",0.038
"6324",521,"200002.201.1250.1","NMFS",2000,4,10,101,30,41.590333,-69.7425,4,1,3,4,0,"AL",0.038
"6325",521,"200002.202.3560.1","NMFS",2000,4,11,102,30,41.714833,-69.878,5,1,4,4,1,"AL",0.038
"6326",521,"200002.203.1230.2","NMFS",2000,4,11,102,30,41.736667,-69.723833,1,0,1,0,1,"AL",0.038
"6327",521,"200002.204.1250.3","NMFS",2000,4,11,102,30,41.4495,-69.491833,2,2,0,2,0,"AL",0.038
"6328",521,"200002.205.1250.2","NMFS",2000,4,11,102,30,41.439,-69.407667,0,0,0,0,0,"AL",0.038
"6329",521,"200002.206.1240.2","NMFS",2000,4,11,102,30,41.513833,-69.243,0,0,0,0,0,"AL",0.038
"6330",521,"200002.207.1240.3","NMFS",2000,4,11,102,30,41.601,-69.136833,2,2,0,2,0,"AL",0.038
"6331",521,"200002.208.1240.5","NMFS",2000,4,11,102,30,41.320667,-68.906333,0,0,0,0,0,"AL",0.038
"6332",522,"200002.209.1230.5","NMFS",2000,4,11,102,30,41.2895,-68.549833,1,0,1,1,0,"AL",0.038
"6333",522,"200002.210.1190.1","NMFS",2000,4,11,102,30,41.208167,-68.243667,0,0,0,0,0,"AL",0.038
"6334",525,"200002.211.1190.8","NMFS",2000,4,11,102,30,41.067833,-68.145,0,0,0,0,0,"AL",0.038
"6335",525,"200002.212.1190.5","NMFS",2000,4,11,102,30,40.980167,-68.309,0,0,0,0,0,"AL",0.038
"6336",525,"200002.213.1190.3","NMFS",2000,4,11,102,30,40.939,-68.195167,0,0,0,0,0,"AL",0.038
"6337",525,"200002.214.1130.3","NMFS",2000,4,12,103,30,40.946,-67.617,0,0,0,0,0,"AL",0.038
"6338",525,"200002.215.1130.6","NMFS",2000,4,12,103,30,40.854167,-67.576667,0,0,0,0,0,"AL",0.038
"6339",525,"200002.216.1130.4","NMFS",2000,4,12,103,30,40.875,-67.412333,0,0,0,0,0,"AL",0.038
"6340",525,"200002.217.1130.2","NMFS",2000,4,12,103,30,41.059833,-67.365833,0,0,0,0,0,"AL",0.038
"6341",525,"200002.218.1130.7","NMFS",2000,4,12,103,30,40.943833,-67.188833,0,0,0,0,0,"AL",0.038
"6342",562,"200002.219.1160.10","NMFS",2000,4,12,103,30,40.848167,-66.8155,0,0,0,0,0,"AL",0.038
"6343",562,"200002.220.1170.3","NMFS",2000,4,12,103,30,40.88,-66.639,0,0,0,0,0,"AL",0.038
"6344",562,"200002.222.1180.2","NMFS",2000,4,12,103,30,40.922667,-66.532,0,0,0,0,0,"AL",0.038
"6345",562,"200002.223.1160.8","NMFS",2000,4,12,103,30,41.185167,-66.683167,0,0,0,0,0,"AL",0.038
"6346",562,"200002.224.1160.1","NMFS",2000,4,12,103,30,41.351333,-66.683833,0,0,0,0,0,"AL",0.038
"6347",562,"200002.225.1160.6","NMFS",2000,4,12,103,30,41.465833,-66.575333,0,0,0,0,0,"AL",0.038
"6348",552,"200002.226.1160.9","NMFS",2000,4,13,104,30,41.517833,-66.604667,0,0,0,0,0,"AL",0.038
"6349",562,"200002.227.1160.3","NMFS",2000,4,13,104,30,41.382833,-66.997,0,0,0,0,0,"AL",0.038
"6350",562,"200002.228.1160.7","NMFS",2000,4,13,104,30,41.516,-67.0425,0,0,0,0,0,"AL",0.038
"6351",562,"200002.229.1190.7","NMFS",2000,4,13,104,30,41.639833,-67.238167,0,0,0,0,0,"AL",0.038
"6352",562,"200002.230.1190.4","NMFS",2000,4,13,104,30,41.616333,-67.353,0,0,0,0,0,"AL",0.038
"6353",522,"200002.231.1190.9","NMFS",2000,4,13,104,30,41.357333,-67.735167,0,0,0,0,0,"AL",0.038
"6354",522,"200002.232.1190.6","NMFS",2000,4,13,104,30,41.3485,-67.867167,0,0,0,0,0,"AL",0.038
"6355",522,"200002.233.1200.1","NMFS",2000,4,13,104,30,41.617,-68.315833,0,0,0,0,0,"AL",0.038
"6356",522,"200002.234.1200.5","NMFS",2000,4,13,104,30,41.544667,-68.355833,0,0,0,0,0,"AL",0.038
"6357",522,"200002.235.1230.1","NMFS",2000,4,13,104,30,41.485167,-68.4005,0,0,0,0,0,"AL",0.038
"6358",514,"200002.236.3580.1","NMFS",2000,4,17,108,30,41.766833,-70.1885,3,1,2,2,1,"AL",0.038
"6359",514,"200002.237.3590.1","NMFS",2000,4,18,109,30,41.855333,-70.375833,254,115,139,189,65,"AL",0.038
"6360",514,"200002.238.3600.2","NMFS",2000,4,18,109,30,41.942,-70.318,20,7,13,18,2,"AL",0.038
"6361",514,"200002.239.3600.1","NMFS",2000,4,18,109,30,41.938833,-70.3495,18,4,14,16,2,"AL",0.038
"6362",514,"200002.240.3610.1","NMFS",2000,4,18,109,30,41.98,-70.4185,113,48,65,108,5,"AL",0.038
"6363",514,"200002.242.1260.4","NMFS",2000,4,18,109,27,42.316167,-70.551,11,2,9,11,0,"AL",0.038
"6364",514,"200002.243.3660.1","NMFS",2000,4,18,109,30,42.346667,-70.650667,49,12,37,49,0,"AL",0.038
"6365",514,"200002.244.3640.1","NMFS",2000,4,18,109,30,42.347833,-70.799,59,48,11,59,0,"AL",0.038
"6366",514,"200002.245.1260.1","NMFS",2000,4,18,109,30,42.472167,-70.518667,8,4,4,8,0,"AL",0.038
"6367",514,"200002.247.3630.1","NMFS",2000,4,19,110,30,42.748667,-70.764667,3,0,3,3,0,"AL",0.038
"6368",514,"200002.248.1260.5","NMFS",2000,4,19,110,30,42.603333,-70.226,0,0,0,0,0,"AL",0.038
"6369",514,"200002.249.1270.1","NMFS",2000,4,19,110,30,42.685333,-70.065833,4,4,0,4,0,"AL",0.038
"6370",514,"200002.250.1280.6","NMFS",2000,4,19,110,30,42.695333,-69.715,0,0,0,0,0,"AL",0.038
"6371",514,"200002.251.1280.1","NMFS",2000,4,19,110,30,42.479167,-69.821333,0,0,0,0,0,"AL",0.038
"6372",514,"200002.252.1280.4","NMFS",2000,4,19,110,30,42.437167,-69.894667,2,2,0,2,0,"AL",0.038
"6373",514,"200002.253.1260.2","NMFS",2000,4,19,110,30,42.358667,-70.1575,1,1,0,1,0,"AL",0.038
"6374",514,"200002.254.1260.3","NMFS",2000,4,19,110,30,42.118167,-70.283333,5,2,3,5,0,"AL",0.038
"6375",521,"200002.256.1280.8","NMFS",2000,4,20,111,30,42.196,-69.717833,0,0,0,0,0,"AL",0.038
"6376",521,"200002.257.1280.3","NMFS",2000,4,20,111,30,42.0125,-69.5655,0,0,0,0,0,"AL",0.038
"6377",521,"200002.258.1240.1","NMFS",2000,4,20,111,30,41.867667,-68.848833,0,0,0,0,0,"AL",0.038
"6378",522,"200002.259.1240.4","NMFS",2000,4,20,111,30,41.5645,-68.612167,0,0,0,0,0,"AL",0.038
"6379",522,"200002.260.1230.3","NMFS",2000,4,20,111,30,41.478833,-68.516667,0,0,0,0,0,"AL",0.038
"6380",522,"200002.261.1200.4","NMFS",2000,4,20,111,30,41.729,-67.931,1,1,0,0,1,"AL",0.038
"6381",522,"200002.262.1200.6","NMFS",2000,4,21,112,30,41.747,-67.767,1,0,1,1,0,"AL",0.038
"6382",522,"200002.263.1210.2","NMFS",2000,4,21,112,30,41.874833,-67.942,1,1,0,1,0,"AL",0.038
"6383",522,"200002.264.1220.1","NMFS",2000,4,21,112,30,42.035667,-67.8375,2,1,1,2,0,"AL",0.038
"6384",522,"200002.265.1290.5","NMFS",2000,4,21,112,30,42.225167,-68.076,1,0,1,1,0,"AL",0.038
"6385",515,"200002.266.1240.6","NMFS",2000,4,21,112,30,42.365833,-68.546667,0,0,0,0,0,"AL",0.038
"6386",515,"200002.267.1280.2","NMFS",2000,4,21,112,30,42.410167,-68.678833,0,0,0,0,0,"AL",0.038
"6387",515,"200002.268.1280.7","NMFS",2000,4,21,112,30,42.5625,-68.548,0,0,0,0,0,"AL",0.038
"6388",515,"200002.269.1290.6","NMFS",2000,4,21,112,30,42.476833,-67.9905,0,0,0,0,0,"AL",0.038
"6389",515,"200002.270.1290.3","NMFS",2000,4,21,112,30,42.475167,-67.758667,0,0,0,0,0,"AL",0.038
"6390",522,"200002.271.1220.3","NMFS",2000,4,22,113,30,42.128833,-67.749667,3,2,1,3,0,"AL",0.038
"6391",561,"200002.272.1200.3","NMFS",2000,4,22,113,30,41.872667,-67.447167,2,1,1,2,0,"AL",0.038
"6392",561,"200002.273.1190.2","NMFS",2000,4,22,113,30,41.882167,-67.250667,2,1,1,2,0,"AL",0.038
"6393",561,"200002.274.1200.2","NMFS",2000,4,22,113,30,41.961667,-67.3365,0,0,0,0,0,"AL",0.038
"6394",561,"200002.275.1210.1","NMFS",2000,4,22,113,30,42.1375,-67.353333,0,0,0,0,0,"AL",0.038
"6395",561,"200002.276.1210.4","NMFS",2000,4,22,113,30,42.107833,-67.192167,1,0,1,0,1,"AL",0.038
"6396",551,"200002.277.1220.2","NMFS",2000,4,22,113,30,42.1845,-67.145833,0,0,0,0,0,"AL",0.038
"6397",551,"200002.278.1160.4","NMFS",2000,4,22,113,30,42.025833,-66.935667,1,0,1,1,0,"AL",0.038
"6398",552,"200002.279.1160.2","NMFS",2000,4,22,113,30,41.7615,-66.401667,0,0,0,0,0,"AL",0.038
"6399",552,"200002.280.1160.5","NMFS",2000,4,23,114,30,41.5465,-66.471167,0,0,0,0,0,"AL",0.038
"6400",552,"200002.281.1170.1","NMFS",2000,4,23,114,30,41.406167,-66.139667,0,0,0,0,0,"AL",0.038
"6401",552,"200002.282.1170.2","NMFS",2000,4,23,114,30,41.794333,-65.823,1,0,1,1,0,"AL",0.038
"6402",464,"200002.283.1290.2","NMFS",2000,4,23,114,30,42.058333,-65.7325,1,1,0,1,0,"AL",0.038
"6403",551,"200002.284.1290.4","NMFS",2000,4,23,114,30,42.073833,-65.902667,1,1,0,1,0,"AL",0.038
"6404",551,"200002.285.1220.4","NMFS",2000,4,23,114,30,42.09,-66.031333,0,0,0,0,0,"AL",0.038
"6405",551,"200002.286.1210.3","NMFS",2000,4,23,114,30,42.131833,-66.175,0,0,0,0,0,"AL",0.038
"6406",464,"200002.287.1290.1","NMFS",2000,4,24,115,30,42.479,-66.471833,5,4,1,5,0,"AL",0.038
"6407",464,"200002.288.1290.7","NMFS",2000,4,24,115,30,42.5955,-66.670667,0,0,0,0,0,"AL",0.038
"6408",464,"200002.289.1300.2","NMFS",2000,4,24,115,30,42.351333,-67.096833,0,0,0,0,0,"AL",0.038
"6409",464,"200002.290.1300.3","NMFS",2000,4,24,115,30,42.490833,-67.2835,0,0,0,0,0,"AL",0.038
"6410",464,"200002.291.1300.1","NMFS",2000,4,24,115,30,42.550833,-67.067667,2,1,1,2,0,"AL",0.038
"6411",464,"200002.292.1360.3","NMFS",2000,4,24,115,30,42.971833,-67.401333,0,0,0,0,0,"AL",0.038
"6412",465,"200002.293.1360.8","NMFS",2000,4,24,115,30,43.060667,-67.607833,0,0,0,0,0,"AL",0.038
"6413",465,"200002.296.1340.5","NMFS",2000,4,25,116,30,43.401667,-66.6025,2,0,2,2,0,"AL",0.038
"6414",465,"200002.297.1360.2","NMFS",2000,4,25,116,30,43.301,-67.178667,2,2,0,2,0,"AL",0.038
"6415",465,"200002.298.1360.5","NMFS",2000,4,25,116,30,43.479667,-67.2555,0,0,0,0,0,"AL",0.038
"6416",465,"200002.299.1360.6","NMFS",2000,4,25,116,30,43.474,-67.0015,1,0,1,1,0,"AL",0.038
"6417",465,"200002.300.1340.3","NMFS",2000,4,25,116,30,43.563333,-66.612333,6,4,2,6,0,"AL",0.038
"6418",465,"200002.301.1340.6","NMFS",2000,4,25,116,30,43.611167,-66.595333,5,3,2,5,0,"AL",0.038
"6419",465,"200002.302.1330.3","NMFS",2000,4,25,116,30,43.633833,-66.367667,4,3,1,4,0,"AL",0.038
"6420",465,"200002.303.1330.4","NMFS",2000,4,25,116,30,43.747667,-66.486167,1,1,0,1,0,"AL",0.038
"6421",465,"200002.304.1330.1","NMFS",2000,4,26,117,30,43.8605,-66.637,5,1,4,5,0,"AL",0.038
"6422",511,"200002.305.1340.4","NMFS",2000,4,26,117,30,43.930667,-66.946167,0,0,0,0,0,"AL",0.038
"6423",511,"200002.306.1340.1","NMFS",2000,4,26,117,30,44.015667,-66.965167,1,0,1,1,0,"AL",0.038
"6424",511,"200002.307.1340.2","NMFS",2000,4,26,117,30,43.9425,-67.244833,0,0,0,0,0,"AL",0.038
"6425",467,"200002.308.1351.2","NMFS",2000,4,26,117,30,44.387167,-66.899667,13,7,6,13,0,"AL",0.038
"6426",511,"200002.309.1351.1","NMFS",2000,4,26,117,30,44.2835,-67.247667,1,1,0,1,0,"AL",0.038
"6427",511,"200002.310.1390.4","NMFS",2000,4,26,117,30,44.305667,-67.751167,17,9,8,10,7,"AL",0.038
"6428",511,"200002.311.1390.2","NMFS",2000,4,26,117,30,44.235333,-67.814,1,1,0,0,1,"AL",0.038
"6429",512,"200002.312.1390.1","NMFS",2000,4,27,118,30,44.092333,-68.022,0,0,0,0,0,"AL",0.038
"6430",512,"200002.313.1380.1","NMFS",2000,4,27,118,30,43.762667,-68.071667,0,0,0,0,0,"AL",0.038
"6431",512,"200002.314.1380.2","NMFS",2000,4,27,118,30,43.684333,-68.237667,0,0,0,0,0,"AL",0.038
"6432",512,"200002.315.1360.4","NMFS",2000,4,27,118,30,43.602833,-67.946,2,1,1,2,0,"AL",0.038
"6433",515,"200002.316.1360.7","NMFS",2000,4,27,118,30,43.135833,-68.140833,2,1,1,2,0,"AL",0.038
"6434",515,"200002.317.1370.1","NMFS",2000,4,27,118,30,42.992,-68.584,1,1,0,1,0,"AL",0.038
"6435",515,"200002.318.1370.3","NMFS",2000,4,27,118,30,42.9345,-68.7765,0,0,0,0,0,"AL",0.038
"6436",515,"200002.319.1370.2","NMFS",2000,4,27,118,30,42.792167,-68.7435,0,0,0,0,0,"AL",0.038
"6437",513,"200002.320.1400.3","NMFS",2000,5,2,123,30,42.984667,-70.428833,5,2,3,5,0,"AL",0.038
"6438",513,"200002.321.1270.2","NMFS",2000,5,2,123,30,43.057833,-70.240333,0,0,0,0,0,"AL",0.038
"6439",513,"200002.322.1400.2","NMFS",2000,5,2,123,30,43.193667,-70.3075,5,1,4,5,0,"AL",0.038
"6440",513,"200002.323.1270.3","NMFS",2000,5,2,123,30,43.319333,-70.039167,0,0,0,0,0,"AL",0.038
"6441",513,"200002.324.1270.4","NMFS",2000,5,2,123,30,43.369833,-70.032833,0,0,0,0,0,"AL",0.038
"6442",513,"200002.325.1400.1","NMFS",2000,5,2,123,30,43.6015,-69.869167,15,6,9,14,1,"AL",0.038
"6443",512,"200002.326.1390.5","NMFS",2000,5,2,123,30,43.867667,-68.926833,241,91,150,209,32,"AL",0.038
"6444",512,"200002.327.1390.3","NMFS",2000,5,3,124,30,43.910833,-68.577167,7,0,7,7,0,"AL",0.038
"6445",512,"200002.328.1380.4","NMFS",2000,5,3,124,30,43.429,-68.868,9,7,2,8,1,"AL",0.038
"6446",512,"200002.329.1380.3","NMFS",2000,5,3,124,30,43.486167,-68.632833,2,2,0,2,0,"AL",0.038
"6447",512,"200002.330.1380.5","NMFS",2000,5,3,124,30,43.361167,-68.682167,2,2,0,2,0,"AL",0.038
"6448",515,"200002.331.1360.1","NMFS",2000,5,3,124,30,43.1535,-68.542667,5,5,0,5,0,"AL",0.038
"6449",513,"200002.332.1370.5","NMFS",2000,5,3,124,30,43.0945,-69.3785,0,0,0,0,0,"AL",0.038
"6450",515,"200002.333.1370.4","NMFS",2000,5,3,124,30,42.924833,-69.242833,0,0,0,0,0,"AL",0.038
"6451",526,"200102.161.1090.5","NMFS",2001,4,1,91,30.1,40.72868,-69.781158,0,0,0,0,0,"AL",0.038
"6452",526,"200102.162.1090.4","NMFS",2001,4,1,91,30.2,40.646832,-69.697877,0,0,0,0,0,"AL",0.038
"6453",526,"200102.163.1100.4","NMFS",2001,4,1,91,30.08,40.478467,-69.910522,0,0,0,0,0,"AL",0.038
"6454",526,"200102.167.1110.2","NMFS",2001,4,1,91,30.03,39.966918,-69.65126,9,3,6,8,1,"AL",0.038
"6455",526,"200102.168.1100.5","NMFS",2001,4,1,91,30.07,40.221278,-69.211457,0,0,0,0,0,"AL",0.038
"6456",526,"200102.169.1100.2","NMFS",2001,4,1,91,30.03,40.26265,-69.279,0,0,0,0,0,"AL",0.038
"6457",526,"200102.170.1100.6","NMFS",2001,4,2,92,30,40.474267,-69.413345,1,0,1,0,1,"AL",0.038
"6458",526,"200102.171.1100.8","NMFS",2001,4,2,92,30.02,40.29496,-69.164748,0,0,0,0,0,"AL",0.038
"6459",526,"200102.172.1110.1","NMFS",2001,4,2,92,29.88,40.191348,-68.851647,0,0,0,0,0,"AL",0.038
"6460",525,"200102.173.1140.1","NMFS",2001,4,2,92,29.95,40.256027,-68.652573,0,0,0,0,0,"AL",0.038
"6461",525,"200102.174.1130.2","NMFS",2001,4,2,92,30,40.34737,-68.667152,0,0,0,0,0,"AL",0.038
"6462",525,"200102.175.1130.5","NMFS",2001,4,2,92,29.98,40.443958,-68.541465,0,0,0,0,0,"AL",0.038
"6463",525,"200102.176.1130.8","NMFS",2001,4,2,92,30.05,40.555627,-68.419235,0,0,0,0,0,"AL",0.038
"6464",525,"200102.177.1140.3","NMFS",2001,4,2,92,29.9,40.358005,-68.370667,0,0,0,0,0,"AL",0.038
"6465",525,"200102.178.1130.9","NMFS",2001,4,3,93,30.13,40.555062,-68.109558,0,0,0,0,0,"AL",0.038
"6466",525,"200102.180.1150.2","NMFS",2001,4,3,93,30.02,40.353778,-67.829705,0,0,0,0,0,"AL",0.038
"6467",525,"200102.181.1140.2","NMFS",2001,4,3,93,30.05,40.479737,-67.552452,0,0,0,0,0,"AL",0.038
"6468",525,"200102.182.1130.1","NMFS",2001,4,3,93,30.03,40.938388,-67.745208,0,0,0,0,0,"AL",0.038
"6469",525,"200102.183.1130.6","NMFS",2001,4,3,93,30.07,41.044697,-67.539573,0,0,0,0,0,"AL",0.038
"6470",525,"200102.184.1130.4","NMFS",2001,4,3,93,30.07,40.93782,-67.415633,0,0,0,0,0,"AL",0.038
"6471",525,"200102.185.1130.7","NMFS",2001,4,3,93,29.97,40.893883,-67.286633,0,0,0,0,0,"AL",0.038
"6472",525,"200102.186.1130.3","NMFS",2001,4,3,93,30.02,40.779442,-66.939948,0,0,0,0,0,"AL",0.038
"6473",562,"200102.187.1160.6","NMFS",2001,4,4,94,30.08,40.930382,-66.845345,0,0,0,0,0,"AL",0.038
"6474",562,"200102.188.1160.3","NMFS",2001,4,4,94,29.87,41.098328,-66.67295,0,0,0,0,0,"AL",0.038
"6475",562,"200102.189.1160.1","NMFS",2001,4,4,94,30.07,41.270595,-66.987427,0,0,0,0,0,"AL",0.038
"6476",562,"200102.190.1190.2","NMFS",2001,4,4,94,30.22,41.385437,-67.151398,0,0,0,0,0,"AL",0.038
"6477",562,"200102.191.1160.10","NMFS",2001,4,4,94,29.97,41.349403,-66.856323,0,0,0,0,0,"AL",0.038
"6478",562,"200102.192.1160.5","NMFS",2001,4,4,94,30,41.220932,-66.407363,0,0,0,0,0,"AL",0.038
"6479",552,"200102.193.1170.2","NMFS",2001,4,4,94,30.08,41.427643,-66.141067,0,0,0,0,0,"AL",0.038
"6480",552,"200102.194.1160.9","NMFS",2001,4,4,94,30.1,41.600613,-66.449958,0,0,0,0,0,"AL",0.038
"6481",552,"200102.195.1160.8","NMFS",2001,4,4,94,29.97,41.566123,-66.234313,0,0,0,0,0,"AL",0.038
"6482",552,"200102.196.1170.1","NMFS",2001,4,4,94,29.93,41.550655,-66.018753,0,0,0,0,0,"AL",0.038
"6483",552,"200102.197.1160.2","NMFS",2001,4,5,95,30.08,41.654445,-65.944923,0,0,0,0,0,"AL",0.038
"6484",552,"200102.198.1170.3","NMFS",2001,4,5,95,30.03,41.655732,-65.90252,2,2,0,2,0,"AL",0.038
"6485",551,"200102.199.1180.1","NMFS",2001,4,5,95,30.17,41.839962,-65.727105,0,0,0,0,0,"AL",0.038
"6486",464,"200102.200.1290.5","NMFS",2001,4,5,95,30,42.0695,-65.678167,2,2,0,2,0,"AL",0.038
"6487",551,"200102.201.1290.4","NMFS",2001,4,5,95,30,42.293,-66.202323,1,1,0,1,0,"AL",0.038
"6488",521,"200102.202.1250.3","NMFS",2001,4,10,100,29.97,41.687817,-69.775117,11,7,4,11,0,"AL",0.038
"6489",521,"200102.203.1230.2","NMFS",2001,4,10,100,30.08,41.56744,-69.381133,0,0,0,0,0,"AL",0.038
"6490",521,"200102.204.1250.4","NMFS",2001,4,10,100,30.03,41.407097,-69.393318,0,0,0,0,0,"AL",0.038
"6491",521,"200102.205.1250.2","NMFS",2001,4,10,100,30.05,41.417995,-69.479095,6,3,3,5,1,"AL",0.038
"6492",521,"200102.206.3550.5","NMFS",2001,4,10,100,29.97,41.328975,-69.578567,0,0,0,0,0,"AL",0.038
"6493",521,"200102.207.3550.4","NMFS",2001,4,10,100,30.08,41.302285,-69.545738,0,0,0,0,0,"AL",0.038
"6494",526,"200102.208.3550.3","NMFS",2001,4,10,100,30.02,41.157025,-69.57206,0,0,0,0,0,"AL",0.038
"6495",526,"200102.209.3550.1","NMFS",2001,4,10,100,30.05,41.062958,-69.631172,0,0,0,0,0,"AL",0.038
"6496",521,"200102.210.3550.2","NMFS",2001,4,10,100,29.98,41.08247,-69.495782,0,0,0,0,0,"AL",0.038
"6497",521,"200102.211.1230.5","NMFS",2001,4,10,100,29.97,41.238102,-69.274682,1,0,1,1,0,"AL",0.038
"6498",521,"200102.212.1230.4","NMFS",2001,4,11,101,30.02,41.234345,-69.120368,0,0,0,0,0,"AL",0.038
"6499",521,"200102.213.1240.4","NMFS",2001,4,11,101,30.02,41.396518,-68.97303,0,0,0,0,0,"AL",0.038
"6500",521,"200102.215.1230.6","NMFS",2001,4,11,101,27.77,41.027358,-68.861588,0,0,0,0,0,"AL",0.038
"6501",526,"200102.216.1100.7","NMFS",2001,4,11,101,30,40.745917,-69.042083,0,0,0,0,0,"AL",0.038
"6502",525,"200102.217.1190.1","NMFS",2001,4,11,101,30.02,40.775967,-68.582367,0,0,0,0,0,"AL",0.038
"6503",525,"200102.218.1190.6","NMFS",2001,4,11,101,30.07,40.749187,-68.490997,0,0,0,0,0,"AL",0.038
"6504",525,"200102.219.1190.7","NMFS",2001,4,11,101,30.12,40.89016,-68.319947,0,0,0,0,0,"AL",0.038
"6505",522,"200102.220.1190.9","NMFS",2001,4,11,101,29.88,41.151482,-68.43489,1,1,0,0,1,"AL",0.038
"6506",522,"200102.221.1200.2","NMFS",2001,4,11,101,30.02,41.457813,-68.272102,0,0,0,0,0,"AL",0.038
"6507",522,"200102.222.1230.1","NMFS",2001,4,12,102,30.05,41.475972,-68.557007,0,0,0,0,0,"AL",0.038
"6508",522,"200102.223.1240.1","NMFS",2001,4,12,102,30,41.55833,-68.769935,0,0,0,0,0,"AL",0.038
"6509",522,"200102.224.1240.6","NMFS",2001,4,12,102,30.07,41.737587,-68.738907,0,0,0,0,0,"AL",0.038
"6510",522,"200102.225.1240.3","NMFS",2001,4,12,102,30.05,41.899633,-68.485917,1,1,0,1,0,"AL",0.038
"6511",522,"200102.226.1240.5","NMFS",2001,4,12,102,30.02,42.060813,-68.624702,0,0,0,0,0,"AL",0.038
"6512",522,"200102.227.1290.8","NMFS",2001,4,12,102,30.07,42.26551,-68.139175,0,0,0,0,0,"AL",0.038
"6513",522,"200102.228.1220.4","NMFS",2001,4,12,102,30.03,42.019662,-68.046677,7,6,1,7,0,"AL",0.038
"6514",522,"200102.229.1210.4","NMFS",2001,4,12,102,29.93,41.85989,-68.040375,0,0,0,0,0,"AL",0.038
"6515",522,"200102.230.1200.6","NMFS",2001,4,12,102,29.97,41.716038,-68.267387,0,0,0,0,0,"AL",0.038
"6516",522,"200102.231.1200.4","NMFS",2001,4,12,102,30.23,41.722843,-68.100762,30,19,11,30,0,"AL",0.038
"6517",522,"200102.232.1200.5","NMFS",2001,4,13,103,30,41.57275,-68.089408,0,0,0,0,0,"AL",0.038
"6518",522,"200102.233.1190.4","NMFS",2001,4,13,103,29.98,41.52865,-67.729017,0,0,0,0,0,"AL",0.038
"6519",562,"200102.234.1190.8","NMFS",2001,4,13,103,29.95,41.405367,-67.56925,0,0,0,0,0,"AL",0.038
"6520",562,"200102.235.1190.5","NMFS",2001,4,13,103,30.03,41.813728,-67.2482,0,0,0,0,0,"AL",0.038
"6521",561,"200102.236.1190.3","NMFS",2001,4,13,103,29.93,41.855278,-67.096115,1,0,1,1,0,"AL",0.038
"6522",551,"200102.237.1160.7","NMFS",2001,4,13,103,30.02,41.980148,-66.921653,0,0,0,0,0,"AL",0.038
"6523",551,"200102.238.1160.4","NMFS",2001,4,13,103,30.05,41.942577,-66.657295,1,0,1,1,0,"AL",0.038
"6524",551,"200102.239.1210.2","NMFS",2001,4,13,103,30.05,42.140128,-66.535195,0,0,0,0,0,"AL",0.038
"6525",551,"200102.240.1220.1","NMFS",2001,4,13,103,30,42.177658,-66.62326,0,0,0,0,0,"AL",0.038
"6526",551,"200102.241.1300.3","NMFS",2001,4,14,104,30,42.306507,-66.91079,2,1,1,2,0,"AL",0.038
"6527",551,"200102.242.1220.2","NMFS",2001,4,14,104,30.05,42.196367,-67.140167,7,6,1,7,0,"AL",0.038
"6528",561,"200102.243.1210.1","NMFS",2001,4,14,104,30.07,42.11848,-67.285187,7,5,2,7,0,"AL",0.038
"6529",561,"200102.244.1200.3","NMFS",2001,4,14,104,30.12,42.0181,-67.346793,1,0,1,1,0,"AL",0.038
"6530",561,"200102.245.1200.1","NMFS",2001,4,14,104,29.98,41.976883,-67.585197,2,1,1,2,0,"AL",0.038
"6531",522,"200102.246.1220.3","NMFS",2001,4,15,105,29.93,42.09525,-67.68731,10,9,1,10,0,"AL",0.038
"6532",561,"200102.247.1210.3","NMFS",2001,4,15,105,30.03,42.105465,-67.486213,1,1,0,1,0,"AL",0.038
"6533",561,"200102.248.1290.3","NMFS",2001,4,15,105,30.05,42.282508,-67.528267,25,21,4,25,0,"AL",0.038
"6534",561,"200102.249.1290.7","NMFS",2001,4,15,105,30.03,42.258735,-67.342712,4,3,1,4,0,"AL",0.038
"6535",464,"200102.250.1300.2","NMFS",2001,4,15,105,30.07,42.475563,-67.242035,3,3,0,3,0,"AL",0.038
"6536",464,"200102.251.1300.1","NMFS",2001,4,15,105,30.02,42.566742,-67.266998,0,0,0,0,0,"AL",0.038
"6537",464,"200102.252.1290.2","NMFS",2001,4,15,105,30,42.644828,-67.044975,2,1,1,2,0,"AL",0.038
"6538",464,"200102.253.1290.6","NMFS",2001,4,15,105,29.98,42.53355,-66.782982,0,0,0,0,0,"AL",0.038
"6539",464,"200102.254.1360.1","NMFS",2001,4,16,106,30.02,42.903107,-66.818123,0,0,0,0,0,"AL",0.038
"6540",465,"200102.255.1340.6","NMFS",2001,4,16,106,30.07,43.116822,-66.85495,1,1,0,1,0,"AL",0.038
"6541",465,"200102.256.1330.3","NMFS",2001,4,16,106,20.02,43.210903,-66.45626,3,1,2,2,1,"AL",0.038
"6542",465,"200102.257.1330.4","NMFS",2001,4,16,106,30.03,43.430033,-66.275733,6,5,1,6,0,"AL",0.038
"6543",465,"200102.258.1330.1","NMFS",2001,4,16,106,29.02,43.550777,-66.352058,22,10,12,22,0,"AL",0.038
"6544",465,"200102.259.1340.2","NMFS",2001,4,16,106,30.35,43.532982,-66.81263,1,1,0,1,0,"AL",0.038
"6545",465,"200102.260.1360.2","NMFS",2001,4,16,106,29.98,43.52124,-67.114495,0,0,0,0,0,"AL",0.038
"6546",465,"200102.261.1330.2","NMFS",2001,4,17,107,30.03,43.932713,-66.445107,37,25,12,34,3,"AL",0.038
"6547",466,"200102.262.1340.4","NMFS",2001,4,17,107,30.02,44.027225,-66.678748,7,5,2,7,0,"AL",0.038
"6548",511,"200102.263.1340.1","NMFS",2001,4,17,107,30.08,43.952808,-66.952667,1,1,0,1,0,"AL",0.038
"6549",511,"200102.264.1351.2","NMFS",2001,4,17,107,30,44.395035,-67.013252,0,0,0,0,0,"AL",0.038
"6550",511,"200102.265.1351.1","NMFS",2001,4,17,107,30,44.218072,-67.247863,1,1,0,1,0,"AL",0.038
"6551",511,"200102.266.1340.3","NMFS",2001,4,17,107,30.05,44.06242,-67.335495,0,0,0,0,0,"AL",0.038
"6552",521,"200102.267.1240.2","NMFS",2001,4,24,114,29.97,41.822567,-69.413575,0,0,0,0,0,"AL",0.038
"6553",521,"200102.268.1280.1","NMFS",2001,4,24,114,30.03,41.896507,-69.41079,0,0,0,0,0,"AL",0.038
"6554",521,"200102.269.1280.2","NMFS",2001,4,24,114,30.18,42.067167,-69.6795,0,0,0,0,0,"AL",0.038
"6555",521,"200102.270.1270.3","NMFS",2001,4,24,114,30.03,42.11325,-69.774048,7,7,0,7,0,"AL",0.038
"6556",521,"200102.271.1250.1","NMFS",2001,4,24,114,29.9,41.947517,-69.874932,0,0,0,0,0,"AL",0.038
"6557",521,"200102.273.3610.1","NMFS",2001,4,24,114,30.27,42.059487,-69.97789,0,0,0,0,0,"AL",0.038
"6558",514,"200102.275.1260.6","NMFS",2001,4,24,114,29.95,42.247558,-70.068047,6,3,3,6,0,"AL",0.038
"6559",521,"200102.276.1280.7","NMFS",2001,4,25,115,30.42,42.319465,-69.710663,1,1,0,1,0,"AL",0.038
"6560",521,"200102.277.1280.4","NMFS",2001,4,25,115,30.17,42.242665,-69.582032,0,0,0,0,0,"AL",0.038
"6561",515,"200102.278.1280.5","NMFS",2001,4,25,115,30.08,42.479373,-69.44683,0,0,0,0,0,"AL",0.038
"6562",515,"200102.279.1280.3","NMFS",2001,4,25,115,30.08,42.685928,-69.408135,0,0,0,0,0,"AL",0.038
"6563",515,"200102.280.1370.1","NMFS",2001,4,25,115,30.15,42.648323,-69.068313,0,0,0,0,0,"AL",0.038
"6564",515,"200102.281.1280.6","NMFS",2001,4,25,115,30,42.603367,-68.65184,0,0,0,0,0,"AL",0.038
"6565",515,"200102.282.1290.1","NMFS",2001,4,25,115,29.98,42.730198,-68.244622,0,0,0,0,0,"AL",0.038
"6566",515,"200102.283.1360.3","NMFS",2001,4,25,115,30.07,42.85405,-67.882722,2,2,0,2,0,"AL",0.038
"6567",515,"200102.284.1370.2","NMFS",2001,4,25,115,30.2,42.855033,-68.481003,0,0,0,0,0,"AL",0.038
"6568",515,"200102.285.1370.5","NMFS",2001,4,26,116,29.93,42.89706,-69.078095,0,0,0,0,0,"AL",0.038
"6569",513,"200102.286.1370.3","NMFS",2001,4,26,116,30.05,43.230843,-69.212342,0,0,0,0,0,"AL",0.038
"6570",513,"200102.287.1370.4","NMFS",2001,4,26,116,30.03,43.271042,-69.179322,0,0,0,0,0,"AL",0.038
"6571",512,"200102.288.1360.8","NMFS",2001,4,26,116,29.93,43.363033,-68.009475,0,0,0,0,0,"AL",0.038
"6572",512,"200102.289.1360.7","NMFS",2001,4,26,116,30.03,43.479122,-67.880532,0,0,0,0,0,"AL",0.038
"6573",465,"200102.290.1360.4","NMFS",2001,4,26,116,30.03,43.362333,-67.611333,0,0,0,0,0,"AL",0.038
"6574",465,"200102.291.1360.6","NMFS",2001,4,26,116,30.05,43.48264,-67.54551,0,0,0,0,0,"AL",0.038
"6575",465,"200102.292.1360.5","NMFS",2001,4,26,116,29.98,43.77518,-67.543075,0,0,0,0,0,"AL",0.038
"6576",511,"200102.293.1340.5","NMFS",2001,4,26,116,30.03,43.864273,-67.40921,0,0,0,0,0,"AL",0.038
"6577",512,"200102.294.1380.2","NMFS",2001,4,27,117,30.05,43.80772,-68.040825,3,3,0,3,0,"AL",0.038
"6578",511,"200102.295.1380.4","NMFS",2001,4,27,117,30.07,44.066563,-67.818183,2,2,0,2,0,"AL",0.038
"6579",512,"200102.296.1390.2","NMFS",2001,4,27,117,30.12,44.070087,-68.031327,0,0,0,0,0,"AL",0.038
"6580",512,"200102.297.1390.3","NMFS",2001,4,27,117,29.98,43.99879,-68.339553,0,0,0,0,0,"AL",0.038
"6581",512,"200102.298.1380.5","NMFS",2001,4,27,117,30.07,43.832195,-68.328332,4,4,0,4,0,"AL",0.038
"6582",512,"200102.299.1390.1","NMFS",2001,4,27,117,30.12,43.944888,-68.582725,7,3,4,7,0,"AL",0.038
"6583",512,"200102.300.1390.4","NMFS",2001,4,27,117,28.05,43.920265,-68.77903,18,6,12,17,1,"AL",0.038
"6584",513,"200102.301.1380.1","NMFS",2001,4,28,118,30.1,43.589017,-69.037492,2,2,0,2,0,"AL",0.038
"6585",513,"200102.302.1400.2","NMFS",2001,4,28,118,30.07,43.678733,-69.483482,2,1,1,2,0,"AL",0.038
"6586",513,"200102.304.1380.6","NMFS",2001,4,28,118,29.98,43.456013,-69.551682,0,0,0,0,0,"AL",0.038
"6587",513,"200102.305.1400.3","NMFS",2001,4,28,118,30.03,43.439247,-70.09681,11,5,6,11,0,"AL",0.038
"6588",513,"200102.306.1400.1","NMFS",2001,4,28,118,30.05,43.226803,-70.18032,1,1,0,1,0,"AL",0.038
"6589",513,"200102.307.1270.4","NMFS",2001,4,28,118,30.02,43.144387,-70.169845,1,0,1,1,0,"AL",0.038
"6590",513,"200102.308.1270.1","NMFS",2001,4,28,118,30.03,43.014862,-70.29309,0,0,0,0,0,"AL",0.038
"6591",513,"200102.309.1270.2","NMFS",2001,4,29,119,30.08,42.974953,-70.344703,8,6,2,8,0,"AL",0.038
"6592",514,"200102.312.1260.7","NMFS",2001,4,29,119,30.1,42.778145,-70.362823,1,1,0,1,0,"AL",0.038
"6593",513,"200102.313.3640.1","NMFS",2001,4,29,119,30.13,42.85101,-70.76535,4,2,2,4,0,"AL",0.038
"6594",514,"200102.314.3640.2","NMFS",2001,4,29,119,30.3,42.742955,-70.740913,4,3,1,4,0,"AL",0.038
"6595",514,"200102.315.3660.2","NMFS",2001,4,29,119,30.07,42.730453,-70.583535,25,6,19,24,1,"AL",0.038
"6596",514,"200102.316.1260.3","NMFS",2001,4,29,119,30.08,42.481652,-70.434418,2,1,1,2,0,"AL",0.038
"6597",514,"200102.317.3660.1","NMFS",2001,4,29,119,30.03,42.491535,-70.685372,10,8,2,10,0,"AL",0.038
"6598",514,"200102.318.3650.1","NMFS",2001,4,29,119,30.08,42.386037,-70.73764,12,7,5,12,0,"AL",0.038
"6599",514,"200102.319.1260.8","NMFS",2001,4,29,119,29.98,42.342078,-70.611412,17,7,10,17,0,"AL",0.038
"6600",514,"200102.320.1260.1","NMFS",2001,4,29,119,29.93,42.314373,-70.408843,12,2,10,12,0,"AL",0.038
"6601",514,"200102.321.3610.2","NMFS",2001,4,30,120,30.02,42.03511,-70.40519,68,27,41,64,4,"AL",0.038
"6602",514,"200102.322.3600.2","NMFS",2001,4,30,120,30.08,41.992485,-70.459213,23,9,14,20,3,"AL",0.038
"6603",514,"200102.323.3600.1","NMFS",2001,4,30,120,30.03,41.888077,-70.300865,15,5,10,15,0,"AL",0.038
"6604",514,"200102.324.3590.1","NMFS",2001,4,30,120,30,41.812347,-70.31102,12,6,6,8,4,"AL",0.038
"6605",514,"200102.325.3580.1","NMFS",2001,4,30,120,30.28,41.82782,-70.482033,7,4,3,2,5,"AL",0.038
"6606",514,"200202.167.3580.1","NMFS",2002,4,4,94,30.02,41.767333,-70.399333,1,0,1,0,1,"AL",0.038
"6607",514,"200202.168.3600.1","NMFS",2002,4,4,94,30.12,41.895333,-70.439167,68,33,35,39,29,"AL",0.038
"6608",514,"200202.169.3610.1","NMFS",2002,4,4,94,27.93,42.027833,-70.222167,3,0,3,2,1,"AL",0.038
"6609",514,"200202.170.1260.3","NMFS",2002,4,4,94,30.02,42.184833,-70.274833,0,0,0,0,0,"AL",0.038
"6610",514,"200202.171.1260.2","NMFS",2002,4,4,94,30.08,42.1905,-70.098833,0,0,0,0,0,"AL",0.038
"6611",521,"200202.172.1250.1","NMFS",2002,4,4,94,30.05,41.840167,-69.871333,0,0,0,0,0,"AL",0.038
"6612",521,"200202.173.1250.3","NMFS",2002,4,4,94,30.12,41.535333,-69.657667,1,1,0,1,0,"AL",0.038
"6613",521,"200202.174.1250.4","NMFS",2002,4,4,94,29.98,41.2745,-69.378833,1,1,0,1,0,"AL",0.038
"6614",521,"200202.175.1250.2","NMFS",2002,4,4,94,29.98,41.033,-69.212333,0,0,0,0,0,"AL",0.038
"6615",521,"200202.176.3550.1","NMFS",2002,4,4,94,30.95,41.060333,-69.482167,0,0,0,0,0,"AL",0.038
"6616",526,"200202.177.3550.5","NMFS",2002,4,5,95,30.1,41.0115,-69.752167,0,0,0,0,0,"AL",0.038
"6617",526,"200202.179.1100.4","NMFS",2002,4,5,95,29.93,40.555333,-69.72,0,0,0,0,0,"AL",0.038
"6618",526,"200202.180.1100.7","NMFS",2002,4,5,95,30.13,40.264167,-69.977333,0,0,0,0,0,"AL",0.038
"6619",526,"200202.181.1110.2","NMFS",2002,4,5,95,30.03,39.985,-69.680167,0,0,0,0,0,"AL",0.038
"6620",526,"200202.182.1110.1","NMFS",2002,4,5,95,30.02,39.968333,-69.448833,0,0,0,0,0,"AL",0.038
"6621",526,"200202.183.1100.1","NMFS",2002,4,5,95,30.03,40.225,-69.1915,0,0,0,0,0,"AL",0.038
"6622",525,"200202.184.1150.1","NMFS",2002,4,5,95,30.12,40.1115,-68.551333,7,6,1,7,0,"AL",0.038
"6623",525,"200202.185.1140.3","NMFS",2002,4,6,96,30.02,40.233833,-68.638833,0,0,0,0,0,"AL",0.038
"6624",525,"200202.186.1130.4","NMFS",2002,4,6,96,30.05,40.310167,-68.766167,0,0,0,0,0,"AL",0.038
"6625",525,"200202.187.1140.2","NMFS",2002,4,6,96,29.92,40.3495,-68.3385,0,0,0,0,0,"AL",0.038
"6626",525,"200202.188.1130.1","NMFS",2002,4,6,96,30.05,40.443333,-68.517833,0,0,0,0,0,"AL",0.038
"6627",526,"200202.189.1100.5","NMFS",2002,4,6,96,30.02,40.56,-68.9685,0,0,0,0,0,"AL",0.038
"6628",526,"200202.190.1090.2","NMFS",2002,4,6,96,29.97,40.643833,-69.376667,0,0,0,0,0,"AL",0.038
"6629",526,"200202.191.1090.4","NMFS",2002,4,6,96,30.05,40.690833,-69.373167,0,0,0,0,0,"AL",0.038
"6630",526,"200202.192.1100.8","NMFS",2002,4,6,96,29.73,40.7295,-69.053833,3,1,2,3,0,"AL",0.038
"6631",525,"200202.193.1130.2","NMFS",2002,4,6,96,29.98,40.767667,-68.714333,1,0,1,1,0,"AL",0.038
"6632",525,"200202.194.1190.8","NMFS",2002,4,6,96,30.03,40.911,-68.547667,2,1,1,2,0,"AL",0.038
"6633",522,"200202.195.1190.1","NMFS",2002,4,7,97,30.02,41.033333,-68.582167,0,0,0,0,0,"AL",0.038
"6634",522,"200202.196.1200.2","NMFS",2002,4,7,97,30.13,41.224167,-68.47,0,0,0,0,0,"AL",0.038
"6635",522,"200202.197.1230.3","NMFS",2002,4,7,97,30.05,41.314667,-68.524833,2,0,2,2,0,"AL",0.038
"6636",521,"200202.198.1230.5","NMFS",2002,4,7,97,30.03,41.348167,-69.245833,0,0,0,0,0,"AL",0.038
"6637",521,"200202.199.1230.4","NMFS",2002,4,7,97,30.02,41.268167,-69.2075,0,0,0,0,0,"AL",0.038
"6638",521,"200202.200.1230.2","NMFS",2002,4,7,97,30.03,41.066167,-68.942,1,1,0,1,0,"AL",0.038
"6639",522,"200202.201.1230.1","NMFS",2002,4,7,97,30.03,41.099833,-68.809,0,0,0,0,0,"AL",0.038
"6640",525,"200202.202.1130.5","NMFS",2002,4,7,97,30,40.693667,-68.4425,0,0,0,0,0,"AL",0.038
"6641",525,"200202.203.1130.6","NMFS",2002,4,7,97,30.02,40.5265,-67.814,0,0,0,0,0,"AL",0.038
"6642",525,"200202.204.1140.1","NMFS",2002,4,7,97,30.05,40.4845,-67.541333,0,0,0,0,0,"AL",0.038
"6643",525,"200202.205.1130.7","NMFS",2002,4,8,98,30.1,40.647333,-67.321333,0,0,0,0,0,"AL",0.038
"6644",525,"200202.206.1130.8","NMFS",2002,4,8,98,30.05,40.679833,-67.340833,0,0,0,0,0,"AL",0.038
"6645",525,"200202.207.1130.9","NMFS",2002,4,8,98,30.05,40.729833,-67.262,0,0,0,0,0,"AL",0.038
"6646",562,"200202.208.1170.1","NMFS",2002,4,8,98,30.13,40.856333,-66.714667,0,0,0,0,0,"AL",0.038
"6647",562,"200202.210.1160.6","NMFS",2002,4,8,98,30.03,41.015333,-66.7055,0,0,0,0,0,"AL",0.038
"6648",562,"200202.211.1160.4","NMFS",2002,4,8,98,30.02,41.059,-67.081833,0,0,0,0,0,"AL",0.038
"6649",525,"200202.212.1130.3","NMFS",2002,4,8,98,30.15,40.9285,-67.542833,0,0,0,0,0,"AL",0.038
"6650",525,"200202.213.1190.4","NMFS",2002,4,8,98,30.1,41.103333,-67.922833,0,0,0,0,0,"AL",0.038
"6651",522,"200202.214.1190.5","NMFS",2002,4,8,98,30.03,41.375333,-68.002167,0,0,0,0,0,"AL",0.038
"6652",522,"200202.215.1190.9","NMFS",2002,4,9,99,30.1,41.407,-67.861667,0,0,0,0,0,"AL",0.038
"6653",522,"200202.216.1190.2","NMFS",2002,4,9,99,30.12,41.513167,-67.724667,0,0,0,0,0,"AL",0.038
"6654",562,"200202.217.1190.6","NMFS",2002,4,9,99,30.03,41.398,-67.575667,0,0,0,0,0,"AL",0.038
"6655",562,"200202.218.1190.7","NMFS",2002,4,9,99,30,41.422833,-67.366833,0,0,0,0,0,"AL",0.038
"6656",562,"200202.219.1160.8","NMFS",2002,4,9,99,30.38,41.4765,-66.921167,0,0,0,0,0,"AL",0.038
"6657",562,"200202.220.1160.10","NMFS",2002,4,9,99,30.18,41.647333,-66.888333,0,0,0,0,0,"AL",0.038
"6658",562,"200202.221.1160.2","NMFS",2002,4,9,99,30.12,41.735667,-66.882833,0,0,0,0,0,"AL",0.038
"6659",551,"200202.222.1160.9","NMFS",2002,4,9,99,30.05,41.893,-66.704333,0,0,0,0,0,"AL",0.038
"6660",552,"200202.223.1160.7","NMFS",2002,4,9,99,30.05,41.769167,-66.645,0,0,0,0,0,"AL",0.038
"6661",551,"200202.224.1160.3","NMFS",2002,4,9,99,29.98,41.844833,-66.342833,0,0,0,0,0,"AL",0.038
"6662",552,"200202.225.1160.5","NMFS",2002,4,9,99,30.02,41.685,-66.352667,0,0,0,0,0,"AL",0.038
"6663",552,"200202.226.1160.1","NMFS",2002,4,9,99,30.08,41.636667,-66.224667,0,0,0,0,0,"AL",0.038
"6664",552,"200202.227.1170.3","NMFS",2002,4,9,99,30.17,41.688833,-65.8845,1,0,1,1,0,"AL",0.038
"6665",552,"200202.228.1170.2","NMFS",2002,4,10,100,30.15,41.764833,-65.8275,8,8,0,8,0,"AL",0.038
"6666",551,"200202.229.1180.1","NMFS",2002,4,10,100,30.1,41.948667,-65.736,3,3,0,3,0,"AL",0.038
"6667",551,"200202.230.1290.4","NMFS",2002,4,10,100,29.97,42.210167,-66.253333,6,6,0,6,0,"AL",0.038
"6668",551,"200202.231.1220.3","NMFS",2002,4,10,100,30.32,42.1495,-66.313333,0,0,0,0,0,"AL",0.038
"6669",551,"200202.233.1210.3","NMFS",2002,4,10,100,30,42.0955,-66.9725,1,1,0,1,0,"AL",0.038
"6670",561,"200202.234.1190.3","NMFS",2002,4,10,100,29.92,41.940833,-67.1015,4,1,3,4,0,"AL",0.038
"6671",522,"200202.235.1200.4","NMFS",2002,4,10,100,30.03,41.902,-67.7145,0,0,0,0,0,"AL",0.038
"6672",522,"200202.236.1200.3","NMFS",2002,4,11,101,29.98,41.704833,-67.7055,0,0,0,0,0,"AL",0.038
"6673",522,"200202.237.1210.4","NMFS",2002,4,11,101,30.12,41.855667,-67.965667,0,0,0,0,0,"AL",0.038
"6674",522,"200202.238.1200.6","NMFS",2002,4,11,101,29.98,41.771,-68.0675,0,0,0,0,0,"AL",0.038
"6675",522,"200202.239.1200.1","NMFS",2002,4,11,101,30.02,41.597167,-68.061833,2,2,0,2,0,"AL",0.038
"6676",522,"200202.240.1200.5","NMFS",2002,4,11,101,30.28,41.5715,-68.2255,3,2,1,3,0,"AL",0.038
"6677",522,"200202.241.1220.1","NMFS",2002,4,11,101,30.02,41.804167,-68.309833,11,8,3,11,0,"AL",0.038
"6678",522,"200202.242.1240.6","NMFS",2002,4,11,101,29.98,41.769333,-68.5215,3,1,2,3,0,"AL",0.038
"6679",522,"200202.243.1240.2","NMFS",2002,4,11,101,30.08,41.565333,-68.683167,0,0,0,0,0,"AL",0.038
"6680",521,"200202.244.1240.1","NMFS",2002,4,11,101,30,41.706167,-69.1135,0,0,0,0,0,"AL",0.038
"6681",521,"200202.245.1240.5","NMFS",2002,4,11,101,29.97,41.767833,-69.127833,0,0,0,0,0,"AL",0.038
"6682",521,"200202.246.1240.4","NMFS",2002,4,11,101,30.1,41.766667,-69.184167,1,1,0,1,0,"AL",0.038
"6683",521,"200202.247.3550.3","NMFS",2002,4,12,102,26.15,41.631167,-69.8415,1,1,0,1,0,"AL",0.038
"6684",521,"200202.248.3550.4","NMFS",2002,4,12,102,20.05,41.512833,-69.714667,3,1,2,2,1,"AL",0.038
"6685",521,"200202.249.3550.2","NMFS",2002,4,12,102,30.02,41.3845,-69.596333,1,1,0,0,1,"AL",0.038
"6686",521,"200202.250.3560.1","NMFS",2002,4,16,106,30.02,41.890167,-69.936667,0,0,0,0,0,"AL",0.038
"6687",521,"200202.251.1240.3","NMFS",2002,4,16,106,29.9,41.967333,-69.703333,0,0,0,0,0,"AL",0.038
"6688",521,"200202.252.1280.2","NMFS",2002,4,16,106,30.03,42.012833,-69.4725,0,0,0,0,0,"AL",0.038
"6689",521,"200202.253.1280.7","NMFS",2002,4,16,106,30.02,42.176667,-69.656667,0,0,0,0,0,"AL",0.038
"6690",521,"200202.254.1280.3","NMFS",2002,4,16,106,30.18,42.1605,-69.346833,0,0,0,0,0,"AL",0.038
"6691",515,"200202.255.1280.4","NMFS",2002,4,16,106,30.02,42.6105,-69.185667,0,0,0,0,0,"AL",0.038
"6692",515,"200202.256.1370.1","NMFS",2002,4,16,106,30.02,42.682667,-69.180167,0,0,0,0,0,"AL",0.038
"6693",513,"200202.257.1370.2","NMFS",2002,4,17,107,30.2,43.104,-69.279,0,0,0,0,0,"AL",0.038
"6694",513,"200202.258.1370.3","NMFS",2002,4,17,107,30.03,43.22,-69.074167,1,1,0,1,0,"AL",0.038
"6695",515,"200202.259.1370.4","NMFS",2002,4,17,107,29.98,42.980833,-68.874667,5,5,0,5,0,"AL",0.038
"6696",515,"200202.260.1370.5","NMFS",2002,4,17,107,30.08,42.846,-68.8645,0,0,0,0,0,"AL",0.038
"6697",522,"200202.261.1290.2","NMFS",2002,4,17,107,29.98,42.265,-68.3155,1,1,0,1,0,"AL",0.038
"6698",522,"200202.262.1220.2","NMFS",2002,4,17,107,30.03,42.1405,-67.739833,1,1,0,1,0,"AL",0.038
"6699",561,"200202.263.1210.2","NMFS",2002,4,17,107,29.95,42.1,-67.5195,0,0,0,0,0,"AL",0.038
"6700",561,"200202.264.1220.4","NMFS",2002,4,17,107,30.02,42.148,-67.422,3,2,1,3,0,"AL",0.038
"6701",561,"200202.265.1290.1","NMFS",2002,4,17,107,30.17,42.226,-67.3815,1,1,0,1,0,"AL",0.038
"6702",464,"200202.266.1300.3","NMFS",2002,4,18,108,30.12,42.460167,-67.385333,2,2,0,2,0,"AL",0.038
"6703",515,"200202.267.1290.6","NMFS",2002,4,18,108,30.03,42.612833,-67.748833,0,0,0,0,0,"AL",0.038
"6704",515,"200202.268.1290.5","NMFS",2002,4,18,108,30.12,42.647667,-67.686333,0,0,0,0,0,"AL",0.038
"6705",464,"200202.269.1300.1","NMFS",2002,4,18,108,30.03,42.559333,-67.2715,1,1,0,1,0,"AL",0.038
"6706",464,"200202.270.1300.2","NMFS",2002,4,18,108,30,42.363,-66.627333,4,4,0,4,0,"AL",0.038
"6707",464,"200202.271.1290.8","NMFS",2002,4,18,108,29.92,42.600333,-66.599,2,2,0,2,0,"AL",0.038
"6708",464,"200202.272.1290.3","NMFS",2002,4,18,108,30.02,42.480167,-66.374667,1,1,0,1,0,"AL",0.038
"6709",464,"200202.273.1290.7","NMFS",2002,4,18,108,30.05,42.477333,-66.139333,1,1,0,1,0,"AL",0.038
"6710",465,"200202.275.1330.3","NMFS",2002,4,19,109,29.97,43.344,-66.5315,15,5,10,15,0,"AL",0.038
"6711",465,"200202.276.1340.2","NMFS",2002,4,19,109,29.97,43.189333,-67.001833,1,0,1,1,0,"AL",0.038
"6712",515,"200202.277.1360.8","NMFS",2002,4,19,109,30,43.062333,-67.855833,0,0,0,0,0,"AL",0.038
"6713",515,"200202.278.1360.4","NMFS",2002,4,19,109,29.98,43.110833,-68.131667,1,1,0,1,0,"AL",0.038
"6714",512,"200202.279.1360.6","NMFS",2002,4,19,109,30.07,43.521167,-67.7485,0,0,0,0,0,"AL",0.038
"6715",465,"200202.280.1360.3","NMFS",2002,4,20,110,30.07,43.355167,-67.422,3,2,1,3,0,"AL",0.038
"6716",465,"200202.281.1360.1","NMFS",2002,4,20,110,30.07,43.5255,-66.968667,6,2,4,6,0,"AL",0.038
"6717",465,"200202.282.1340.6","NMFS",2002,4,20,110,29.95,43.6125,-66.68,6,5,1,6,0,"AL",0.038
"6718",465,"200202.283.1330.1","NMFS",2002,4,20,110,30.02,43.7435,-66.572667,8,5,3,8,0,"AL",0.038
"6719",465,"200202.284.1340.4","NMFS",2002,4,20,110,30.02,43.823167,-66.818,1,0,1,1,0,"AL",0.038
"6720",511,"200202.285.1340.1","NMFS",2002,4,20,110,30,43.894333,-66.918667,1,1,0,1,0,"AL",0.038
"6721",511,"200202.286.1340.5","NMFS",2002,4,20,110,29.97,43.990167,-66.986,1,1,0,1,0,"AL",0.038
"6722",466,"200202.287.1330.2","NMFS",2002,4,20,110,30.1,44.182667,-66.66,7,4,3,7,0,"AL",0.038
"6723",511,"200202.288.1340.3","NMFS",2002,4,20,110,29.95,44.022667,-67.304167,6,6,0,6,0,"AL",0.038
"6724",511,"200202.289.1351.2","NMFS",2002,4,21,111,30.2,44.187833,-67.211333,3,1,2,3,0,"AL",0.038
"6725",511,"200202.290.1351.1","NMFS",2002,4,21,111,21.98,44.398833,-67.169333,3,3,0,3,0,"AL",0.038
"6726",511,"200202.291.1390.2","NMFS",2002,4,21,111,29.97,44.360667,-67.662333,23,12,11,23,0,"AL",0.038
"6727",511,"200202.292.1380.2","NMFS",2002,4,21,111,30,44.222667,-67.529167,0,0,0,0,0,"AL",0.038
"6728",511,"200202.293.1360.7","NMFS",2002,4,21,111,30,44.184167,-67.3915,1,0,1,1,0,"AL",0.038
"6729",511,"200202.294.1360.2","NMFS",2002,4,21,111,29.97,43.979833,-67.524333,1,1,0,1,0,"AL",0.038
"6730",512,"200202.295.1380.1","NMFS",2002,4,21,111,30.03,43.974333,-67.7455,4,4,0,4,0,"AL",0.038
"6731",512,"200202.296.1360.5","NMFS",2002,4,21,111,30,43.897167,-67.917167,11,10,1,11,0,"AL",0.038
"6732",512,"200202.297.1390.1","NMFS",2002,4,21,111,30.1,44.149667,-67.8915,1,1,0,1,0,"AL",0.038
"6733",512,"200202.298.1390.3","NMFS",2002,4,21,111,30.05,44.186167,-68.031167,9,5,4,8,1,"AL",0.038
"6734",512,"200202.299.1380.4","NMFS",2002,4,22,112,30.17,43.964,-68.223,2,2,0,2,0,"AL",0.038
"6735",512,"200202.300.1380.3","NMFS",2002,4,22,112,30.07,43.9065,-68.2815,5,5,0,5,0,"AL",0.038
"6736",512,"200202.301.1390.5","NMFS",2002,4,22,112,24.1,43.789667,-68.680167,12,9,3,12,0,"AL",0.038
"6737",512,"200202.302.1390.4","NMFS",2002,4,22,112,30.08,43.925167,-68.793333,34,14,20,32,2,"AL",0.038
"6738",512,"200202.303.1380.5","NMFS",2002,4,22,112,29.95,43.479833,-68.509333,2,2,0,2,0,"AL",0.038
"6739",513,"200202.305.1400.2","NMFS",2002,4,22,112,30,43.376167,-70.107833,15,7,8,15,0,"AL",0.038
"6740",513,"200202.306.1400.4","NMFS",2002,4,22,112,30.23,43.363,-70.109,12,8,4,12,0,"AL",0.038
"6741",513,"200202.307.1270.4","NMFS",2002,4,23,113,30.2,43.264167,-70.143,2,1,1,2,0,"AL",0.038
"6742",513,"200202.308.1400.3","NMFS",2002,4,23,113,29.95,43.224833,-70.252167,7,4,3,7,0,"AL",0.038
"6743",513,"200202.309.1400.6","NMFS",2002,4,23,113,29.93,43.194,-70.298833,10,4,6,10,0,"AL",0.038
"6744",514,"200202.310.1280.5","NMFS",2002,4,23,113,29.95,42.811667,-69.8845,1,0,1,1,0,"AL",0.038
"6745",514,"200202.311.1270.1","NMFS",2002,4,23,113,30.18,42.807167,-70.073667,2,2,0,2,0,"AL",0.038
"6746",513,"200202.312.1270.3","NMFS",2002,4,23,113,30.05,43.063,-70.3275,2,1,1,2,0,"AL",0.038
"6747",513,"200202.313.1400.5","NMFS",2002,4,23,113,30.02,43.039833,-70.423,18,8,10,18,0,"AL",0.038
"6748",513,"200202.314.3650.1","NMFS",2002,4,23,113,30,42.855833,-70.708167,13,7,6,11,2,"AL",0.038
"6749",514,"200202.315.3660.2","NMFS",2002,4,23,113,30.07,42.658667,-70.446833,0,0,0,0,0,"AL",0.038
"6750",514,"200202.316.3660.1","NMFS",2002,4,23,113,29.97,42.564333,-70.605833,38,17,21,30,8,"AL",0.038
"6751",514,"200202.317.1260.1","NMFS",2002,4,24,114,30.12,42.562167,-70.139333,0,0,0,0,0,"AL",0.038
"6752",514,"200202.318.1280.6","NMFS",2002,4,24,114,30.07,42.562833,-69.8065,1,1,0,1,0,"AL",0.038
"6753",515,"200202.319.1280.1","NMFS",2002,4,24,114,29.98,42.619833,-69.589167,0,0,0,0,0,"AL",0.038
"6754",521,"200202.320.1270.2","NMFS",2002,4,24,114,30.12,42.268,-69.969,5,4,1,5,0,"AL",0.038
"6755",514,"200202.321.1260.4","NMFS",2002,4,24,114,30.15,42.362,-70.126333,4,4,0,4,0,"AL",0.038
"6756",514,"200202.322.1260.5","NMFS",2002,4,24,114,30.1,42.256833,-70.492167,38,24,14,38,0,"AL",0.038
"6757",514,"200202.324.3630.1","NMFS",2002,4,24,114,20,42.241167,-70.688833,13,5,8,12,1,"AL",0.038
"6758",514,"200202.325.3590.1","NMFS",2002,4,24,114,30.1,42.175667,-70.581,28,18,10,28,0,"AL",0.038
"6759",514,"200202.326.3600.2","NMFS",2002,4,24,114,30.28,42.121333,-70.512667,13,8,5,10,3,"AL",0.038
"6760",514,"200202.327.3610.2","NMFS",2002,4,25,115,30.23,42.056833,-70.460833,11,6,5,11,0,"AL",0.038
"6761",526,"200303.170.1100.1","NMFS",2003,4,2,92,29.92,40.054378,-69.377723,0,0,0,0,0,"DE",0.038
"6762",526,"200303.171.1110.1","NMFS",2003,4,2,92,29.93,40.145687,-69.146667,0,0,0,0,0,"DE",0.038
"6763",526,"200303.172.1120.1","NMFS",2003,4,2,92,30.12,40.141667,-69.066552,6,2,4,6,0,"DE",0.038
"6764",526,"200303.173.1100.3","NMFS",2003,4,2,92,30.03,40.278427,-69.582443,0,0,0,0,0,"DE",0.038
"6765",526,"200303.174.1100.2","NMFS",2003,4,3,93,29.95,40.32325,-69.515152,0,0,0,0,0,"DE",0.038
"6766",526,"200303.175.1100.4","NMFS",2003,4,3,93,29.97,40.398098,-69.379197,0,0,0,0,0,"DE",0.038
"6767",526,"200303.176.1100.7","NMFS",2003,4,3,93,29.92,40.44395,-69.446975,0,0,0,0,0,"DE",0.038
"6768",526,"200303.177.1100.5","NMFS",2003,4,3,93,30.12,40.521923,-69.485123,0,0,0,0,0,"DE",0.038
"6769",526,"200303.178.1100.6","NMFS",2003,4,3,93,30.12,40.476647,-69.781205,0,0,0,0,0,"DE",0.038
"6770",526,"200303.179.1090.3","NMFS",2003,4,3,93,29.95,40.71957,-69.498787,0,0,0,0,0,"DE",0.038
"6771",526,"200303.180.3550.4","NMFS",2003,4,3,93,29.93,40.968735,-69.787658,0,0,0,0,0,"DE",0.038
"6772",526,"200303.181.3550.3","NMFS",2003,4,3,93,29.95,41.120448,-69.68161,0,0,0,0,0,"DE",0.038
"6773",526,"200303.182.3550.5","NMFS",2003,4,3,93,20.08,41.031155,-69.58036,0,0,0,0,0,"DE",0.038
"6774",526,"200303.183.3550.2","NMFS",2003,4,3,93,30.07,40.982815,-69.429657,1,1,0,1,0,"DE",0.038
"6775",526,"200303.184.3550.1","NMFS",2003,4,3,93,30.15,40.942638,-69.359032,1,1,0,1,0,"DE",0.038
"6776",521,"200303.185.1250.3","NMFS",2003,4,3,93,29.97,41.016105,-69.31794,1,1,0,1,0,"DE",0.038
"6777",525,"200303.186.1130.8","NMFS",2003,4,4,94,29.97,40.898663,-68.73153,1,1,0,1,0,"DE",0.038
"6778",525,"200303.187.1190.7","NMFS",2003,4,4,94,29.92,40.742798,-68.582923,0,0,0,0,0,"DE",0.038
"6779",525,"200303.188.1130.1","NMFS",2003,4,4,94,30.12,40.612602,-68.647408,0,0,0,0,0,"DE",0.038
"6780",525,"200303.189.1140.2","NMFS",2003,4,4,94,29.95,40.314285,-68.306175,0,0,0,0,0,"DE",0.038
"6781",525,"200303.190.1140.3","NMFS",2003,4,4,94,29.95,40.55722,-67.673867,0,0,0,0,0,"DE",0.038
"6782",525,"200303.191.1140.1","NMFS",2003,4,4,94,30.12,40.56984,-67.285317,0,0,0,0,0,"DE",0.038
"6783",525,"200303.192.1150.1","NMFS",2003,4,4,94,29.9,40.532993,-67.166038,0,0,0,0,0,"DE",0.038
"6784",525,"200303.193.1130.3","NMFS",2003,4,4,94,29.98,40.720993,-67.261268,0,0,0,0,0,"DE",0.038
"6785",525,"200303.194.1130.9","NMFS",2003,4,5,95,30,40.74208,-67.447747,0,0,0,0,0,"DE",0.038
"6786",525,"200303.195.1130.6","NMFS",2003,4,5,95,29.82,40.76743,-67.413422,0,0,0,0,0,"DE",0.038
"6787",525,"200303.196.1130.4","NMFS",2003,4,5,95,30.1,40.981228,-67.473862,1,1,0,1,0,"DE",0.038
"6788",525,"200303.197.1130.7","NMFS",2003,4,5,95,30.15,40.89595,-67.51419,0,0,0,0,0,"DE",0.038
"6789",525,"200303.198.1130.5","NMFS",2003,4,5,95,29.93,40.749268,-67.708625,0,0,0,0,0,"DE",0.038
"6790",525,"200303.199.1130.2","NMFS",2003,4,5,95,29.95,40.819542,-67.805412,0,0,0,0,0,"DE",0.038
"6791",525,"200303.200.1190.9","NMFS",2003,4,5,95,30.12,40.854488,-68.245262,0,0,0,0,0,"DE",0.038
"6792",525,"200303.201.1190.1","NMFS",2003,4,5,95,30.13,41.019757,-68.045493,0,0,0,0,0,"DE",0.038
"6793",525,"200303.202.1190.3","NMFS",2003,4,5,95,29.95,41.179913,-68.012032,0,0,0,0,0,"DE",0.038
"6794",525,"200303.203.1190.2","NMFS",2003,4,5,95,29.95,41.103787,-67.916177,0,0,0,0,0,"DE",0.038
"6795",525,"200303.204.1190.4","NMFS",2003,4,6,96,29.93,41.189342,-67.806252,0,0,0,0,0,"DE",0.038
"6796",562,"200303.205.1190.5","NMFS",2003,4,6,96,30.13,41.691593,-67.405258,0,0,0,0,0,"DE",0.038
"6797",562,"200303.206.1190.6","NMFS",2003,4,6,96,30.12,41.60197,-67.272552,0,0,0,0,0,"DE",0.038
"6798",562,"200303.207.1160.3","NMFS",2003,4,6,96,29.97,41.590935,-66.976837,0,0,0,0,0,"DE",0.038
"6799",562,"200303.208.1160.7","NMFS",2003,4,6,96,29.97,41.309238,-66.807525,0,0,0,0,0,"DE",0.038
"6800",562,"200303.209.1160.8","NMFS",2003,4,6,96,29.82,41.264263,-66.883018,0,0,0,0,0,"DE",0.038
"6801",562,"200303.210.1160.10","NMFS",2003,4,6,96,30.15,41.03173,-67.065688,0,0,0,0,0,"DE",0.038
"6802",562,"200303.211.1160.1","NMFS",2003,4,7,97,29.93,41.1362,-66.78849,0,0,0,0,0,"DE",0.038
"6803",562,"200303.212.1170.2","NMFS",2003,4,7,97,29.92,41.11073,-66.45739,0,0,0,0,0,"DE",0.038
"6804",552,"200303.213.1180.1","NMFS",2003,4,7,97,30.12,41.213467,-66.25119,31,25,6,30,1,"DE",0.038
"6805",552,"200303.214.1170.1","NMFS",2003,4,7,97,29.95,41.431553,-66.113487,0,0,0,0,0,"DE",0.038
"6806",552,"200303.215.1160.6","NMFS",2003,4,7,97,29.92,41.488365,-66.468262,0,0,0,0,0,"DE",0.038
"6807",552,"200303.216.1160.4","NMFS",2003,4,7,97,29.95,41.738365,-66.750282,0,0,0,0,0,"DE",0.038
"6808",551,"200303.217.1160.9","NMFS",2003,4,7,97,30.12,41.904877,-66.830085,0,0,0,0,0,"DE",0.038
"6809",551,"200303.218.1160.2","NMFS",2003,4,7,97,29.98,41.980785,-66.546197,2,1,1,1,1,"DE",0.038
"6810",552,"200303.219.1160.5","NMFS",2003,4,8,98,29.95,41.678958,-66.015868,0,0,0,0,0,"DE",0.038
"6811",552,"200303.220.1170.3","NMFS",2003,4,8,98,29.98,41.820568,-65.760812,1,1,0,1,0,"DE",0.038
"6812",551,"200303.221.1290.4","NMFS",2003,4,8,98,29.95,42.07874,-65.867843,9,6,3,9,0,"DE",0.038
"6813",551,"200303.222.1290.3","NMFS",2003,4,8,98,29.98,42.262517,-66.013077,0,0,0,0,0,"DE",0.038
"6814",464,"200303.223.1290.2","NMFS",2003,4,8,98,29.95,42.480053,-66.548257,4,3,1,4,0,"DE",0.038
"6815",464,"200303.224.1300.1","NMFS",2003,4,8,98,30.12,42.500672,-67.320083,2,2,0,2,0,"DE",0.038
"6816",464,"200303.225.1300.3","NMFS",2003,4,9,99,29.92,42.436222,-67.290313,10,7,3,10,0,"DE",0.038
"6817",561,"200303.227.1300.4","NMFS",2003,4,9,99,30.13,42.307713,-67.384605,5,3,2,5,0,"DE",0.038
"6818",561,"200303.228.1290.1","NMFS",2003,4,9,99,30.15,42.27964,-67.478203,36,29,7,36,0,"DE",0.038
"6819",561,"200303.229.1220.1","NMFS",2003,4,9,99,29.93,42.145352,-67.534317,5,4,1,5,0,"DE",0.038
"6820",561,"200303.230.1220.2","NMFS",2003,4,9,99,29.93,42.153518,-67.405205,0,0,0,0,0,"DE",0.038
"6821",561,"200303.231.1220.3","NMFS",2003,4,9,99,29.93,42.182762,-67.19223,5,3,2,5,0,"DE",0.038
"6822",561,"200303.232.1210.1","NMFS",2003,4,9,99,30.12,42.104717,-67.212493,3,3,0,3,0,"DE",0.038
"6823",561,"200303.233.1200.6","NMFS",2003,4,9,99,30.13,41.983952,-67.305465,0,0,0,0,0,"DE",0.038
"6824",522,"200303.234.1210.2","NMFS",2003,4,9,99,29.92,42.022358,-67.667838,0,0,0,0,0,"DE",0.038
"6825",522,"200303.235.1220.4","NMFS",2003,4,10,100,29.97,42.062595,-67.844597,3,2,1,3,0,"DE",0.038
"6826",522,"200303.236.1210.3","NMFS",2003,4,10,100,29.92,41.895553,-68.016312,0,0,0,0,0,"DE",0.038
"6827",522,"200303.237.1210.4","NMFS",2003,4,10,100,29.97,41.855382,-68.047943,0,0,0,0,0,"DE",0.038
"6828",522,"200303.238.1200.3","NMFS",2003,4,10,100,30.12,41.724128,-68.042953,9,7,2,7,2,"DE",0.038
"6829",522,"200303.239.1200.4","NMFS",2003,4,10,100,29.97,41.690338,-68.259285,0,0,0,0,0,"DE",0.038
"6830",522,"200303.240.1190.8","NMFS",2003,4,10,100,29.95,41.396195,-68.024093,0,0,0,0,0,"DE",0.038
"6831",522,"200303.242.1200.1","NMFS",2003,4,10,100,29.95,41.26376,-68.303192,1,1,0,1,0,"DE",0.038
"6832",521,"200303.244.1230.3","NMFS",2003,4,11,101,29.93,41.30767,-69.348708,0,0,0,0,0,"DE",0.038
"6833",521,"200303.245.1250.4","NMFS",2003,4,11,101,30.12,41.47203,-69.516442,35,16,19,31,4,"DE",0.038
"6834",521,"200303.247.1250.5","NMFS",2003,4,15,105,30.05,41.573638,-69.588088,0,0,0,0,0,"DE",0.038
"6835",521,"200303.248.1240.1","NMFS",2003,4,16,106,29.95,41.892647,-69.522735,2,2,0,2,0,"DE",0.038
"6836",521,"200303.249.1280.4","NMFS",2003,4,16,106,30.12,41.896828,-69.271485,0,0,0,0,0,"DE",0.038
"6837",521,"200303.250.1280.6","NMFS",2003,4,16,106,30.12,41.904945,-69.142197,0,0,0,0,0,"DE",0.038
"6838",521,"200303.251.1240.4","NMFS",2003,4,16,106,30.02,41.859352,-68.878548,0,0,0,0,0,"DE",0.038
"6839",522,"200303.252.1240.5","NMFS",2003,4,16,106,29.92,41.612083,-68.74086,0,0,0,0,0,"DE",0.038
"6840",522,"200303.253.1240.2","NMFS",2003,4,16,106,30.1,41.371312,-68.764648,3,1,2,3,0,"DE",0.038
"6841",522,"200303.254.1230.4","NMFS",2003,4,16,106,30.2,41.317978,-68.797638,0,0,0,0,0,"DE",0.038
"6842",521,"200303.255.1230.1","NMFS",2003,4,16,106,30.03,41.100578,-68.888763,2,0,2,2,0,"DE",0.038
"6843",522,"200303.256.1230.2","NMFS",2003,4,16,106,30,41.146778,-68.799613,3,3,0,3,0,"DE",0.038
"6844",522,"200303.257.1230.5","NMFS",2003,4,16,106,29.97,41.117553,-68.665802,0,0,0,0,0,"DE",0.038
"6845",522,"200303.258.1240.6","NMFS",2003,4,17,107,30.1,41.649097,-68.64766,1,1,0,1,0,"DE",0.038
"6846",522,"200303.259.1240.3","NMFS",2003,4,17,107,29.95,42.137577,-68.416443,0,0,0,0,0,"DE",0.038
"6847",522,"200303.260.1290.7","NMFS",2003,4,17,107,29.95,42.148957,-68.059547,1,1,0,1,0,"DE",0.038
"6848",522,"200303.261.1290.8","NMFS",2003,4,17,107,30.13,42.264867,-68.023315,0,0,0,0,0,"DE",0.038
"6849",515,"200303.263.1290.9","NMFS",2003,4,17,107,30,42.415508,-68.218628,1,1,0,1,0,"DE",0.038
"6850",515,"200303.264.1280.2","NMFS",2003,4,18,108,29.93,42.573757,-68.607522,0,0,0,0,0,"DE",0.038
"6851",515,"200303.265.1290.6","NMFS",2003,4,18,108,30.12,42.713588,-68.331665,1,1,0,1,0,"DE",0.038
"6852",515,"200303.266.1360.5","NMFS",2003,4,18,108,30.03,42.881493,-67.934807,0,0,0,0,0,"DE",0.038
"6853",515,"200303.267.1360.8","NMFS",2003,4,18,108,29.97,43.283028,-67.973113,1,1,0,1,0,"DE",0.038
"6854",515,"200303.268.1360.6","NMFS",2003,4,18,108,29.95,43.324753,-67.852073,1,1,0,1,0,"DE",0.038
"6855",512,"200303.269.1360.4","NMFS",2003,4,18,108,30.13,43.367245,-67.951858,0,0,0,0,0,"DE",0.038
"6856",512,"200303.270.1360.3","NMFS",2003,4,18,108,30.23,43.521343,-67.914375,3,3,0,3,0,"DE",0.038
"6857",465,"200303.271.1360.2","NMFS",2003,4,18,108,30.02,43.60849,-67.630898,1,1,0,1,0,"DE",0.038
"6858",512,"200303.272.1360.1","NMFS",2003,4,19,109,29.95,43.814347,-67.673958,0,0,0,0,0,"DE",0.038
"6859",465,"200303.273.1340.6","NMFS",2003,4,19,109,30.15,43.682445,-67.223397,0,0,0,0,0,"DE",0.038
"6860",465,"200303.274.1360.7","NMFS",2003,4,19,109,30.02,43.268718,-67.20092,4,4,0,4,0,"DE",0.038
"6861",465,"200303.275.1340.2","NMFS",2003,4,19,109,29.93,43.107273,-66.7435,3,0,3,3,0,"DE",0.038
"6862",465,"200303.276.1340.5","NMFS",2003,4,19,109,30.1,43.159032,-66.712845,3,3,0,2,1,"DE",0.038
"6863",465,"200303.277.1340.4","NMFS",2003,4,19,109,30.02,43.263858,-66.791038,0,0,0,0,0,"DE",0.038
"6864",465,"200303.278.1340.1","NMFS",2003,4,19,109,30.02,43.362285,-66.633698,16,5,11,16,0,"DE",0.038
"6865",465,"200303.280.1330.2","NMFS",2003,4,20,110,30.1,43.357483,-66.296402,22,7,15,20,2,"DE",0.038
"6866",465,"200303.281.1330.4","NMFS",2003,4,20,110,20.02,43.485585,-66.304558,14,5,9,13,1,"DE",0.038
"6867",465,"200303.282.1340.3","NMFS",2003,4,20,110,29.93,43.615567,-66.598672,4,0,4,4,0,"DE",0.038
"6868",466,"200303.283.1330.3","NMFS",2003,4,20,110,30.1,44.079952,-66.692535,23,10,13,23,0,"DE",0.038
"6869",466,"200303.284.1330.5","NMFS",2003,4,20,110,30,44.15651,-66.64418,9,5,4,8,1,"DE",0.038
"6870",511,"200303.285.1351.2","NMFS",2003,4,20,110,30.28,44.096077,-66.915863,1,1,0,1,0,"DE",0.038
"6871",511,"200303.286.1351.1","NMFS",2003,4,21,111,29.95,44.361873,-67.089272,3,1,2,3,0,"DE",0.038
"6872",511,"200303.287.1390.4","NMFS",2003,4,21,111,30.05,44.376862,-67.564637,41,19,22,37,4,"DE",0.038
"6873",511,"200303.288.1390.1","NMFS",2003,4,21,111,30,44.227405,-67.760285,0,0,0,0,0,"DE",0.038
"6874",512,"200303.289.1380.3","NMFS",2003,4,21,111,29.95,43.919442,-68.080795,0,0,0,0,0,"DE",0.038
"6875",512,"200303.290.1380.2","NMFS",2003,4,21,111,29.92,43.930252,-68.126755,12,12,0,12,0,"DE",0.038
"6876",512,"200303.291.1380.1","NMFS",2003,4,21,111,30.12,43.730057,-68.153565,4,0,4,4,0,"DE",0.038
"6877",512,"200303.292.1380.4","NMFS",2003,4,21,111,30,43.731232,-68.19571,3,3,0,3,0,"DE",0.038
"6878",512,"200303.293.1390.3","NMFS",2003,4,21,111,22,43.799397,-68.650398,9,7,2,9,0,"DE",0.038
"6879",512,"200303.294.1390.2","NMFS",2003,4,22,112,30.02,43.922035,-68.780457,20,11,9,20,0,"DE",0.038
"6880",513,"200303.296.1400.2","NMFS",2003,4,23,113,30.02,43.374183,-70.097382,0,0,0,0,0,"DE",0.038
"6881",513,"200303.297.1400.1","NMFS",2003,4,24,114,29.92,43.191863,-70.279785,10,4,6,10,0,"DE",0.038
"6882",513,"200303.298.1270.3","NMFS",2003,4,24,114,30.12,43.011535,-70.19992,0,0,0,0,0,"DE",0.038
"6883",513,"200303.299.1270.2","NMFS",2003,4,24,114,30,42.851585,-70.417915,0,0,0,0,0,"DE",0.038
"6884",514,"200303.300.1400.3","NMFS",2003,4,24,114,30,42.810173,-70.506272,1,1,0,1,0,"DE",0.038
"6885",514,"200303.301.3640.1","NMFS",2003,4,24,114,29.97,42.820568,-70.750923,4,3,1,4,0,"DE",0.038
"6886",514,"200303.302.3660.3","NMFS",2003,4,24,114,29.97,42.727612,-70.613968,42,14,28,41,1,"DE",0.038
"6887",514,"200303.303.3660.1","NMFS",2003,4,24,114,30.12,42.660743,-70.415283,1,1,0,1,0,"DE",0.038
"6888",514,"200303.304.1260.2","NMFS",2003,4,24,114,31.62,42.448093,-70.513435,3,3,0,3,0,"DE",0.038
"6889",514,"200303.305.1260.5","NMFS",2003,4,24,114,30.07,42.433732,-70.447007,3,2,1,3,0,"DE",0.038
"6890",514,"200303.306.1260.4","NMFS",2003,4,24,114,29.93,42.654252,-70.320388,0,0,0,0,0,"DE",0.038
"6891",514,"200303.307.1270.1","NMFS",2003,4,25,115,29.92,42.645032,-70.042518,6,5,1,6,0,"DE",0.038
"6892",514,"200303.308.1270.4","NMFS",2003,4,25,115,30.1,42.810467,-70.04602,4,4,0,4,0,"DE",0.038
"6893",513,"200303.309.1370.2","NMFS",2003,4,25,115,30,42.939797,-69.495957,2,2,0,2,0,"DE",0.038
"6894",513,"200303.310.1370.5","NMFS",2003,4,25,115,29.9,43.23119,-69.374962,4,4,0,4,0,"DE",0.038
"6895",513,"200303.311.1380.5","NMFS",2003,4,25,115,29.93,43.308738,-69.349433,2,2,0,2,0,"DE",0.038
"6896",513,"200303.312.1370.1","NMFS",2003,4,25,115,30.15,43.10595,-69.306397,0,0,0,0,0,"DE",0.038
"6897",515,"200303.313.1370.3","NMFS",2003,4,25,115,30.02,42.837337,-69.244293,0,0,0,0,0,"DE",0.038
"6898",515,"200303.314.1370.4","NMFS",2003,4,25,115,30,42.723862,-68.964248,1,1,0,1,0,"DE",0.038
"6899",515,"200303.315.1280.3","NMFS",2003,4,26,116,29.95,42.390553,-69.252883,0,0,0,0,0,"DE",0.038
"6900",515,"200303.316.1280.7","NMFS",2003,4,26,116,30.08,42.361908,-69.346612,0,0,0,0,0,"DE",0.038
"6901",515,"200303.317.1280.5","NMFS",2003,4,26,116,30.12,42.503188,-69.406647,0,0,0,0,0,"DE",0.038
"6902",521,"200303.318.1280.1","NMFS",2003,4,26,116,30.02,42.255067,-69.708473,0,0,0,0,0,"DE",0.038
"6903",521,"200303.322.3560.1","NMFS",2003,4,26,116,20.03,42.001767,-69.99617,2,1,1,2,0,"DE",0.038
"6904",514,"200303.323.3610.3","NMFS",2003,4,26,116,30.08,42.099533,-70.254333,3,1,2,3,0,"DE",0.038
"6905",514,"200303.324.3610.1","NMFS",2003,4,26,116,30.03,42.036397,-70.269692,7,1,6,7,0,"DE",0.038
"6906",514,"200303.325.3600.1","NMFS",2003,4,26,116,30.05,41.978123,-70.157455,6,2,4,5,1,"DE",0.038
"6907",514,"200303.326.3600.2","NMFS",2003,4,27,117,29.93,41.892338,-70.272972,14,3,11,12,2,"DE",0.038
"6908",514,"200303.327.1260.1","NMFS",2003,4,27,117,26.23,42.22837,-70.099975,8,6,2,8,0,"DE",0.038
"6909",514,"200303.328.1260.3","NMFS",2003,4,27,117,30.07,42.265503,-70.152642,2,1,1,2,0,"DE",0.038
"6910",514,"200303.329.3660.2","NMFS",2003,4,27,117,30,42.187977,-70.472527,9,4,5,9,0,"DE",0.038
"6911",514,"200303.330.3630.1","NMFS",2003,4,27,117,20.53,42.238702,-70.696205,4,1,3,3,1,"DE",0.038
"6912",514,"200303.331.3580.1","NMFS",2003,4,27,117,23.93,42.140282,-70.614723,5,4,1,5,0,"DE",0.038
"6913",514,"200303.332.3590.1","NMFS",2003,4,27,117,30.08,41.841232,-70.463692,3,2,1,3,0,"DE",0.038
"6914",522,"200402.190.1230.2","NMFS",2004,4,1,92,30.03,41.014667,-68.832333,0,0,0,0,0,"AL",0.038
"6915",526,"200402.191.1130.3","NMFS",2004,4,1,92,30.05,40.853667,-68.862833,4,3,1,4,0,"AL",0.038
"6916",526,"200402.192.1100.4","NMFS",2004,4,1,92,30.05,40.698333,-69.196333,0,0,0,0,0,"AL",0.038
"6917",525,"200402.193.1130.9","NMFS",2004,4,1,92,30.07,40.565167,-68.689833,0,0,0,0,0,"AL",0.038
"6918",526,"200402.194.1100.6","NMFS",2004,4,1,92,30.02,40.388333,-68.857167,0,0,0,0,0,"AL",0.038
"6919",526,"200402.195.1100.5","NMFS",2004,4,1,92,30.12,40.3665,-69.043167,0,0,0,0,0,"AL",0.038
"6920",526,"200402.196.1110.2","NMFS",2004,4,1,92,30.08,40.103667,-69.184833,0,0,0,0,0,"AL",0.038
"6921",525,"200402.197.1150.1","NMFS",2004,4,1,92,29.98,40.137167,-68.430667,3,3,0,3,0,"AL",0.038
"6922",525,"200402.198.1140.1","NMFS",2004,4,1,92,30.05,40.358333,-68.410167,0,0,0,0,0,"AL",0.038
"6923",525,"200402.199.1130.2","NMFS",2004,4,2,93,30.07,40.523167,-68.401833,0,0,0,0,0,"AL",0.038
"6924",525,"200402.200.1130.8","NMFS",2004,4,2,93,30.07,40.593,-68.078,0,0,0,0,0,"AL",0.038
"6925",525,"200402.201.1140.2","NMFS",2004,4,2,93,30.02,40.478333,-68.058167,0,0,0,0,0,"AL",0.038
"6926",525,"200402.202.1140.3","NMFS",2004,4,2,93,30,40.442333,-67.9135,0,0,0,0,0,"AL",0.038
"6927",525,"200402.203.1130.5","NMFS",2004,4,2,93,30.05,40.645333,-67.7085,0,0,0,0,0,"AL",0.038
"6928",525,"200402.204.1130.7","NMFS",2004,4,2,93,30.05,40.770167,-67.514,0,0,0,0,0,"AL",0.038
"6929",525,"200402.205.1130.1","NMFS",2004,4,2,93,30.07,40.7675,-67.980333,0,0,0,0,0,"AL",0.038
"6930",525,"200402.206.1190.7","NMFS",2004,4,2,93,30.03,40.929667,-68.259,1,0,1,1,0,"AL",0.038
"6931",525,"200402.207.1190.4","NMFS",2004,4,2,93,30.02,40.939167,-68.057167,0,0,0,0,0,"AL",0.038
"6932",525,"200402.208.1190.1","NMFS",2004,4,2,93,30.18,40.977667,-67.981167,0,0,0,0,0,"AL",0.038
"6933",525,"200402.209.1130.4","NMFS",2004,4,2,93,30.05,40.937833,-67.882167,0,0,0,0,0,"AL",0.038
"6934",525,"200402.210.1190.3","NMFS",2004,4,3,94,30.07,41.147667,-67.606333,0,0,0,0,0,"AL",0.038
"6935",562,"200402.211.1190.8","NMFS",2004,4,3,94,30.07,41.187333,-67.542333,0,0,0,0,0,"AL",0.038
"6936",525,"200402.212.1130.6","NMFS",2004,4,3,94,30.02,40.9355,-67.051,0,0,0,0,0,"AL",0.038
"6937",562,"200402.213.1160.9","NMFS",2004,4,3,94,30.07,40.979333,-66.986833,0,0,0,0,0,"AL",0.038
"6938",562,"200402.214.1160.6","NMFS",2004,4,3,94,30.02,40.8915,-66.760833,0,0,0,0,0,"AL",0.038
"6939",562,"200402.215.1160.7","NMFS",2004,4,3,94,30.05,41.190833,-66.5315,0,0,0,0,0,"AL",0.038
"6940",552,"200402.216.1170.1","NMFS",2004,4,3,94,30.05,41.3075,-66.215667,0,0,0,0,0,"AL",0.038
"6941",552,"200402.217.1170.2","NMFS",2004,4,3,94,30.1,41.504667,-66.063,0,0,0,0,0,"AL",0.038
"6942",552,"200402.218.1170.3","NMFS",2004,4,3,94,30,41.706833,-65.820833,3,3,0,3,0,"AL",0.038
"6943",552,"200402.219.1160.1","NMFS",2004,4,3,94,30.03,41.824,-66.0875,0,0,0,0,0,"AL",0.038
"6944",551,"200402.220.1160.10","NMFS",2004,4,4,95,30.37,41.9005,-66.203167,3,0,3,3,0,"AL",0.038
"6945",551,"200402.221.1180.1","NMFS",2004,4,4,95,30.05,42.049667,-65.924833,2,2,0,2,0,"AL",0.038
"6946",551,"200402.222.1210.2","NMFS",2004,4,4,95,30.03,42.095667,-66.169667,4,2,2,4,0,"AL",0.038
"6947",464,"200402.223.1290.8","NMFS",2004,4,4,95,30.23,42.4715,-66.3265,4,4,0,4,0,"AL",0.038
"6948",464,"200402.224.1300.3","NMFS",2004,4,4,95,30.03,42.474333,-66.623167,16,13,3,16,0,"AL",0.038
"6949",464,"200402.225.1300.1","NMFS",2004,4,4,95,30.03,42.433667,-66.980667,14,11,3,14,0,"AL",0.038
"6950",464,"200402.227.1300.4","NMFS",2004,4,4,95,30.08,42.3685,-67.290167,14,14,0,14,0,"AL",0.038
"6951",561,"200402.228.1200.1","NMFS",2004,4,4,95,30.05,42.0685,-67.1575,0,0,0,0,0,"AL",0.038
"6952",551,"200402.229.1210.4","NMFS",2004,4,4,95,30.05,42.143167,-66.941333,3,2,1,3,0,"AL",0.038
"6953",551,"200402.230.1210.3","NMFS",2004,4,5,96,29.97,42.1075,-66.789667,0,0,0,0,0,"AL",0.038
"6954",551,"200402.231.1220.2","NMFS",2004,4,5,96,30.08,42.186333,-66.65,2,1,1,2,0,"AL",0.038
"6955",552,"200402.232.1160.2","NMFS",2004,4,5,96,30.05,41.776167,-66.738833,0,0,0,0,0,"AL",0.038
"6956",552,"200402.233.1160.8","NMFS",2004,4,5,96,30.05,41.723,-66.7485,0,0,0,0,0,"AL",0.038
"6957",562,"200402.234.1160.5","NMFS",2004,4,5,96,30.05,41.613167,-66.912333,0,0,0,0,0,"AL",0.038
"6958",562,"200402.235.1160.3","NMFS",2004,4,5,96,30.07,41.684667,-66.916167,0,0,0,0,0,"AL",0.038
"6959",562,"200402.236.1160.4","NMFS",2004,4,5,96,29.97,41.692167,-66.9705,0,0,0,0,0,"AL",0.038
"6960",562,"200402.237.1190.6","NMFS",2004,4,5,96,26.32,41.691333,-67.1725,0,0,0,0,0,"AL",0.038
"6961",562,"200402.238.1190.5","NMFS",2004,4,5,96,30,41.709833,-67.525167,1,1,0,1,0,"AL",0.038
"6962",562,"200402.239.1190.9","NMFS",2004,4,5,96,30.02,41.630667,-67.634833,0,0,0,0,0,"AL",0.038
"6963",522,"200402.240.1200.6","NMFS",2004,4,5,96,30.03,41.834167,-67.690833,0,0,0,0,0,"AL",0.038
"6964",522,"200402.241.1210.1","NMFS",2004,4,5,96,30.05,41.984,-67.806333,0,0,0,0,0,"AL",0.038
"6965",522,"200402.242.1220.4","NMFS",2004,4,6,97,30.02,42.116,-67.6765,8,8,0,8,0,"AL",0.038
"6966",522,"200402.243.1290.2","NMFS",2004,4,6,97,30.08,42.187167,-67.9475,7,7,0,7,0,"AL",0.038
"6967",522,"200402.244.1290.3","NMFS",2004,4,6,97,30.1,42.150833,-67.992167,2,0,2,2,0,"AL",0.038
"6968",522,"200402.245.1220.1","NMFS",2004,4,6,97,30.02,41.903833,-68.205667,0,0,0,0,0,"AL",0.038
"6969",522,"200402.246.1220.3","NMFS",2004,4,6,97,30.02,41.781,-68.361667,0,0,0,0,0,"AL",0.038
"6970",522,"200402.247.1200.3","NMFS",2004,4,6,97,30,41.693,-68.037667,0,0,0,0,0,"AL",0.038
"6971",522,"200402.249.1190.10","NMFS",2004,4,7,98,30.08,41.336167,-67.939333,0,0,0,0,0,"AL",0.038
"6972",522,"200402.250.1200.5","NMFS",2004,4,7,98,30.23,41.3695,-68.156167,0,0,0,0,0,"AL",0.038
"6973",522,"200402.251.1200.2","NMFS",2004,4,7,98,29.98,41.477,-68.174833,0,0,0,0,0,"AL",0.038
"6974",522,"200402.252.1200.4","NMFS",2004,4,7,98,30,41.4145,-68.2945,0,0,0,0,0,"AL",0.038
"6975",522,"200402.253.1230.5","NMFS",2004,4,7,98,30.02,41.394333,-68.630667,0,0,0,0,0,"AL",0.038
"6976",522,"200402.254.1230.4","NMFS",2004,4,7,98,30.27,41.502833,-68.571167,0,0,0,0,0,"AL",0.038
"6977",522,"200402.255.1240.4","NMFS",2004,4,7,98,30.08,41.682333,-68.624167,0,0,0,0,0,"AL",0.038
"6978",522,"200402.256.1240.6","NMFS",2004,4,7,98,30,41.7875,-68.684167,0,0,0,0,0,"AL",0.038
"6979",521,"200402.257.1240.2","NMFS",2004,4,7,98,30.03,41.688333,-69.14,0,0,0,0,0,"AL",0.038
"6980",521,"200402.258.1280.6","NMFS",2004,4,7,98,30.03,41.965833,-69.3865,0,0,0,0,0,"AL",0.038
"6981",521,"200402.259.1280.2","NMFS",2004,4,7,98,30.03,42.044833,-69.205833,0,0,0,0,0,"AL",0.038
"6982",521,"200402.260.1280.4","NMFS",2004,4,8,99,30.08,42.003833,-69.159167,0,0,0,0,0,"AL",0.038
"6983",522,"200402.261.1240.5","NMFS",2004,4,8,99,30.02,42.035333,-68.814333,0,0,0,0,0,"AL",0.038
"6984",522,"200402.262.1240.1","NMFS",2004,4,8,99,30,42.189333,-68.7145,1,1,0,1,0,"AL",0.038
"6985",521,"200402.263.1240.3","NMFS",2004,4,8,99,30.02,42.222,-69.1195,0,0,0,0,0,"AL",0.038
"6986",515,"200402.264.1280.5","NMFS",2004,4,8,99,30,42.560833,-69.518833,0,0,0,0,0,"AL",0.038
"6987",515,"200402.265.1280.1","NMFS",2004,4,8,99,30.02,42.372,-69.6425,0,0,0,0,0,"AL",0.038
"6988",521,"200402.266.1280.3","NMFS",2004,4,8,99,30,42.231167,-69.461,0,0,0,0,0,"AL",0.038
"6989",521,"200402.269.1230.6","NMFS",2004,4,8,99,30,41.562833,-69.496667,2,1,1,2,0,"AL",0.038
"6990",515,"200402.270.1370.1","NMFS",2004,4,14,105,30.02,42.703292,-68.952858,1,1,0,1,0,"AL",0.038
"6991",515,"200402.271.1370.5","NMFS",2004,4,14,105,30.02,42.91144,-68.841077,1,1,0,1,0,"AL",0.038
"6992",515,"200402.272.1370.2","NMFS",2004,4,14,105,30.03,43.149498,-68.56838,3,3,0,3,0,"AL",0.038
"6993",515,"200402.273.1360.1","NMFS",2004,4,14,105,30.12,43.045647,-68.271932,11,11,0,11,0,"AL",0.038
"6994",515,"200402.274.1360.4","NMFS",2004,4,14,105,30.1,42.894003,-68.354093,1,1,0,1,0,"AL",0.038
"6995",515,"200402.275.1360.5","NMFS",2004,4,14,105,30.07,42.843733,-68.138823,0,0,0,0,0,"AL",0.038
"6996",515,"200402.276.1290.7","NMFS",2004,4,14,105,30.02,42.51958,-68.240143,2,2,0,2,0,"AL",0.038
"6997",515,"200402.277.1290.5","NMFS",2004,4,14,105,30.03,42.610732,-68.07975,2,2,0,2,0,"AL",0.038
"6998",464,"200402.278.1290.1","NMFS",2004,4,15,106,30,42.723648,-67.524197,3,3,0,3,0,"AL",0.038
"6999",464,"200402.279.1290.4","NMFS",2004,4,15,106,30.08,42.612923,-67.245463,2,2,0,2,0,"AL",0.038
"7000",464,"200402.280.1290.6","NMFS",2004,4,15,106,30.05,42.696645,-67.23065,1,1,0,1,0,"AL",0.038
"7001",464,"200402.281.1360.7","NMFS",2004,4,15,106,30.05,42.948125,-67.294327,7,3,4,7,0,"AL",0.038
"7002",465,"200402.282.1360.8","NMFS",2004,4,15,106,30.07,43.06808,-67.120985,3,3,0,3,0,"AL",0.038
"7003",465,"200402.283.1340.5","NMFS",2004,4,15,106,30.42,43.044435,-66.664618,1,0,1,1,0,"AL",0.038
"7004",465,"200402.284.1340.2","NMFS",2004,4,15,106,30.02,43.332978,-66.823192,14,7,7,14,0,"AL",0.038
"7005",465,"200402.285.1330.3","NMFS",2004,4,15,106,30,43.310163,-66.573688,6,3,3,6,0,"AL",0.038
"7006",465,"200402.286.1330.2","NMFS",2004,4,16,107,26.12,43.412543,-66.234683,31,13,18,26,5,"AL",0.038
"7007",465,"200402.287.1330.1","NMFS",2004,4,17,108,29.97,43.745095,-66.519107,14,5,9,14,0,"AL",0.038
"7008",465,"200402.288.1340.1","NMFS",2004,4,17,108,30.05,43.76199,-66.973313,2,2,0,2,0,"AL",0.038
"7009",465,"200402.289.1340.3","NMFS",2004,4,17,108,29.97,43.770055,-67.088938,6,6,0,6,0,"AL",0.038
"7010",465,"200402.290.1360.3","NMFS",2004,4,17,108,30,43.607372,-67.414538,2,2,0,2,0,"AL",0.038
"7011",465,"200402.291.1360.2","NMFS",2004,4,17,108,30.02,43.689703,-67.384145,3,3,0,3,0,"AL",0.038
"7012",511,"200402.292.1340.6","NMFS",2004,4,17,108,30.03,43.855133,-67.261268,1,1,0,1,0,"AL",0.038
"7013",466,"200402.293.1340.4","NMFS",2004,4,17,108,29.98,44.015122,-66.714877,5,2,3,5,0,"AL",0.038
"7014",466,"200402.294.1351.3","NMFS",2004,4,17,108,20.4,44.197998,-66.703922,2,1,1,2,0,"AL",0.038
"7015",511,"200402.295.1351.1","NMFS",2004,4,18,109,30,44.236068,-66.934423,7,5,2,7,0,"AL",0.038
"7016",467,"200402.296.1351.2","NMFS",2004,4,18,109,30.08,44.357448,-66.971973,7,3,4,7,0,"AL",0.038
"7017",511,"200402.297.1390.1","NMFS",2004,4,18,109,24.1,44.237935,-67.837822,1,1,0,1,0,"AL",0.038
"7018",511,"200402.298.1360.6","NMFS",2004,4,18,109,30.05,44.076477,-67.568573,1,1,0,1,0,"AL",0.038
"7019",512,"200402.299.1380.4","NMFS",2004,4,18,109,30.02,43.706572,-68.062137,1,0,1,1,0,"AL",0.038
"7020",512,"200402.300.1390.2","NMFS",2004,4,18,109,30.03,43.951218,-68.3512,6,5,1,6,0,"AL",0.038
"7021",512,"200402.301.1390.3","NMFS",2004,4,18,109,22.5,43.918737,-68.618055,8,5,3,8,0,"AL",0.038
"7022",512,"200402.302.1380.3","NMFS",2004,4,19,110,29.93,43.602575,-68.714918,1,0,1,1,0,"AL",0.038
"7023",513,"200402.303.1380.1","NMFS",2004,4,19,110,30.02,43.47114,-69.543883,1,1,0,1,0,"AL",0.038
"7024",513,"200402.304.1370.4","NMFS",2004,4,19,110,30.12,43.269985,-69.333735,1,1,0,1,0,"AL",0.038
"7025",513,"200402.305.1370.3","NMFS",2004,4,19,110,29.98,43.160217,-69.508222,10,10,0,10,0,"AL",0.038
"7026",513,"200402.306.1380.2","NMFS",2004,4,19,110,30.15,43.280972,-69.626668,4,4,0,4,0,"AL",0.038
"7027",513,"200402.307.1400.1","NMFS",2004,4,19,110,29.9,43.485002,-69.95019,1,1,0,1,0,"AL",0.038
"7028",513,"200402.308.1400.2","NMFS",2004,4,19,110,30.05,43.507023,-70.028463,3,1,2,3,0,"AL",0.038
"7029",513,"200402.309.1270.2","NMFS",2004,4,19,110,30.03,43.242608,-70.044968,5,4,1,5,0,"AL",0.038
"7030",513,"200402.310.1270.4","NMFS",2004,4,19,110,30.05,43.26172,-70.134267,4,1,3,4,0,"AL",0.038
"7031",513,"200402.311.1400.3","NMFS",2004,4,19,110,22.3,43.185982,-70.30626,6,2,4,6,0,"AL",0.038
"7032",513,"200402.312.3650.1","NMFS",2004,4,20,111,30,42.86142,-70.70544,20,10,10,16,4,"AL",0.038
"7033",513,"200402.313.1270.1","NMFS",2004,4,20,111,30.05,42.901015,-70.317453,1,0,1,1,0,"AL",0.038
"7034",513,"200402.314.1270.3","NMFS",2004,4,20,111,30.03,42.950938,-70.148002,3,3,0,3,0,"AL",0.038
"7035",513,"200402.315.1260.4","NMFS",2004,4,20,111,30.05,42.897828,-70.076198,1,1,0,1,0,"AL",0.038
"7036",514,"200402.316.1280.7","NMFS",2004,4,20,111,30.03,42.767347,-69.819085,0,0,0,0,0,"AL",0.038
"7037",514,"200402.317.1260.1","NMFS",2004,4,20,111,30.12,42.610528,-70.141427,0,0,0,0,0,"AL",0.038
"7038",514,"200402.318.1260.5","NMFS",2004,4,20,111,30.03,42.550368,-70.36176,5,2,3,5,0,"AL",0.038
"7039",514,"200402.319.1260.3","NMFS",2004,4,20,111,30.03,42.561848,-70.445005,2,2,0,2,0,"AL",0.038
"7040",514,"200402.320.3640.1","NMFS",2004,4,20,111,30.05,42.4441,-70.829458,6,4,2,6,0,"AL",0.038
"7041",514,"200402.321.3630.1","NMFS",2004,4,20,111,25.7,42.298717,-70.842245,13,8,5,9,4,"AL",0.038
"7042",514,"200402.322.3660.2","NMFS",2004,4,20,111,30.05,42.34099,-70.65812,6,4,2,6,0,"AL",0.038
"7043",514,"200402.323.1260.2","NMFS",2004,4,20,111,30.07,42.378557,-70.518953,3,0,3,3,0,"AL",0.038
"7044",514,"200402.324.3660.1","NMFS",2004,4,21,112,30,42.200703,-70.466432,7,3,4,7,0,"AL",0.038
"7045",514,"200402.325.3610.2","NMFS",2004,4,21,112,30.05,42.038247,-70.373488,26,5,21,24,2,"AL",0.038
"7046",514,"200402.326.3610.1","NMFS",2004,4,21,112,30.02,42.066068,-70.410285,12,5,7,9,3,"AL",0.038
"7047",514,"200402.327.3600.2","NMFS",2004,4,21,112,24.25,42.008372,-70.464568,13,12,1,12,1,"AL",0.038
"7048",514,"200402.328.3590.1","NMFS",2004,4,21,112,25.75,41.97209,-70.541157,36,19,17,33,3,"AL",0.038
"7049",514,"200402.329.3580.1","NMFS",2004,4,21,112,30.03,41.84732,-70.487697,16,3,13,12,4,"AL",0.038
"7050",514,"200402.330.3600.1","NMFS",2004,4,21,112,30.07,41.962422,-70.231888,9,2,7,9,0,"AL",0.038
"7051",526,"200503.188.3550.3","NMFS",2005,4,1,91,29.98,41.03594,-69.599282,0,0,0,0,0,"AL",0.038
"7052",526,"200503.189.3550.4","NMFS",2005,4,1,91,30,40.970483,-69.497797,0,0,0,0,0,"AL",0.038
"7053",526,"200503.190.1090.4","NMFS",2005,4,1,91,30.02,40.9794,-69.326423,9,5,4,3,6,"AL",0.038
"7054",521,"200503.191.1250.1","NMFS",2005,4,1,91,30.03,41.036898,-69.225612,3,0,3,3,0,"AL",0.038
"7055",526,"200503.192.1130.1","NMFS",2005,4,1,91,30.02,40.944938,-68.843157,1,1,0,1,0,"AL",0.038
"7056",522,"200503.193.1190.1","NMFS",2005,4,1,91,30.03,41.082035,-68.422012,0,0,0,0,0,"AL",0.038
"7057",525,"200503.194.1190.7","NMFS",2005,4,1,91,30.03,41.028502,-68.207337,0,0,0,0,0,"AL",0.038
"7058",525,"200503.195.1190.2","NMFS",2005,4,1,91,30.05,40.723203,-68.488735,0,0,0,0,0,"AL",0.038
"7059",525,"200503.196.1130.2","NMFS",2005,4,1,91,30.02,40.569783,-68.481413,0,0,0,0,0,"AL",0.038
"7060",525,"200503.197.1140.3","NMFS",2005,4,1,91,30.02,40.294028,-68.361975,0,0,0,0,0,"AL",0.038
"7061",525,"200503.198.1130.6","NMFS",2005,4,2,92,30,40.518708,-68.199052,0,0,0,0,0,"AL",0.038
"7062",525,"200503.199.1130.4","NMFS",2005,4,2,92,30.07,40.5188,-68.051487,0,0,0,0,0,"AL",0.038
"7063",525,"200503.200.1140.1","NMFS",2005,4,2,92,30.02,40.401585,-68.020658,1,1,0,1,0,"AL",0.038
"7064",525,"200503.201.1150.1","NMFS",2005,4,2,92,30,40.407752,-67.481403,0,0,0,0,0,"AL",0.038
"7065",525,"200503.202.1990.1","NMFS",2005,4,2,92,29.98,40.42995,-67.317893,6,6,0,6,0,"AL",0.038
"7066",525,"200503.203.1140.2","NMFS",2005,4,2,92,30,40.56148,-67.151698,0,0,0,0,0,"AL",0.038
"7067",525,"200503.204.1130.9","NMFS",2005,4,2,92,30.02,40.777982,-67.279548,0,0,0,0,0,"AL",0.038
"7068",525,"200503.205.1130.8","NMFS",2005,4,2,92,30.05,40.644923,-67.380298,0,0,0,0,0,"AL",0.038
"7069",525,"200503.206.1130.3","NMFS",2005,4,2,92,30.05,40.725495,-67.536025,0,0,0,0,0,"AL",0.038
"7070",525,"200503.207.1130.7","NMFS",2005,4,3,93,30,40.891038,-67.745017,0,0,0,0,0,"AL",0.038
"7071",525,"200503.208.1190.3","NMFS",2005,4,3,93,29.92,41.149892,-67.95067,0,0,0,0,0,"AL",0.038
"7072",522,"200503.209.1190.8","NMFS",2005,4,3,93,30.03,41.351913,-67.960122,0,0,0,0,0,"AL",0.038
"7073",562,"200503.210.1190.4","NMFS",2005,4,3,93,29.98,41.56912,-67.520417,0,0,0,0,0,"AL",0.038
"7074",562,"200503.211.1190.6","NMFS",2005,4,4,94,30.02,41.470065,-67.204872,0,0,0,0,0,"AL",0.038
"7075",562,"200503.212.1190.9","NMFS",2005,4,4,94,30.02,41.326852,-67.242413,0,0,0,0,0,"AL",0.038
"7076",525,"200503.213.1160.4","NMFS",2005,4,4,94,29.95,41.146618,-67.246627,0,0,0,0,0,"AL",0.038
"7077",525,"200503.214.1190.5","NMFS",2005,4,4,94,30.02,41.151637,-67.477352,0,0,0,0,0,"AL",0.038
"7078",525,"200503.215.1130.5","NMFS",2005,4,4,94,29.98,40.972175,-67.370503,0,0,0,0,0,"AL",0.038
"7079",562,"200503.216.1160.3","NMFS",2005,4,4,94,30.1,40.975773,-66.994462,0,0,0,0,0,"AL",0.038
"7080",562,"200503.217.1160.5","NMFS",2005,4,4,94,30.08,40.989217,-66.719297,0,0,0,0,0,"AL",0.038
"7081",562,"200503.218.1170.3","NMFS",2005,4,5,95,30,40.852988,-66.72378,0,0,0,0,0,"AL",0.038
"7082",562,"200503.219.1180.2","NMFS",2005,4,5,95,30,40.938882,-66.504208,14,13,1,14,0,"AL",0.038
"7083",562,"200503.220.1160.1","NMFS",2005,4,5,95,29.98,41.19047,-66.666173,0,0,0,0,0,"AL",0.038
"7084",562,"200503.221.1160.7","NMFS",2005,4,5,95,29.97,41.151307,-66.703547,0,0,0,0,0,"AL",0.038
"7085",562,"200503.222.1160.2","NMFS",2005,4,5,95,29.98,41.183525,-66.915515,0,0,0,0,0,"AL",0.038
"7086",552,"200503.223.1160.6","NMFS",2005,4,5,95,30.02,41.47702,-66.48875,0,0,0,0,0,"AL",0.038
"7087",552,"200503.224.1170.2","NMFS",2005,4,5,95,30.02,41.563057,-66.032002,0,0,0,0,0,"AL",0.038
"7088",552,"200503.225.1160.9","NMFS",2005,4,5,95,30.03,41.68468,-66.04792,0,0,0,0,0,"AL",0.038
"7089",551,"200503.226.1160.10","NMFS",2005,4,6,96,30.02,41.893602,-66.12835,0,0,0,0,0,"AL",0.038
"7090",551,"200503.227.1170.1","NMFS",2005,4,6,96,30,41.934978,-65.877197,7,4,3,7,0,"AL",0.038
"7091",551,"200503.229.1290.7","NMFS",2005,4,6,96,30.05,42.234057,-66.018303,3,3,0,3,0,"AL",0.038
"7092",464,"200503.230.1300.2","NMFS",2005,4,6,96,30,42.405092,-66.728487,9,9,0,9,0,"AL",0.038
"7093",464,"200503.231.1300.3","NMFS",2005,4,6,96,30.05,42.433728,-66.843557,10,6,4,10,0,"AL",0.038
"7094",551,"200503.232.1220.1","NMFS",2005,4,6,96,30.02,42.187662,-67.0815,10,9,1,10,0,"AL",0.038
"7095",551,"200503.233.1210.1","NMFS",2005,4,6,96,30.05,42.110093,-67.052222,0,0,0,0,0,"AL",0.038
"7096",551,"200503.234.1210.4","NMFS",2005,4,6,96,30,42.113332,-66.790847,0,0,0,0,0,"AL",0.038
"7097",551,"200503.235.1160.8","NMFS",2005,4,7,97,29.97,41.898938,-66.734618,0,0,0,0,0,"AL",0.038
"7098",561,"200503.236.1200.1","NMFS",2005,4,7,97,30.02,41.88512,-67.372798,0,0,0,0,0,"AL",0.038
"7099",561,"200503.237.1200.2","NMFS",2005,4,7,97,30.02,41.844318,-67.583932,1,1,0,1,0,"AL",0.038
"7100",522,"200503.238.1200.5","NMFS",2005,4,7,97,30.02,41.779528,-67.689808,0,0,0,0,0,"AL",0.038
"7101",522,"200503.239.1200.6","NMFS",2005,4,7,97,30.03,41.724335,-67.679558,0,0,0,0,0,"AL",0.038
"7102",522,"200503.240.1200.4","NMFS",2005,4,7,97,29.92,41.73327,-67.835933,0,0,0,0,0,"AL",0.038
"7103",522,"200503.241.1200.3","NMFS",2005,4,7,97,30.03,41.587697,-68.369948,0,0,0,0,0,"AL",0.038
"7104",522,"200503.242.1230.5","NMFS",2005,4,7,97,30.02,41.51496,-68.470322,0,0,0,0,0,"AL",0.038
"7105",522,"200503.243.1230.4","NMFS",2005,4,7,97,30.02,41.482028,-68.479592,0,0,0,0,0,"AL",0.038
"7106",521,"200503.244.1240.2","NMFS",2005,4,8,98,30,41.316962,-68.87109,0,0,0,0,0,"AL",0.038
"7107",521,"200503.245.1240.5","NMFS",2005,4,12,102,30.03,41.643502,-68.845877,1,1,0,1,0,"AL",0.038
"7108",521,"200503.246.1240.3","NMFS",2005,4,12,102,30.02,41.72745,-68.908297,0,0,0,0,0,"AL",0.038
"7109",521,"200503.247.1240.6","NMFS",2005,4,12,102,30.05,41.853392,-69.10748,0,0,0,0,0,"AL",0.038
"7110",522,"200503.248.1240.4","NMFS",2005,4,12,102,30.1,41.976715,-68.798835,0,0,0,0,0,"AL",0.038
"7111",522,"200503.249.1240.1","NMFS",2005,4,12,102,30,42.025592,-68.475473,0,0,0,0,0,"AL",0.038
"7112",522,"200503.250.1220.4","NMFS",2005,4,12,102,30.03,41.777182,-68.382007,0,0,0,0,0,"AL",0.038
"7113",522,"200503.251.1210.2","NMFS",2005,4,12,102,30.03,41.76652,-68.277413,0,0,0,0,0,"AL",0.038
"7114",522,"200503.252.1210.3","NMFS",2005,4,12,102,30.05,41.814432,-68.112312,0,0,0,0,0,"AL",0.038
"7115",522,"200503.253.1290.8","NMFS",2005,4,13,103,30.02,42.187527,-67.8506,3,3,0,3,0,"AL",0.038
"7116",522,"200503.254.1220.2","NMFS",2005,4,13,103,30,42.146453,-67.746213,2,2,0,2,0,"AL",0.038
"7117",561,"200503.255.1220.3","NMFS",2005,4,13,103,30.02,42.181062,-67.637728,8,6,2,8,0,"AL",0.038
"7118",464,"200503.256.1300.1","NMFS",2005,4,13,103,20.15,42.396147,-67.466103,2,2,0,2,0,"AL",0.038
"7119",464,"200503.257.1290.6","NMFS",2005,4,13,103,30.02,42.346832,-67.64281,2,1,1,2,0,"AL",0.038
"7120",515,"200503.258.1290.3","NMFS",2005,4,13,103,30,42.416967,-67.676767,0,0,0,0,0,"AL",0.038
"7121",515,"200503.259.1290.1","NMFS",2005,4,13,103,30.02,42.685828,-67.759492,1,1,0,1,0,"AL",0.038
"7122",464,"200503.260.1290.5","NMFS",2005,4,13,103,30.03,42.609282,-67.508725,3,2,1,3,0,"AL",0.038
"7123",464,"200503.261.1290.2","NMFS",2005,4,13,103,30.02,42.590333,-67.475102,0,0,0,0,0,"AL",0.038
"7124",464,"200503.262.1290.4","NMFS",2005,4,14,104,30,42.73595,-67.252092,1,0,1,1,0,"AL",0.038
"7125",464,"200503.263.1360.1","NMFS",2005,4,14,104,30,42.816243,-67.180412,2,2,0,2,0,"AL",0.038
"7126",464,"200503.264.1340.4","NMFS",2005,4,14,104,29.97,42.928835,-66.880522,3,3,0,3,0,"AL",0.038
"7127",465,"200503.265.1330.1","NMFS",2005,4,14,104,30.07,43.276795,-66.491598,2,1,1,2,0,"AL",0.038
"7128",465,"200503.266.1330.4","NMFS",2005,4,14,104,30.02,43.279105,-66.447662,0,0,0,0,0,"AL",0.038
"7129",465,"200503.267.1340.2","NMFS",2005,4,14,104,30,43.34965,-66.69616,4,1,3,4,0,"AL",0.038
"7130",465,"200503.268.1330.2","NMFS",2005,4,14,104,29.98,43.485897,-66.51793,9,5,4,9,0,"AL",0.038
"7131",465,"200503.269.1330.3","NMFS",2005,4,14,104,29.98,43.7503,-66.492247,10,6,4,10,0,"AL",0.038
"7132",465,"200503.270.1340.1","NMFS",2005,4,14,104,30.07,43.551015,-66.815855,1,1,0,1,0,"AL",0.038
"7133",465,"200503.271.1360.6","NMFS",2005,4,14,104,29.98,43.477837,-66.940547,1,0,1,1,0,"AL",0.038
"7134",465,"200503.272.1340.6","NMFS",2005,4,15,105,30.07,43.602437,-66.980972,3,2,1,3,0,"AL",0.038
"7135",511,"200503.273.1340.5","NMFS",2005,4,15,105,30,43.905777,-67.32753,1,1,0,1,0,"AL",0.038
"7136",511,"200503.274.1340.3","NMFS",2005,4,15,105,29.97,44.062457,-67.284135,4,4,0,4,0,"AL",0.038
"7137",511,"200503.275.1351.1","NMFS",2005,4,15,105,30,44.21952,-67.0148,4,4,0,4,0,"AL",0.038
"7138",511,"200503.276.1351.2","NMFS",2005,4,15,105,30,44.358295,-67.120777,5,3,2,5,0,"AL",0.038
"7139",511,"200503.277.1390.2","NMFS",2005,4,15,105,30.03,44.316172,-67.511137,12,7,5,12,0,"AL",0.038
"7140",511,"200503.278.1360.4","NMFS",2005,4,15,105,30.05,44.20058,-67.442553,1,0,1,1,0,"AL",0.038
"7141",512,"200503.279.1390.3","NMFS",2005,4,15,105,30,44.1602,-67.886127,3,1,2,3,0,"AL",0.038
"7142",512,"200503.280.1390.1","NMFS",2005,4,15,105,30.05,44.008733,-68.258957,9,5,4,9,0,"AL",0.038
"7143",512,"200503.281.1380.4","NMFS",2005,4,15,105,30,43.93642,-67.969427,5,2,3,5,0,"AL",0.038
"7144",465,"200503.282.1360.8","NMFS",2005,4,16,106,29.97,43.730407,-67.646253,3,2,1,3,0,"AL",0.038
"7145",465,"200503.283.1360.2","NMFS",2005,4,16,106,30,43.357295,-67.47818,0,0,0,0,0,"AL",0.038
"7146",515,"200503.284.1360.7","NMFS",2005,4,16,106,30.02,43.309143,-67.813568,5,5,0,5,0,"AL",0.038
"7147",512,"200503.285.1360.5","NMFS",2005,4,16,106,30.05,43.34884,-68.14576,1,0,1,1,0,"AL",0.038
"7148",512,"200503.286.1360.3","NMFS",2005,4,16,106,30,43.492022,-68.132957,0,0,0,0,0,"AL",0.038
"7149",512,"200503.287.1380.3","NMFS",2005,4,16,106,30.03,43.655162,-68.377747,1,0,1,1,0,"AL",0.038
"7150",512,"200503.288.1380.1","NMFS",2005,4,16,106,30,43.723308,-68.639548,0,0,0,0,0,"AL",0.038
"7151",513,"200503.289.1380.5","NMFS",2005,4,17,107,30.08,43.625273,-69.447205,2,2,0,2,0,"AL",0.038
"7152",513,"200503.290.1380.2","NMFS",2005,4,17,107,30.02,43.307685,-69.510992,0,0,0,0,0,"AL",0.038
"7153",515,"200503.291.1370.1","NMFS",2005,4,17,107,29.98,43.186072,-68.979797,2,2,0,2,0,"AL",0.038
"7154",515,"200503.292.1370.4","NMFS",2005,4,17,107,30,42.925803,-68.615815,2,2,0,2,0,"AL",0.038
"7155",515,"200503.293.1370.5","NMFS",2005,4,17,107,30,42.896657,-68.723338,2,2,0,2,0,"AL",0.038
"7156",515,"200503.294.1370.2","NMFS",2005,4,17,107,29.97,42.811977,-69.065582,0,0,0,0,0,"AL",0.038
"7157",515,"200503.295.1370.3","NMFS",2005,4,17,107,30.02,42.900342,-69.162413,0,0,0,0,0,"AL",0.038
"7158",515,"200503.296.1280.6","NMFS",2005,4,17,107,30,42.654293,-69.335143,0,0,0,0,0,"AL",0.038
"7159",515,"200503.297.1280.2","NMFS",2005,4,18,108,29.98,42.526328,-69.467908,1,0,1,1,0,"AL",0.038
"7160",515,"200503.298.1280.3","NMFS",2005,4,18,108,30.08,42.681885,-69.61422,1,0,1,1,0,"AL",0.038
"7161",514,"200503.299.1280.1","NMFS",2005,4,18,108,30,42.822748,-69.745323,0,0,0,0,0,"AL",0.038
"7162",513,"200503.300.1280.5","NMFS",2005,4,18,108,30.1,42.88686,-69.748665,2,2,0,2,0,"AL",0.038
"7163",513,"200503.301.1270.3","NMFS",2005,4,18,108,30,43.182158,-70.09854,1,1,0,1,0,"AL",0.038
"7164",513,"200503.302.1270.4","NMFS",2005,4,18,108,30.03,43.30463,-70.133742,1,1,0,1,0,"AL",0.038
"7165",513,"200503.303.1270.5","NMFS",2005,4,18,108,30,43.364032,-70.10347,3,3,0,3,0,"AL",0.038
"7166",513,"200503.304.1400.1","NMFS",2005,4,18,108,30.02,43.068862,-70.368013,3,3,0,3,0,"AL",0.038
"7167",513,"200503.305.1270.1","NMFS",2005,4,18,108,29.98,42.978353,-70.37622,10,8,2,10,0,"AL",0.038
"7168",514,"200503.306.1400.2","NMFS",2005,4,18,108,30,42.818993,-70.58089,6,3,3,6,0,"AL",0.038
"7169",514,"200503.307.3630.1","NMFS",2005,4,18,108,29.98,42.713498,-70.733397,4,1,3,4,0,"AL",0.038
"7170",514,"200503.308.3660.2","NMFS",2005,4,19,109,30,42.673112,-70.447217,5,3,2,5,0,"AL",0.038
"7171",514,"200503.309.1260.4","NMFS",2005,4,19,109,29.98,42.71807,-70.334463,0,0,0,0,0,"AL",0.038
"7172",514,"200503.310.1260.1","NMFS",2005,4,19,109,30,42.69774,-70.203375,1,1,0,1,0,"AL",0.038
"7173",514,"200503.311.1260.5","NMFS",2005,4,19,109,30.02,42.487922,-70.116358,0,0,0,0,0,"AL",0.038
"7174",514,"200503.312.1260.2","NMFS",2005,4,19,109,30,42.48522,-70.610163,6,2,4,6,0,"AL",0.038
"7175",514,"200503.313.3660.1","NMFS",2005,4,19,109,30,42.477917,-70.734067,4,1,3,4,0,"AL",0.038
"7176",514,"200503.314.3640.1","NMFS",2005,4,19,109,30.03,42.330562,-70.757977,9,6,3,9,0,"AL",0.038
"7177",514,"200503.315.3650.1","NMFS",2005,4,19,109,30.03,42.24029,-70.59404,3,1,2,3,0,"AL",0.038
"7178",514,"200503.317.3600.2","NMFS",2005,4,19,109,29.98,42.151585,-70.5311,5,4,1,5,0,"AL",0.038
"7179",514,"200503.318.3600.1","NMFS",2005,4,19,109,30,41.912613,-70.382288,10,7,3,9,1,"AL",0.038
"7180",514,"200503.319.3580.1","NMFS",2005,4,20,110,29.97,41.77427,-70.370908,1,0,1,1,0,"AL",0.038
"7181",514,"200503.320.3590.1","NMFS",2005,4,20,110,30,41.851205,-70.254197,1,0,1,1,0,"AL",0.038
"7182",514,"200503.321.3610.2","NMFS",2005,4,20,110,29.98,42.100722,-70.247133,0,0,0,0,0,"AL",0.038
"7183",514,"200503.322.1260.3","NMFS",2005,4,20,110,30,42.196928,-70.20222,0,0,0,0,0,"AL",0.038
"7184",514,"200503.323.3610.1","NMFS",2005,4,20,110,29.98,42.105245,-70.156938,1,0,1,1,0,"AL",0.038
"7185",521,"200503.324.1270.2","NMFS",2005,4,20,110,30,42.1085,-69.856717,4,4,0,4,0,"AL",0.038
"7186",521,"200503.325.1280.4","NMFS",2005,4,20,110,29.98,42.107035,-69.633055,1,1,0,1,0,"AL",0.038
"7187",521,"200503.326.1280.7","NMFS",2005,4,20,110,30,42.1091,-69.251972,0,0,0,0,0,"AL",0.038
"7188",521,"200503.327.3560.1","NMFS",2005,4,20,110,30.02,41.954772,-69.95397,0,0,0,0,0,"AL",0.038
"7189",521,"200503.329.3550.2","NMFS",2005,4,20,110,30.03,41.545652,-69.722883,0,0,0,0,0,"AL",0.038
"7190",521,"200503.330.1250.3","NMFS",2005,4,20,110,30,41.480373,-69.568802,6,4,2,6,0,"AL",0.038
"7191",521,"200503.331.1230.3","NMFS",2005,4,21,111,29.93,41.57356,-69.436805,2,1,1,2,0,"AL",0.038
"7192",521,"200503.332.1230.1","NMFS",2005,4,21,111,30.02,41.400345,-69.28103,0,0,0,0,0,"AL",0.038
"7193",521,"200503.333.1230.2","NMFS",2005,4,21,111,30.02,41.196615,-68.962312,0,0,0,0,0,"AL",0.038
"7194",521,"200503.334.1250.2","NMFS",2005,4,21,111,30,41.303403,-69.45193,0,0,0,0,0,"AL",0.038
"7195",551,"200604.213.1170.1","NMFS",2006,4,1,91,30.1,41.974817,-65.94475,0,0,0,0,0,"AL",0.038
"7196",551,"200604.214.1160.7","NMFS",2006,4,1,91,30.03,41.98415,-66.41125,4,4,0,4,0,"AL",0.038
"7197",551,"200604.215.1210.1","NMFS",2006,4,1,91,30.15,42.098983,-66.305283,5,4,1,5,0,"AL",0.038
"7198",551,"200604.216.1290.4","NMFS",2006,4,1,91,30.02,42.271733,-66.001317,0,0,0,0,0,"AL",0.038
"7199",464,"200604.217.1290.7","NMFS",2006,4,1,91,30.03,42.3971,-65.92115,5,4,1,5,0,"AL",0.038
"7200",464,"200604.218.1290.1","NMFS",2006,4,1,91,30.02,42.36365,-66.249133,1,1,0,1,0,"AL",0.038
"7201",464,"200604.219.1290.8","NMFS",2006,4,1,91,30.03,42.610267,-66.653533,0,0,0,0,0,"AL",0.038
"7202",464,"200604.220.1300.1","NMFS",2006,4,1,91,29.98,42.4043,-66.512817,22,21,1,22,0,"AL",0.038
"7203",551,"200604.221.1290.6","NMFS",2006,4,1,91,30.02,42.2716,-66.536883,10,10,0,10,0,"AL",0.038
"7204",551,"200604.222.1220.4","NMFS",2006,4,2,92,30,42.189683,-66.941667,2,0,2,2,0,"AL",0.038
"7205",464,"200604.223.1300.2","NMFS",2006,4,2,92,30.07,42.35105,-67.042467,3,3,0,3,0,"AL",0.038
"7206",464,"200604.224.1300.3","NMFS",2006,4,2,92,30.12,42.5198,-67.1111,4,4,0,4,0,"AL",0.038
"7207",515,"200604.225.1290.3","NMFS",2006,4,2,92,29.98,42.4836,-67.86455,2,2,0,2,0,"AL",0.038
"7208",561,"200604.226.1290.2","NMFS",2006,4,2,92,20.82,42.330033,-67.515483,5,3,2,5,0,"AL",0.038
"7209",561,"200604.227.1210.4","NMFS",2006,4,2,92,30,42.148533,-67.319433,0,0,0,0,0,"AL",0.038
"7210",561,"200604.228.1200.5","NMFS",2006,4,2,92,30.12,42.0632,-67.343033,0,0,0,0,0,"AL",0.038
"7211",561,"200604.229.1190.6","NMFS",2006,4,2,92,30.08,41.967233,-67.1005,1,0,1,0,1,"AL",0.038
"7212",562,"200604.230.1160.6","NMFS",2006,4,3,93,30.08,41.653483,-66.964933,0,0,0,0,0,"AL",0.038
"7213",562,"200604.231.1190.3","NMFS",2006,4,3,93,30,41.5121,-67.274667,0,0,0,0,0,"AL",0.038
"7214",562,"200604.232.1190.4","NMFS",2006,4,3,93,30.15,41.612933,-67.652967,0,0,0,0,0,"AL",0.038
"7215",522,"200604.233.1200.4","NMFS",2006,4,3,93,30.2,41.65725,-67.69605,0,0,0,0,0,"AL",0.038
"7216",562,"200604.234.1200.6","NMFS",2006,4,3,93,30.03,41.798567,-67.5748,0,0,0,0,0,"AL",0.038
"7217",561,"200604.235.1200.1","NMFS",2006,4,3,93,29.98,41.89495,-67.615417,0,0,0,0,0,"AL",0.038
"7218",522,"200604.236.1200.3","NMFS",2006,4,3,93,30,41.884117,-67.786767,2,1,1,2,0,"AL",0.038
"7219",522,"200604.237.1210.3","NMFS",2006,4,3,93,30,42.021533,-67.77425,0,0,0,0,0,"AL",0.038
"7220",522,"200604.238.1220.1","NMFS",2006,4,3,93,30,42.026633,-67.808583,2,1,1,2,0,"AL",0.038
"7221",522,"200604.239.1220.2","NMFS",2006,4,3,93,29.93,41.983417,-67.93595,0,0,0,0,0,"AL",0.038
"7222",522,"200604.240.1210.2","NMFS",2006,4,3,93,30.07,41.817067,-68.1665,0,0,0,0,0,"AL",0.038
"7223",522,"200604.241.1220.3","NMFS",2006,4,3,93,30,41.757117,-68.449467,3,3,0,3,0,"AL",0.038
"7224",522,"200604.242.1240.3","NMFS",2006,4,4,94,30.02,42.10085,-68.477233,0,0,0,0,0,"AL",0.038
"7225",522,"200604.243.1240.5","NMFS",2006,4,4,94,30.03,42.0568,-68.578617,0,0,0,0,0,"AL",0.038
"7226",521,"200604.244.1240.4","NMFS",2006,4,4,94,30.12,42.021133,-68.883017,0,0,0,0,0,"AL",0.038
"7227",522,"200604.245.1240.2","NMFS",2006,4,4,94,30.08,41.688883,-68.551667,3,3,0,3,0,"AL",0.038
"7228",522,"200604.246.1230.4","NMFS",2006,4,4,94,29.98,41.346983,-68.51335,3,2,1,3,0,"AL",0.038
"7229",522,"200604.247.1200.2","NMFS",2006,4,4,94,29.98,41.25655,-68.3519,1,1,0,0,1,"AL",0.038
"7230",525,"200604.248.1190.5","NMFS",2006,4,4,94,30,41.317767,-68.163933,0,0,0,0,0,"AL",0.038
"7231",525,"200604.249.1190.2","NMFS",2006,4,4,94,30.03,41.209067,-68.10675,0,0,0,0,0,"AL",0.038
"7232",525,"200604.250.1190.7","NMFS",2006,4,4,94,29.95,40.851217,-68.4601,0,0,0,0,0,"AL",0.038
"7233",525,"200604.251.1190.8","NMFS",2006,4,4,94,30.02,40.931933,-68.479517,0,0,0,0,0,"AL",0.038
"7234",522,"200604.252.1230.5","NMFS",2006,4,5,95,30,41.235833,-68.73725,0,0,0,0,0,"AL",0.038
"7235",522,"200604.253.1230.2","NMFS",2006,4,5,95,30.08,41.159183,-68.771683,0,0,0,0,0,"AL",0.038
"7236",522,"200604.254.1230.3","NMFS",2006,4,5,95,30.28,41.111883,-68.831567,1,0,1,1,0,"AL",0.038
"7237",526,"200604.255.3550.2","NMFS",2006,4,5,95,30.12,40.93685,-69.572633,0,0,0,0,0,"AL",0.038
"7238",526,"200604.256.1090.2","NMFS",2006,4,5,95,30,40.886233,-69.827483,0,0,0,0,0,"AL",0.038
"7239",521,"200604.257.3550.1","NMFS",2006,4,5,95,30.03,41.195767,-69.637617,0,0,0,0,0,"AL",0.038
"7240",526,"200604.258.3550.5","NMFS",2006,4,5,95,29.97,41.035517,-69.554267,0,0,0,0,0,"AL",0.038
"7241",521,"200604.259.1250.3","NMFS",2006,4,5,95,30.08,41.03,-69.3263,14,11,3,11,3,"AL",0.038
"7242",521,"200604.260.1250.4","NMFS",2006,4,5,95,30.07,41.38275,-69.392067,2,1,1,1,1,"AL",0.038
"7243",521,"200604.261.3550.4","NMFS",2006,4,6,96,30.03,41.30825,-69.52025,0,0,0,0,0,"AL",0.038
"7244",521,"200604.262.3550.3","NMFS",2006,4,6,96,30.02,41.369483,-69.555517,0,0,0,0,0,"AL",0.038
"7245",521,"200604.263.1250.2","NMFS",2006,4,6,96,30.12,41.512317,-69.577467,19,13,6,19,0,"AL",0.038
"7246",521,"200604.264.1240.1","NMFS",2006,4,6,96,30.05,41.654017,-69.375317,3,3,0,3,0,"AL",0.038
"7247",521,"200604.265.1280.4","NMFS",2006,4,6,96,29.97,41.975817,-69.38385,1,1,0,1,0,"AL",0.038
"7248",521,"200604.266.1240.6","NMFS",2006,4,6,96,30,41.84855,-69.714183,0,0,0,0,0,"AL",0.038
"7249",521,"200604.267.1230.1","NMFS",2006,4,6,96,30.03,41.8115,-69.781,0,0,0,0,0,"AL",0.038
"7250",521,"200604.268.1250.1","NMFS",2006,4,6,96,30.03,41.8512,-69.850483,0,0,0,0,0,"AL",0.038
"7251",514,"200604.269.3560.1","NMFS",2006,4,6,96,29.95,42.016933,-70.0092,0,0,0,0,0,"AL",0.038
"7252",521,"200604.270.1270.3","NMFS",2006,4,6,96,30.03,42.17575,-69.9425,1,1,0,1,0,"AL",0.038
"7253",521,"200604.271.1280.5","NMFS",2006,4,6,96,30.03,42.315467,-69.867067,3,3,0,3,0,"AL",0.038
"7254",514,"200604.272.1260.4","NMFS",2006,4,6,96,30.03,42.2731,-70.177117,0,0,0,0,0,"AL",0.038
"7255",514,"200604.273.1260.2","NMFS",2006,4,6,96,29.88,42.193167,-70.347033,0,0,0,0,0,"AL",0.038
"7256",514,"200604.274.3610.1","NMFS",2006,4,7,97,30,42.117433,-70.21085,2,2,0,2,0,"AL",0.038
"7257",515,"200604.275.1280.3","NMFS",2006,4,12,102,29.97,42.356367,-68.8813,0,0,0,0,0,"AL",0.038
"7258",515,"200604.276.1370.4","NMFS",2006,4,12,102,30.12,42.653833,-68.983983,0,0,0,0,0,"AL",0.038
"7259",515,"200604.277.1370.2","NMFS",2006,4,12,102,30.03,42.606917,-68.858267,1,1,0,1,0,"AL",0.038
"7260",515,"200604.278.1280.7","NMFS",2006,4,12,102,30.02,42.604217,-68.631033,0,0,0,0,0,"AL",0.038
"7261",515,"200604.279.1280.9","NMFS",2006,4,12,102,30,42.580517,-68.5518,0,0,0,0,0,"AL",0.038
"7262",515,"200604.280.1290.5","NMFS",2006,4,12,102,30.12,42.7402,-68.354267,1,1,0,1,0,"AL",0.038
"7263",515,"200604.281.1360.5","NMFS",2006,4,12,102,30.03,42.81495,-68.317,0,0,0,0,0,"AL",0.038
"7264",515,"200604.282.1360.4","NMFS",2006,4,12,102,30.12,42.935583,-68.125833,0,0,0,0,0,"AL",0.038
"7265",515,"200604.283.1360.8","NMFS",2006,4,12,102,30.08,43.138533,-68.246767,2,2,0,2,0,"AL",0.038
"7266",515,"200604.284.1360.6","NMFS",2006,4,12,102,30.1,43.1007,-68.018783,1,1,0,1,0,"AL",0.038
"7267",465,"200604.285.1360.2","NMFS",2006,4,13,103,30,43.43965,-67.591567,1,1,0,1,0,"AL",0.038
"7268",465,"200604.286.1360.1","NMFS",2006,4,13,103,30.07,43.061117,-67.3838,0,0,0,0,0,"AL",0.038
"7269",465,"200604.287.1340.4","NMFS",2006,4,13,103,31.97,43.06695,-67.004533,3,1,2,3,0,"AL",0.038
"7270",465,"200604.289.1340.6","NMFS",2006,4,13,103,30.05,43.31795,-66.844733,4,1,3,4,0,"AL",0.038
"7271",465,"200604.290.1360.7","NMFS",2006,4,13,103,29.92,43.442,-66.977867,3,2,1,3,0,"AL",0.038
"7272",465,"200604.291.1340.1","NMFS",2006,4,13,103,29.98,43.7354,-66.794283,8,4,4,8,0,"AL",0.038
"7273",465,"200604.292.1330.2","NMFS",2006,4,14,104,30.23,43.5629,-66.468467,57,27,30,57,0,"AL",0.038
"7274",465,"200604.293.1330.4","NMFS",2006,4,14,104,29.97,43.779367,-66.509783,17,8,9,16,1,"AL",0.038
"7275",465,"200604.294.1330.1","NMFS",2006,4,14,104,31.35,43.896667,-66.519217,14,8,6,14,0,"AL",0.038
"7276",465,"200604.295.1330.3","NMFS",2006,4,14,104,29.98,43.985317,-66.597417,22,10,12,22,0,"AL",0.038
"7277",466,"200604.296.1351.2","NMFS",2006,4,14,104,29.93,44.089283,-66.7607,4,3,1,4,0,"AL",0.038
"7278",511,"200604.297.1351.1","NMFS",2006,4,14,104,30.02,44.31865,-67.015283,6,3,3,5,1,"AL",0.038
"7279",511,"200604.298.1340.5","NMFS",2006,4,14,104,30.03,43.98015,-67.21965,3,3,0,3,0,"AL",0.038
"7280",465,"200604.299.1340.2","NMFS",2006,4,14,104,29.97,43.76655,-67.252617,2,1,1,2,0,"AL",0.038
"7281",511,"200604.300.1380.2","NMFS",2006,4,15,105,30.15,44.077033,-67.784183,4,2,2,4,0,"AL",0.038
"7282",512,"200604.301.1390.4","NMFS",2006,4,15,105,30.2,44.234467,-67.882717,55,27,28,46,9,"AL",0.038
"7283",512,"200604.302.1390.1","NMFS",2006,4,15,105,29.98,44.168767,-68.02975,55,28,27,46,9,"AL",0.038
"7284",512,"200604.303.1380.5","NMFS",2006,4,15,105,30.03,44.024067,-68.1644,16,8,8,15,1,"AL",0.038
"7285",512,"200604.304.1360.3","NMFS",2006,4,15,105,30,43.526667,-68.108167,1,0,1,1,0,"AL",0.038
"7286",512,"200604.305.1380.4","NMFS",2006,4,15,105,30.15,43.520383,-68.3503,0,0,0,0,0,"AL",0.038
"7287",512,"200604.306.1380.1","NMFS",2006,4,15,105,29.95,43.612067,-68.275733,2,2,0,2,0,"AL",0.038
"7288",512,"200604.307.1390.3","NMFS",2006,4,15,105,22.4,43.90755,-68.5847,4,2,2,4,0,"AL",0.038
"7289",512,"200604.308.1390.2","NMFS",2006,4,15,105,30.03,43.799317,-68.649483,6,6,0,6,0,"AL",0.038
"7290",512,"200604.309.1380.3","NMFS",2006,4,16,106,30.28,43.595333,-68.74205,0,0,0,0,0,"AL",0.038
"7291",513,"200604.310.1400.3","NMFS",2006,4,16,106,30,43.7875,-69.3765,57,31,26,45,12,"AL",0.038
"7292",513,"200604.311.1400.1","NMFS",2006,4,16,106,29.93,43.436383,-70.092533,13,10,3,11,2,"AL",0.038
"7293",513,"200604.312.1380.6","NMFS",2006,4,16,106,23.47,43.296317,-69.2944,0,0,0,0,0,"AL",0.038
"7294",513,"200604.313.1370.3","NMFS",2006,4,16,106,30.02,43.261033,-69.312517,0,0,0,0,0,"AL",0.038
"7295",513,"200604.314.1370.1","NMFS",2006,4,16,106,30.08,43.06015,-69.265117,1,1,0,1,0,"AL",0.038
"7296",515,"200604.315.1370.5","NMFS",2006,4,16,106,30.05,42.894383,-69.211883,0,0,0,0,0,"AL",0.038
"7297",513,"200604.316.1280.1","NMFS",2006,4,17,107,29.85,42.854833,-69.78225,1,1,0,1,0,"AL",0.038
"7298",514,"200604.317.1270.5","NMFS",2006,4,17,107,31.05,42.810733,-70.01385,6,5,1,6,0,"AL",0.038
"7299",513,"200604.319.1270.2","NMFS",2006,4,17,107,30.02,43.066683,-70.13665,0,0,0,0,0,"AL",0.038
"7300",513,"200604.320.1400.2","NMFS",2006,4,17,107,30.02,43.147617,-70.318367,6,2,4,6,0,"AL",0.038
"7301",513,"200604.321.1270.1","NMFS",2006,4,17,107,29.92,42.98035,-70.276833,2,0,2,2,0,"AL",0.038
"7302",514,"200604.322.1400.4","NMFS",2006,4,17,107,30.12,42.806083,-70.589367,12,3,9,11,1,"AL",0.038
"7303",514,"200604.323.3630.1","NMFS",2006,4,17,107,25.52,42.69665,-70.692883,2,0,2,2,0,"AL",0.038
"7304",514,"200604.324.3630.2","NMFS",2006,4,17,107,30.02,42.689033,-70.681133,2,0,2,2,0,"AL",0.038
"7305",514,"200604.325.3640.1","NMFS",2006,4,17,107,30,42.70305,-70.6025,30,16,14,29,1,"AL",0.038
"7306",514,"200604.326.3650.1","NMFS",2006,4,17,107,30,42.583,-70.614167,46,23,23,43,3,"AL",0.038
"7307",514,"200604.327.1260.5","NMFS",2006,4,17,107,29.58,42.73155,-70.45725,14,4,10,14,0,"AL",0.038
"7308",514,"200604.328.1260.6","NMFS",2006,4,18,108,30.18,42.62235,-70.381467,1,0,1,1,0,"AL",0.038
"7309",514,"200604.329.1260.3","NMFS",2006,4,18,108,30.17,42.620883,-70.135567,1,1,0,1,0,"AL",0.038
"7310",514,"200604.330.1270.4","NMFS",2006,4,18,108,30.08,42.474283,-69.926117,5,5,0,5,0,"AL",0.038
"7311",514,"200604.331.1280.6","NMFS",2006,4,18,108,29.98,42.51425,-69.697467,1,1,0,1,0,"AL",0.038
"7312",515,"200604.332.1280.2","NMFS",2006,4,18,108,30,42.437417,-69.304833,1,1,0,1,0,"AL",0.038
"7313",521,"200604.333.1280.8","NMFS",2006,4,18,108,30.47,42.1801,-69.491217,0,0,0,0,0,"AL",0.038
"7314",514,"200604.334.1260.7","NMFS",2006,4,18,108,30.1,42.430967,-70.399767,0,0,0,0,0,"AL",0.038
"7315",514,"200604.335.1260.1","NMFS",2006,4,18,108,29.98,42.39275,-70.571633,4,2,2,4,0,"AL",0.038
"7316",514,"200604.337.3660.1","NMFS",2006,4,19,109,30.13,42.320283,-70.636067,1,1,0,1,0,"AL",0.038
"7317",514,"200604.338.3660.2","NMFS",2006,4,19,109,29.97,42.274183,-70.581933,0,0,0,0,0,"AL",0.038
"7318",514,"200604.340.3590.1","NMFS",2006,4,19,109,30.13,41.971667,-70.551183,5,1,4,5,0,"AL",0.038
"7319",514,"200604.341.3580.2","NMFS",2006,4,19,109,29.98,41.837167,-70.4948,0,0,0,0,0,"AL",0.038
"7320",514,"200604.342.3610.2","NMFS",2006,4,19,109,29.98,42.024417,-70.446817,25,10,15,24,1,"AL",0.038
"7321",514,"200604.343.3600.2","NMFS",2006,4,19,109,30.13,41.934167,-70.4299,28,14,14,26,2,"AL",0.038
"7322",514,"200604.344.3600.1","NMFS",2006,4,19,109,30.08,41.894867,-70.28065,1,0,1,1,0,"AL",0.038
"7323",562,"200703.212.1190.9","NMFS",2007,4,1,91,30,41.523398,-67.625853,0,0,0,0,0,"AL",0.038
"7324",562,"200703.213.1190.8","NMFS",2007,4,1,91,30.17,41.327465,-67.40708,0,0,0,0,0,"AL",0.038
"7325",525,"200703.214.1130.4","NMFS",2007,4,1,91,30.03,41.023277,-67.416127,0,0,0,0,0,"AL",0.038
"7326",525,"200703.215.1130.2","NMFS",2007,4,1,91,30.07,40.766643,-67.080705,0,0,0,0,0,"AL",0.038
"7327",525,"200703.216.1140.3","NMFS",2007,4,1,91,30.03,40.558345,-67.155847,0,0,0,0,0,"AL",0.038
"7328",562,"200703.217.1180.2","NMFS",2007,4,1,91,26.35,40.85218,-66.64237,1,1,0,1,0,"AL",0.038
"7329",562,"200703.218.1170.2","NMFS",2007,4,1,91,30.08,40.892433,-66.668993,0,0,0,0,0,"AL",0.038
"7330",562,"200703.219.1160.19","NMFS",2007,4,1,91,30.03,41.020098,-66.716838,0,0,0,0,0,"AL",0.038
"7331",562,"200703.220.1160.3","NMFS",2007,4,1,91,30.03,41.133127,-66.841123,0,0,0,0,0,"AL",0.038
"7332",562,"200703.221.1160.13","NMFS",2007,4,1,91,30,41.178268,-66.889597,0,0,0,0,0,"AL",0.038
"7333",562,"200703.222.1160.12","NMFS",2007,4,1,91,30.02,41.227368,-66.824947,0,0,0,0,0,"AL",0.038
"7334",562,"200703.223.1160.14","NMFS",2007,4,1,91,30.03,41.23395,-66.619643,0,0,0,0,0,"AL",0.038
"7335",562,"200703.224.1160.6","NMFS",2007,4,2,92,30.07,41.396102,-66.551185,0,0,0,0,0,"AL",0.038
"7336",562,"200703.225.1160.20","NMFS",2007,4,2,92,30.05,41.352708,-66.765282,0,0,0,0,0,"AL",0.038
"7337",562,"200703.226.1160.8","NMFS",2007,4,2,92,30.05,41.477345,-66.968597,0,0,0,0,0,"AL",0.038
"7338",562,"200703.227.1190.2","NMFS",2007,4,2,92,30.03,41.680355,-67.253015,1,1,0,1,0,"AL",0.038
"7339",562,"200703.228.1160.16","NMFS",2007,4,2,92,30.07,41.600705,-66.988143,0,0,0,0,0,"AL",0.038
"7340",552,"200703.229.1160.17","NMFS",2007,4,2,92,30.03,41.682028,-66.718815,0,0,0,0,0,"AL",0.038
"7341",552,"200703.230.1160.9","NMFS",2007,4,2,92,30.07,41.766983,-66.567772,0,0,0,0,0,"AL",0.038
"7342",552,"200703.231.1160.5","NMFS",2007,4,2,92,30.03,41.81146,-66.500907,3,2,1,3,0,"AL",0.038
"7343",552,"200703.232.1160.15","NMFS",2007,4,2,92,20.1,41.82252,-66.25693,0,0,0,0,0,"AL",0.038
"7344",552,"200703.233.1160.4","NMFS",2007,4,2,92,29.97,41.73791,-66.170007,0,0,0,0,0,"AL",0.038
"7345",552,"200703.234.1160.2","NMFS",2007,4,2,92,30.03,41.560057,-66.375365,0,0,0,0,0,"AL",0.038
"7346",552,"200703.235.1160.11","NMFS",2007,4,2,92,30.07,41.316222,-66.322457,1,0,1,1,0,"AL",0.038
"7347",552,"200703.236.1170.1","NMFS",2007,4,2,92,30.05,41.310517,-66.249392,8,7,1,8,0,"AL",0.038
"7348",552,"200703.237.1180.1","NMFS",2007,4,3,93,30.02,41.512372,-65.947335,1,1,0,1,0,"AL",0.038
"7349",552,"200703.238.1160.10","NMFS",2007,4,3,93,30.07,41.639015,-65.989378,4,4,0,4,0,"AL",0.038
"7350",552,"200703.239.1160.7","NMFS",2007,4,3,93,30.03,41.722717,-65.928273,6,5,1,6,0,"AL",0.038
"7351",552,"200703.240.1170.3","NMFS",2007,4,3,93,30,41.679182,-65.819857,12,12,0,12,0,"AL",0.038
"7352",464,"200703.241.1290.6","NMFS",2007,4,3,93,30.05,42.18188,-65.766528,0,0,0,0,0,"AL",0.038
"7353",464,"200703.242.1290.8","NMFS",2007,4,3,93,30.05,42.264358,-65.708278,3,2,1,3,0,"AL",0.038
"7354",464,"200703.243.1290.1","NMFS",2007,4,3,93,30.02,42.439283,-66.162883,1,0,1,1,0,"AL",0.038
"7355",464,"200703.244.1290.3","NMFS",2007,4,3,93,30,42.349218,-66.32329,2,2,0,2,0,"AL",0.038
"7356",551,"200703.245.1290.7","NMFS",2007,4,4,94,30.02,42.242883,-66.031597,2,2,0,2,0,"AL",0.038
"7357",551,"200703.246.1210.3","NMFS",2007,4,4,94,30.02,42.1103,-66.141855,4,2,2,4,0,"AL",0.038
"7358",551,"200703.247.1220.3","NMFS",2007,4,4,94,30.02,42.147535,-66.387655,6,5,1,6,0,"AL",0.038
"7359",551,"200703.248.1160.1","NMFS",2007,4,4,94,30.03,42.056452,-66.612937,1,0,1,1,0,"AL",0.038
"7360",551,"200703.249.1160.18","NMFS",2007,4,4,94,30,41.976013,-66.8807,0,0,0,0,0,"AL",0.038
"7361",551,"200703.250.1210.4","NMFS",2007,4,4,94,30.08,42.141165,-66.772445,0,0,0,0,0,"AL",0.038
"7362",551,"200703.251.1220.1","NMFS",2007,4,4,94,30.03,42.184243,-66.772815,19,11,8,19,0,"AL",0.038
"7363",551,"200703.252.1300.1","NMFS",2007,4,4,94,30.03,42.304423,-66.889845,4,4,0,4,0,"AL",0.038
"7364",464,"200703.253.1300.3","NMFS",2007,4,4,94,30,42.387645,-66.929192,15,13,2,15,0,"AL",0.038
"7365",464,"200703.254.1300.2","NMFS",2007,4,4,94,29.97,42.449432,-67.399698,2,1,1,2,0,"AL",0.038
"7366",561,"200703.255.1210.1","NMFS",2007,4,5,95,30.03,42.144447,-67.246775,0,0,0,0,0,"AL",0.038
"7367",561,"200703.256.1200.5","NMFS",2007,4,5,95,30.02,41.978537,-67.268112,0,0,0,0,0,"AL",0.038
"7368",561,"200703.257.1210.2","NMFS",2007,4,5,95,21.47,42.098688,-67.430355,0,0,0,0,0,"AL",0.038
"7369",521,"200703.260.1230.1","NMFS",2007,4,10,100,30.03,41.880102,-69.80986,0,0,0,0,0,"AL",0.038
"7370",521,"200703.261.1240.1","NMFS",2007,4,10,100,30.07,41.826992,-69.757503,0,0,0,0,0,"AL",0.038
"7371",521,"200703.262.1250.4","NMFS",2007,4,10,100,30.05,41.609773,-69.717152,0,0,0,0,0,"AL",0.038
"7372",521,"200703.263.1250.1","NMFS",2007,4,10,100,30.03,41.318977,-69.386902,0,0,0,0,0,"AL",0.038
"7373",521,"200703.264.1250.2","NMFS",2007,4,10,100,30.03,41.063723,-69.269972,0,0,0,0,0,"AL",0.038
"7374",526,"200703.265.1090.2","NMFS",2007,4,10,100,30.02,40.880198,-69.388367,0,0,0,0,0,"AL",0.038
"7375",526,"200703.266.1100.2","NMFS",2007,4,10,100,30.12,40.897767,-69.051612,0,0,0,0,0,"AL",0.038
"7376",526,"200703.267.1130.1","NMFS",2007,4,10,100,30.05,40.862402,-68.856895,0,0,0,0,0,"AL",0.038
"7377",525,"200703.268.1190.3","NMFS",2007,4,10,100,30,40.807413,-68.505202,0,0,0,0,0,"AL",0.038
"7378",525,"200703.269.1190.5","NMFS",2007,4,10,100,30.05,40.971328,-68.397358,0,0,0,0,0,"AL",0.038
"7379",522,"200703.270.1230.3","NMFS",2007,4,11,101,30.03,41.141373,-68.774492,5,4,1,5,0,"AL",0.038
"7380",521,"200703.271.1230.2","NMFS",2007,4,11,101,30.08,41.098413,-68.942013,1,1,0,1,0,"AL",0.038
"7381",521,"200703.272.1230.5","NMFS",2007,4,11,101,30.1,41.103685,-69.006937,1,1,0,1,0,"AL",0.038
"7382",521,"200703.273.1230.4","NMFS",2007,4,11,101,29.98,41.068245,-69.0828,0,0,0,0,0,"AL",0.038
"7383",521,"200703.274.1240.6","NMFS",2007,4,11,101,30.03,41.563882,-68.971108,0,0,0,0,0,"AL",0.038
"7384",522,"200703.275.1240.3","NMFS",2007,4,11,101,30.02,41.694615,-68.759685,2,2,0,2,0,"AL",0.038
"7385",522,"200703.276.1200.4","NMFS",2007,4,11,101,30.02,41.608365,-68.415155,0,0,0,0,0,"AL",0.038
"7386",522,"200703.277.1200.1","NMFS",2007,4,11,101,30.05,41.449193,-68.282348,0,0,0,0,0,"AL",0.038
"7387",522,"200703.278.1200.6","NMFS",2007,4,11,101,30.13,41.407952,-68.150503,0,0,0,0,0,"AL",0.038
"7388",525,"200703.279.1190.6","NMFS",2007,4,11,101,30.07,41.15314,-68.080342,0,0,0,0,0,"AL",0.038
"7389",522,"200703.280.1190.7","NMFS",2007,4,11,101,30,41.392213,-67.975328,0,0,0,0,0,"AL",0.038
"7390",522,"200703.281.1200.3","NMFS",2007,4,12,102,30.05,41.620227,-67.902547,0,0,0,0,0,"AL",0.038
"7391",522,"200703.282.1200.2","NMFS",2007,4,12,102,29.98,41.840575,-67.745158,1,0,1,1,0,"AL",0.038
"7392",522,"200703.283.1220.2","NMFS",2007,4,12,102,30.05,42.192122,-67.735055,0,0,0,0,0,"AL",0.038
"7393",522,"200703.284.1220.4","NMFS",2007,4,12,102,30.03,41.987648,-67.961615,0,0,0,0,0,"AL",0.038
"7394",522,"200703.285.1240.5","NMFS",2007,4,12,102,30.05,41.971742,-68.445428,0,0,0,0,0,"AL",0.038
"7395",522,"200703.286.1240.4","NMFS",2007,4,12,102,30.07,42.139642,-68.505907,0,0,0,0,0,"AL",0.038
"7396",522,"200703.287.1240.2","NMFS",2007,4,12,102,30.02,42.185952,-68.608445,0,0,0,0,0,"AL",0.038
"7397",515,"200703.288.1290.2","NMFS",2007,4,12,102,30.03,42.393652,-68.213653,1,1,0,1,0,"AL",0.038
"7398",515,"200703.289.1290.5","NMFS",2007,4,12,102,30.05,42.506277,-68.458815,0,0,0,0,0,"AL",0.038
"7399",515,"200703.290.1290.4","NMFS",2007,4,12,102,30.08,42.716345,-68.293578,0,0,0,0,0,"AL",0.038
"7400",515,"200703.291.1360.6","NMFS",2007,4,13,103,30.07,42.777713,-68.28776,3,2,1,3,0,"AL",0.038
"7401",515,"200703.292.1360.8","NMFS",2007,4,13,103,30.02,42.92023,-68.41602,0,0,0,0,0,"AL",0.038
"7402",515,"200703.294.1360.9","NMFS",2007,4,13,103,30.03,43.150327,-68.077967,1,1,0,1,0,"AL",0.038
"7403",464,"200703.295.1360.1","NMFS",2007,4,13,103,30.03,42.94013,-67.506953,3,3,0,3,0,"AL",0.038
"7404",465,"200703.296.1360.4","NMFS",2007,4,14,104,30.03,43.107317,-67.51413,4,2,2,4,0,"AL",0.038
"7405",465,"200703.297.1360.3","NMFS",2007,4,14,104,30.05,43.289425,-67.46331,0,0,0,0,0,"AL",0.038
"7406",465,"200703.298.1340.3","NMFS",2007,4,14,104,30.02,43.17793,-66.664193,0,0,0,0,0,"AL",0.038
"7407",465,"200703.299.1330.1","NMFS",2007,4,14,104,20.15,43.272903,-66.424397,2,1,1,2,0,"AL",0.038
"7408",465,"200703.300.1330.4","NMFS",2007,4,14,104,30.03,43.413085,-66.452265,8,6,2,8,0,"AL",0.038
"7409",465,"200703.301.1340.1","NMFS",2007,4,14,104,30.07,43.466528,-66.619293,2,2,0,2,0,"AL",0.038
"7410",465,"200703.302.1340.5","NMFS",2007,4,14,104,30.03,43.575362,-66.52844,8,4,4,8,0,"AL",0.038
"7411",465,"200703.303.1340.6","NMFS",2007,4,15,105,30.02,43.762253,-67.02998,2,0,2,2,0,"AL",0.038
"7412",511,"200703.304.1340.4","NMFS",2007,4,15,105,30.15,43.97747,-66.929322,0,0,0,0,0,"AL",0.038
"7413",465,"200703.305.1330.2","NMFS",2007,4,15,105,30.08,43.879465,-66.592633,2,1,1,2,0,"AL",0.038
"7414",466,"200703.306.1330.3","NMFS",2007,4,15,105,30.02,44.026628,-66.519542,4,2,2,4,0,"AL",0.038
"7415",466,"200703.307.1351.1","NMFS",2007,4,15,105,30.02,44.103278,-66.764877,1,0,1,1,0,"AL",0.038
"7416",511,"200703.308.1340.2","NMFS",2007,4,15,105,30.02,44.15175,-67.190342,4,2,2,4,0,"AL",0.038
"7417",511,"200703.309.1351.2","NMFS",2007,4,15,105,30.02,44.385102,-67.081033,0,0,0,0,0,"AL",0.038
"7418",511,"200703.310.1390.4","NMFS",2007,4,18,108,30.03,44.241175,-67.743417,0,0,0,0,0,"AL",0.038
"7419",511,"200703.311.1360.7","NMFS",2007,4,18,108,30.02,44.059327,-67.63036,1,1,0,1,0,"AL",0.038
"7420",512,"200703.313.1390.2","NMFS",2007,4,19,109,30.03,43.924982,-68.64995,27,15,12,25,2,"AL",0.038
"7421",512,"200703.314.1390.1","NMFS",2007,4,19,109,20.1,43.74614,-68.885305,49,26,23,43,6,"AL",0.038
"7422",512,"200703.315.1390.3","NMFS",2007,4,19,109,30.05,43.741322,-68.931907,57,36,21,33,24,"AL",0.038
"7423",512,"200703.316.1380.1","NMFS",2007,4,19,109,30.03,43.562498,-68.768767,2,2,0,2,0,"AL",0.038
"7424",513,"200703.317.1380.4","NMFS",2007,4,19,109,30.03,43.549922,-69.031947,10,6,4,10,0,"AL",0.038
"7425",513,"200703.319.1400.3","NMFS",2007,4,19,109,30.05,43.695643,-69.47552,3,2,1,3,0,"AL",0.038
"7426",514,"200703.320.3580.1","NMFS",2007,4,24,114,30.03,41.775128,-70.423403,6,3,3,5,1,"AL",0.038
"7427",514,"200703.321.3590.1","NMFS",2007,4,24,114,30.03,41.798413,-70.406943,6,3,3,3,3,"AL",0.038
"7428",514,"200703.322.3600.1","NMFS",2007,4,24,114,30.03,41.888655,-70.35257,27,7,20,24,3,"AL",0.038
"7429",514,"200703.323.3600.2","NMFS",2007,4,24,114,30.03,41.923185,-70.31613,44,12,32,39,5,"AL",0.038
"7430",514,"200703.324.3610.2","NMFS",2007,4,24,114,30.05,42.131532,-70.491213,5,2,3,4,1,"AL",0.038
"7431",514,"200703.325.1260.4","NMFS",2007,4,24,114,30.08,42.17838,-70.373892,1,1,0,1,0,"AL",0.038
"7432",514,"200703.326.1260.5","NMFS",2007,4,24,114,30.08,42.26298,-70.384612,2,1,1,2,0,"AL",0.038
"7433",514,"200703.327.1260.2","NMFS",2007,4,24,114,30.05,42.355265,-70.325687,0,0,0,0,0,"AL",0.038
"7434",514,"200703.329.3640.1","NMFS",2007,4,24,114,20.03,42.308627,-70.756777,13,9,4,11,2,"AL",0.038
"7435",514,"200703.330.3650.1","NMFS",2007,4,24,114,30.02,42.491518,-70.73975,29,16,13,29,0,"AL",0.038
"7436",514,"200703.331.3660.3","NMFS",2007,4,24,114,30.05,42.473558,-70.654335,10,3,7,10,0,"AL",0.038
"7437",514,"200703.332.1260.1","NMFS",2007,4,25,115,30.13,42.603853,-70.250935,0,0,0,0,0,"AL",0.038
"7438",514,"200703.333.1260.3","NMFS",2007,4,25,115,30.03,42.721127,-70.318553,1,1,0,1,0,"AL",0.038
"7439",514,"200703.334.3660.2","NMFS",2007,4,25,115,22.1,42.675932,-70.44868,2,0,2,2,0,"AL",0.038
"7440",514,"200703.335.3630.1","NMFS",2007,4,25,115,30.1,42.694163,-70.66917,1,1,0,1,0,"AL",0.038
"7441",514,"200703.336.1400.2","NMFS",2007,4,25,115,30.02,42.792858,-70.645757,5,3,2,5,0,"AL",0.038
"7442",513,"200703.337.1270.2","NMFS",2007,4,25,115,30.07,42.884702,-70.342043,9,8,1,9,0,"AL",0.038
"7443",513,"200703.338.1400.1","NMFS",2007,4,25,115,30.02,42.97211,-70.41514,3,0,3,3,0,"AL",0.038
"7444",513,"200703.339.1270.1","NMFS",2007,4,25,115,30.08,43.0732,-70.206132,3,2,1,3,0,"AL",0.038
"7445",513,"200703.340.1280.7","NMFS",2007,4,25,115,30.02,43.066367,-69.929297,0,0,0,0,0,"AL",0.038
"7446",513,"200703.341.1380.3","NMFS",2007,4,25,115,29.98,43.510157,-69.464705,1,1,0,1,0,"AL",0.038
"7447",513,"200703.342.1380.2","NMFS",2007,4,25,115,30.07,43.436598,-69.196793,1,1,0,1,0,"AL",0.038
"7448",515,"200703.343.1370.1","NMFS",2007,4,26,116,30,43.030905,-68.811522,2,2,0,2,0,"AL",0.038
"7449",515,"200703.344.1370.3","NMFS",2007,4,26,116,30,42.948145,-69.295137,0,0,0,0,0,"AL",0.038
"7450",515,"200703.345.1370.4","NMFS",2007,4,26,116,30.05,42.689158,-69.202327,1,1,0,1,0,"AL",0.038
"7451",515,"200703.346.1370.5","NMFS",2007,4,26,116,30.02,42.613135,-68.97188,0,0,0,0,0,"AL",0.038
"7452",515,"200703.347.1370.2","NMFS",2007,4,26,116,30.02,42.64984,-68.803497,0,0,0,0,0,"AL",0.038
"7453",515,"200703.348.1280.2","NMFS",2007,4,26,116,29.92,42.536925,-68.942475,0,0,0,0,0,"AL",0.038
"7454",515,"200703.349.1280.3","NMFS",2007,4,26,116,29.97,42.45617,-68.994138,0,0,0,0,0,"AL",0.038
"7455",521,"200703.350.1280.5","NMFS",2007,4,26,116,30.03,42.26793,-69.436395,0,0,0,0,0,"AL",0.038
"7456",515,"200703.351.1280.1","NMFS",2007,4,26,116,30,42.605735,-69.605843,0,0,0,0,0,"AL",0.038
"7457",515,"200703.352.1280.4","NMFS",2007,4,27,117,30.05,42.643362,-69.660327,1,1,0,1,0,"AL",0.038
"7458",514,"200703.353.1270.3","NMFS",2007,4,27,117,30.02,42.621668,-69.958123,5,5,0,5,0,"AL",0.038
"7459",514,"200703.354.1280.6","NMFS",2007,4,27,117,30.02,42.528457,-69.881173,6,6,0,6,0,"AL",0.038
"7460",521,"200703.355.1270.4","NMFS",2007,4,27,117,30.03,42.107147,-69.91125,6,3,3,6,0,"AL",0.038
"7461",514,"200703.356.3610.1","NMFS",2007,4,27,117,30.02,42.105193,-70.15392,14,5,9,13,1,"AL",0.038
"7462",514,"200703.357.3560.1","NMFS",2007,4,27,117,30.08,42.030072,-70.025223,5,0,5,5,0,"AL",0.038
"7463",521,"200703.358.3550.3","NMFS",2007,4,27,117,29.98,41.456512,-69.666502,0,0,0,0,0,"AL",0.038
"7464",521,"200703.359.3550.1","NMFS",2007,4,27,117,30.02,41.367975,-69.57351,3,3,0,3,0,"AL",0.038
"7465",521,"200703.360.3550.5","NMFS",2007,4,27,117,28.4,41.170458,-69.554298,0,0,0,0,0,"AL",0.038
"7466",526,"200703.361.3550.4","NMFS",2007,4,27,117,30.05,41.118763,-69.540263,1,0,1,1,0,"AL",0.038
"7467",521,"200703.363.3550.6","NMFS",2007,4,27,117,30.02,41.07503,-69.404175,4,1,3,2,2,"AL",0.038
"7468",526,"200803.175.1110.1","NMFS",2008,4,3,94,30.03,39.9894,-69.884083,0,0,0,0,0,"AL",0.038
"7469",526,"200803.178.1100.6","NMFS",2008,4,3,94,29.95,40.517867,-69.766117,0,0,0,0,0,"AL",0.038
"7470",526,"200803.179.1100.3","NMFS",2008,4,3,94,30.08,40.440567,-69.68275,0,0,0,0,0,"AL",0.038
"7471",526,"200803.180.1100.4","NMFS",2008,4,3,94,30.12,40.32075,-69.608517,0,0,0,0,0,"AL",0.038
"7472",526,"200803.181.1100.7","NMFS",2008,4,3,94,30.02,40.275083,-69.649267,0,0,0,0,0,"AL",0.038
"7473",525,"200803.182.1150.1","NMFS",2008,4,4,95,29.87,40.12555,-68.583567,0,0,0,0,0,"AL",0.038
"7474",525,"200803.183.1140.1","NMFS",2008,4,4,95,30.02,40.260667,-68.3592,0,0,0,0,0,"AL",0.038
"7475",525,"200803.184.1140.2","NMFS",2008,4,4,95,30.07,40.345983,-68.200133,0,0,0,0,0,"AL",0.038
"7476",525,"200803.185.1130.1","NMFS",2008,4,4,95,30.1,40.607183,-67.9625,0,0,0,0,0,"AL",0.038
"7477",525,"200803.186.1130.2","NMFS",2008,4,4,95,NA,40.64535,-68.112783,0,0,0,0,0,"AL",0.038
"7478",525,"200803.187.1190.9","NMFS",2008,4,4,95,30.05,40.898483,-68.034617,0,0,0,0,0,"AL",0.038
"7479",525,"200803.188.1130.7","NMFS",2008,4,4,95,29.92,40.935317,-67.883883,0,0,0,0,0,"AL",0.038
"7480",525,"200803.189.1130.8","NMFS",2008,4,4,95,30.07,40.983717,-67.746983,0,0,0,0,0,"AL",0.038
"7481",525,"200803.190.1130.4","NMFS",2008,4,4,95,30.03,40.658067,-67.651233,0,0,0,0,0,"AL",0.038
"7482",525,"200803.191.1130.9","NMFS",2008,4,5,96,30.08,40.65295,-67.445833,0,0,0,0,0,"AL",0.038
"7483",525,"200803.192.1140.3","NMFS",2008,4,5,96,29.85,40.528067,-67.21925,0,0,0,0,0,"AL",0.038
"7484",562,"200803.193.1160.1","NMFS",2008,4,5,96,30.07,40.85765,-66.847517,0,0,0,0,0,"AL",0.038
"7485",525,"200803.194.1130.5","NMFS",2008,4,5,96,30.15,40.891,-67.010133,0,0,0,0,0,"AL",0.038
"7486",525,"200803.195.1190.6","NMFS",2008,4,5,96,30.05,41.146783,-67.643967,0,0,0,0,0,"AL",0.038
"7487",522,"200803.196.1190.7","NMFS",2008,4,5,96,30.07,41.3504,-67.684017,0,0,0,0,0,"AL",0.038
"7488",562,"200803.197.1190.3","NMFS",2008,4,5,96,30.07,41.389533,-67.58675,0,0,0,0,0,"AL",0.038
"7489",562,"200803.198.1190.1","NMFS",2008,4,5,96,30.02,41.604533,-67.378767,0,0,0,0,0,"AL",0.038
"7490",562,"200803.199.1160.3","NMFS",2008,4,6,97,30.03,41.149533,-66.888433,0,0,0,0,0,"AL",0.038
"7491",562,"200803.200.1160.4","NMFS",2008,4,6,97,30.07,41.015817,-66.55095,3,3,0,3,0,"AL",0.038
"7492",562,"200803.202.1170.1","NMFS",2008,4,6,97,30.05,41.141567,-66.369,0,0,0,0,0,"AL",0.038
"7493",562,"200803.203.1160.20","NMFS",2008,4,6,97,29.45,41.271817,-66.7516,0,0,0,0,0,"AL",0.038
"7494",562,"200803.204.1160.14","NMFS",2008,4,6,97,30.1,41.31045,-66.61505,0,0,0,0,0,"AL",0.038
"7495",562,"200803.205.1160.2","NMFS",2008,4,6,97,30,41.399917,-66.579667,0,0,0,0,0,"AL",0.038
"7496",562,"200803.206.1160.12","NMFS",2008,4,6,97,29.98,41.602117,-66.734733,0,0,0,0,0,"AL",0.038
"7497",562,"200803.207.1160.10","NMFS",2008,4,6,97,29.98,41.644083,-67.01515,0,0,0,0,0,"AL",0.038
"7498",551,"200803.208.1160.19","NMFS",2008,4,6,97,29.97,41.855617,-66.8164,0,0,0,0,0,"AL",0.038
"7499",551,"200803.209.1160.18","NMFS",2008,4,7,98,30,41.923383,-66.655833,0,0,0,0,0,"AL",0.038
"7500",551,"200803.210.1160.8","NMFS",2008,4,7,98,30,41.851817,-66.586767,0,0,0,0,0,"AL",0.038
"7501",552,"200803.211.1160.7","NMFS",2008,4,8,99,30.7,41.602983,-66.457667,0,0,0,0,0,"AL",0.038
"7502",552,"200803.212.1160.15","NMFS",2008,4,8,99,30.1,41.291783,-66.338517,2,2,0,2,0,"AL",0.038
"7503",552,"200803.213.1170.3","NMFS",2008,4,8,99,30.07,41.345833,-66.250383,2,2,0,2,0,"AL",0.038
"7504",552,"200803.214.1180.2","NMFS",2008,4,8,99,30.05,41.405567,-66.000133,60,59,1,60,0,"AL",0.038
"7505",552,"200803.215.1160.13","NMFS",2008,4,8,99,29.95,41.607383,-65.995833,4,4,0,4,0,"AL",0.038
"7506",552,"200803.216.1160.9","NMFS",2008,4,8,99,30.1,41.643833,-66.1779,0,0,0,0,0,"AL",0.038
"7507",552,"200803.217.1160.6","NMFS",2008,4,8,99,29.98,41.727433,-66.142583,0,0,0,0,0,"AL",0.038
"7508",552,"200803.218.1170.2","NMFS",2008,4,9,100,30.05,41.775283,-65.880417,3,3,0,3,0,"AL",0.038
"7509",551,"200803.219.1160.17","NMFS",2008,4,9,100,30,41.8576,-65.949017,0,0,0,0,0,"AL",0.038
"7510",551,"200803.220.1160.11","NMFS",2008,4,9,100,30.07,41.942817,-65.980783,0,0,0,0,0,"AL",0.038
"7511",551,"200803.221.1160.5","NMFS",2008,4,9,100,30.05,42.056983,-66.039833,7,6,1,7,0,"AL",0.038
"7512",551,"200803.222.1160.16","NMFS",2008,4,9,100,30.13,42.013883,-66.240817,0,0,0,0,0,"AL",0.038
"7513",551,"200803.223.1210.1","NMFS",2008,4,9,100,30.07,42.098333,-66.168867,2,1,1,2,0,"AL",0.038
"7514",551,"200803.224.1220.2","NMFS",2008,4,9,100,30,42.146717,-66.31925,11,10,1,11,0,"AL",0.038
"7515",551,"200803.225.1290.6","NMFS",2008,4,9,100,30.13,42.197367,-66.231933,1,1,0,1,0,"AL",0.038
"7516",551,"200803.226.1290.3","NMFS",2008,4,9,100,30.02,42.221267,-66.512183,5,4,1,5,0,"AL",0.038
"7517",464,"200803.227.1290.1","NMFS",2008,4,9,100,30.07,42.362817,-66.371017,4,4,0,4,0,"AL",0.038
"7518",464,"200803.228.1300.1","NMFS",2008,4,9,100,30.05,42.437967,-66.598917,4,3,1,4,0,"AL",0.038
"7519",464,"200803.229.1300.3","NMFS",2008,4,9,100,29.95,42.437383,-66.810467,11,11,0,11,0,"AL",0.038
"7520",551,"200803.230.1290.7","NMFS",2008,4,10,101,30.02,42.231133,-66.67165,11,9,2,11,0,"AL",0.038
"7521",551,"200803.231.1220.1","NMFS",2008,4,10,101,30.1,42.177667,-66.856167,5,5,0,5,0,"AL",0.038
"7522",551,"200803.232.1210.4","NMFS",2008,4,10,101,30.02,42.15265,-66.9655,4,3,1,4,0,"AL",0.038
"7523",561,"200803.233.1200.1","NMFS",2008,4,10,101,30.02,42.007517,-67.164717,0,0,0,0,0,"AL",0.038
"7524",561,"200803.234.1190.4","NMFS",2008,4,10,101,30.05,41.8777,-67.108617,1,1,0,1,0,"AL",0.038
"7525",562,"200803.235.1190.2","NMFS",2008,4,10,101,29.98,41.79105,-67.265483,1,1,0,1,0,"AL",0.038
"7526",562,"200803.236.1190.5","NMFS",2008,4,10,101,30.03,41.71705,-67.49445,0,0,0,0,0,"AL",0.038
"7527",561,"200803.237.1200.5","NMFS",2008,4,10,101,29.98,41.9171,-67.416967,1,1,0,1,0,"AL",0.038
"7528",561,"200803.238.1210.2","NMFS",2008,4,10,101,29.97,42.1096,-67.4003,0,0,0,0,0,"AL",0.038
"7529",522,"200803.239.1220.3","NMFS",2008,4,10,101,29.95,41.966217,-67.9212,1,0,1,1,0,"AL",0.038
"7530",522,"200803.240.1200.4","NMFS",2008,4,10,101,29.95,41.730083,-67.863883,1,1,0,1,0,"AL",0.038
"7531",521,"200803.241.1250.1","NMFS",2008,4,16,107,30.02,41.558705,-69.560142,0,0,0,0,0,"AL",0.038
"7532",521,"200803.242.1230.4","NMFS",2008,4,16,107,30.02,41.527747,-69.453845,14,6,8,13,1,"AL",0.038
"7533",521,"200803.243.1250.4","NMFS",2008,4,17,108,30.05,41.36738,-69.487015,1,1,0,1,0,"AL",0.038
"7534",521,"200803.244.1250.2","NMFS",2008,4,17,108,30.03,41.22745,-69.380768,0,0,0,0,0,"AL",0.038
"7535",521,"200803.245.1250.3","NMFS",2008,4,17,108,20.07,41.119212,-69.214863,0,0,0,0,0,"AL",0.038
"7536",526,"200803.246.1090.1","NMFS",2008,4,17,108,30.03,40.901672,-69.592302,0,0,0,0,0,"AL",0.038
"7537",526,"200803.247.1100.1","NMFS",2008,4,17,108,29.97,40.956247,-69.11418,0,0,0,0,0,"AL",0.038
"7538",521,"200803.248.1230.1","NMFS",2008,4,17,108,28.13,41.062415,-68.91188,0,0,0,0,0,"AL",0.038
"7539",526,"200803.249.1130.3","NMFS",2008,4,17,108,30.08,40.979868,-68.844308,1,0,1,1,0,"AL",0.038
"7540",526,"200803.250.1100.2","NMFS",2008,4,17,108,30.02,40.679317,-68.956435,0,0,0,0,0,"AL",0.038
"7541",525,"200803.251.1190.8","NMFS",2008,4,18,109,30.05,40.86163,-68.618887,0,0,0,0,0,"AL",0.038
"7542",525,"200803.252.1130.6","NMFS",2008,4,18,109,30.07,40.957938,-68.795508,1,0,1,1,0,"AL",0.038
"7543",522,"200803.253.1230.3","NMFS",2008,4,18,109,30.05,41.279683,-68.633738,0,0,0,0,0,"AL",0.038
"7544",522,"200803.254.1200.3","NMFS",2008,4,18,109,30.05,41.272488,-68.446055,0,0,0,0,0,"AL",0.038
"7545",522,"200803.255.1200.2","NMFS",2008,4,18,109,30.02,41.355145,-68.279638,4,3,1,2,2,"AL",0.038
"7546",522,"200803.256.1200.6","NMFS",2008,4,18,109,30.02,41.43463,-68.111902,0,0,0,0,0,"AL",0.038
"7547",522,"200803.257.1210.3","NMFS",2008,4,18,109,30.07,41.8065,-68.189607,0,0,0,0,0,"AL",0.038
"7548",522,"200803.258.1220.4","NMFS",2008,4,18,109,30.02,41.735863,-68.398345,1,1,0,1,0,"AL",0.038
"7549",521,"200803.259.1240.6","NMFS",2008,4,19,110,30.2,41.539208,-68.950975,0,0,0,0,0,"AL",0.038
"7550",522,"200803.260.1240.2","NMFS",2008,4,19,110,30.05,41.773573,-68.611003,0,0,0,0,0,"AL",0.038
"7551",522,"200803.261.1240.1","NMFS",2008,4,19,110,30.03,42.019233,-68.44529,1,0,1,1,0,"AL",0.038
"7552",522,"200803.262.1240.3","NMFS",2008,4,19,110,30.05,42.17718,-68.547102,0,0,0,0,0,"AL",0.038
"7553",515,"200803.263.1240.5","NMFS",2008,4,19,110,30.02,42.350555,-68.569987,1,1,0,1,0,"AL",0.038
"7554",515,"200803.264.1290.2","NMFS",2008,4,19,110,30.13,42.437333,-68.0105,1,1,0,1,0,"AL",0.038
"7555",522,"200803.265.1290.5","NMFS",2008,4,19,110,29.98,42.31394,-67.775837,1,1,0,1,0,"AL",0.038
"7556",464,"200803.266.1300.2","NMFS",2008,4,19,110,30.15,42.511998,-67.375563,2,0,2,2,0,"AL",0.038
"7557",464,"200803.267.1290.4","NMFS",2008,4,19,110,30.02,42.709565,-67.561625,3,3,0,3,0,"AL",0.038
"7558",515,"200803.268.1360.5","NMFS",2008,4,20,111,30.05,42.89135,-67.823958,1,1,0,1,0,"AL",0.038
"7559",464,"200803.269.1360.7","NMFS",2008,4,20,111,30.12,42.978372,-67.608672,3,2,1,3,0,"AL",0.038
"7560",464,"200803.270.1360.6","NMFS",2008,4,20,111,30.07,42.83735,-67.346733,0,0,0,0,0,"AL",0.038
"7561",465,"200803.271.1360.3","NMFS",2008,4,20,111,30.48,43.483012,-67.389235,1,1,0,1,0,"AL",0.038
"7562",465,"200803.272.1340.4","NMFS",2008,4,20,111,29.95,43.644477,-67.153717,2,0,2,2,0,"AL",0.038
"7563",465,"200803.273.1340.1","NMFS",2008,4,20,111,30.07,43.769203,-67.051107,2,0,2,2,0,"AL",0.038
"7564",511,"200803.274.1340.5","NMFS",2008,4,20,111,30.03,43.943548,-66.851692,2,2,0,2,0,"AL",0.038
"7565",465,"200803.275.1340.2","NMFS",2008,4,20,111,30.03,43.7763,-66.728925,14,9,5,14,0,"AL",0.038
"7566",465,"200803.276.1340.3","NMFS",2008,4,20,111,30.02,43.614923,-66.630958,4,2,2,4,0,"AL",0.038
"7567",465,"200803.277.1340.6","NMFS",2008,4,20,111,30.02,43.400587,-66.680197,4,0,4,4,0,"AL",0.038
"7568",465,"200803.278.1330.3","NMFS",2008,4,21,112,25.87,43.307398,-66.570855,16,4,12,16,0,"AL",0.038
"7569",465,"200803.279.1330.1","NMFS",2008,4,21,112,30.05,43.304482,-66.401987,1,1,0,1,0,"AL",0.038
"7570",465,"200803.280.1330.4","NMFS",2008,4,21,112,30.03,43.747667,-66.45665,37,23,14,34,3,"AL",0.038
"7571",466,"200803.281.1330.2","NMFS",2008,4,21,112,30.05,44.06948,-66.586445,4,0,4,4,0,"AL",0.038
"7572",511,"200803.282.1351.2","NMFS",2008,4,21,112,30,44.241062,-66.981073,2,1,1,2,0,"AL",0.038
"7573",511,"200803.283.1351.1","NMFS",2008,4,21,112,30.05,44.270372,-67.216473,8,8,0,8,0,"AL",0.038
"7574",511,"200803.284.1390.1","NMFS",2008,4,21,112,29.98,44.221328,-67.770898,9,2,7,9,0,"AL",0.038
"7575",511,"200803.285.1380.3","NMFS",2008,4,21,112,30.18,44.034308,-67.684008,4,2,2,4,0,"AL",0.038
"7576",512,"200803.286.1360.8","NMFS",2008,4,22,113,29.97,43.849423,-67.77329,2,2,0,2,0,"AL",0.038
"7577",512,"200803.287.1360.1","NMFS",2008,4,22,113,30.05,43.518365,-68.080627,2,1,1,2,0,"AL",0.038
"7578",512,"200803.288.1360.4","NMFS",2008,4,22,113,30.02,43.679787,-68.00956,0,0,0,0,0,"AL",0.038
"7579",512,"200803.289.1380.5","NMFS",2008,4,22,113,30.12,43.889105,-68.162012,3,3,0,3,0,"AL",0.038
"7580",512,"200803.290.1390.3","NMFS",2008,4,22,113,29.88,43.838468,-68.455067,7,5,2,7,0,"AL",0.038
"7581",512,"200803.291.1390.2","NMFS",2008,4,23,114,30.05,43.957055,-68.308658,7,1,6,7,0,"AL",0.038
"7582",513,"200803.292.1400.2","NMFS",2008,4,23,114,30.03,43.774188,-69.385193,75,39,36,66,9,"AL",0.038
"7583",513,"200803.293.1380.2","NMFS",2008,4,23,114,30,43.44217,-69.16677,3,3,0,3,0,"AL",0.038
"7584",513,"200803.294.1380.1","NMFS",2008,4,23,114,30.08,43.395743,-69.309963,1,1,0,1,0,"AL",0.038
"7585",513,"200803.295.1370.5","NMFS",2008,4,23,114,30,43.192712,-69.192243,3,2,1,3,0,"AL",0.038
"7586",513,"200803.296.1370.4","NMFS",2008,4,23,114,30.35,43.112335,-69.286422,1,1,0,1,0,"AL",0.038
"7587",515,"200803.297.1370.3","NMFS",2008,4,23,114,30,42.856068,-69.031172,0,0,0,0,0,"AL",0.038
"7588",515,"200803.298.1370.2","NMFS",2008,4,24,115,30.25,42.934137,-68.538887,1,1,0,1,0,"AL",0.038
"7589",515,"200803.299.1360.2","NMFS",2008,4,24,115,30.02,42.93031,-68.35729,0,0,0,0,0,"AL",0.038
"7590",515,"200803.300.1290.8","NMFS",2008,4,24,115,30,42.637123,-68.431332,0,0,0,0,0,"AL",0.038
"7591",515,"200803.301.1370.1","NMFS",2008,4,24,115,30.03,42.773617,-68.737752,1,1,0,1,0,"AL",0.038
"7592",515,"200803.302.1280.3","NMFS",2008,4,24,115,30.05,42.393825,-68.818173,0,0,0,0,0,"AL",0.038
"7593",515,"200803.303.1280.1","NMFS",2008,4,24,115,30.03,42.642878,-69.305283,1,1,0,1,0,"AL",0.038
"7594",515,"200803.304.1280.5","NMFS",2008,4,24,115,30.05,42.613323,-69.609823,0,0,0,0,0,"AL",0.038
"7595",515,"200803.305.1280.4","NMFS",2008,4,24,115,30.03,42.405355,-69.53685,0,0,0,0,0,"AL",0.038
"7596",514,"200803.306.3580.1","NMFS",2008,4,29,120,30,41.770923,-70.385945,7,3,4,2,5,"AL",0.038
"7597",514,"200803.307.3590.1","NMFS",2008,4,29,120,30.03,41.93811,-70.149978,2,1,1,1,1,"AL",0.038
"7598",514,"200803.308.3600.1","NMFS",2008,4,29,120,30.1,41.938463,-70.479112,12,4,8,10,2,"AL",0.038
"7599",514,"200803.309.3600.2","NMFS",2008,4,29,120,30.05,41.975043,-70.48006,28,11,17,24,4,"AL",0.038
"7600",514,"200803.310.3610.2","NMFS",2008,4,29,120,30.02,42.058198,-70.396737,5,1,4,5,0,"AL",0.038
"7601",514,"200803.311.3610.1","NMFS",2008,4,29,120,30.02,42.10116,-70.225287,8,4,4,8,0,"AL",0.038
"7602",514,"200803.312.1260.4","NMFS",2008,4,29,120,30.13,42.26965,-70.273985,1,1,0,1,0,"AL",0.038
"7603",514,"200803.313.3660.2","NMFS",2008,4,29,120,30.02,42.26719,-70.551002,6,3,3,6,0,"AL",0.038
"7604",514,"200803.316.3660.4","NMFS",2008,4,30,121,30.07,42.394882,-70.706242,15,8,7,15,0,"AL",0.038
"7605",514,"200803.318.1260.2","NMFS",2008,4,30,121,29.93,42.557238,-70.482845,2,0,2,2,0,"AL",0.038
"7606",514,"200803.320.1260.6","NMFS",2008,4,30,121,29.95,42.664982,-70.37047,2,1,1,2,0,"AL",0.038
"7607",514,"200803.321.3650.2","NMFS",2008,4,30,121,29.9,42.740365,-70.632893,23,8,15,22,1,"AL",0.038
"7608",514,"200803.322.3630.1","NMFS",2008,4,30,121,30.17,42.698083,-70.704512,1,0,1,1,0,"AL",0.038
"7609",513,"200803.323.3640.1","NMFS",2008,4,30,121,30,42.853362,-70.754932,1,0,1,1,0,"AL",0.038
"7610",513,"200803.324.1400.3","NMFS",2008,4,30,121,30.05,42.833647,-70.519185,3,2,1,3,0,"AL",0.038
"7611",513,"200803.325.1270.3","NMFS",2008,5,1,122,30,43.146975,-70.246293,8,6,2,8,0,"AL",0.038
"7612",513,"200803.326.1400.1","NMFS",2008,5,1,122,29.88,43.380165,-70.194753,10,0,10,7,3,"AL",0.038
"7613",513,"200803.327.1380.4","NMFS",2008,5,1,122,30.2,43.357267,-69.780893,0,0,0,0,0,"AL",0.038
"7614",513,"200803.328.1260.5","NMFS",2008,5,1,122,30.03,43.092823,-70.015188,2,2,0,2,0,"AL",0.038
"7615",513,"200803.329.1280.6","NMFS",2008,5,1,122,30,43.064312,-69.910408,1,1,0,1,0,"AL",0.038
"7616",513,"200803.330.1270.4","NMFS",2008,5,1,122,29.97,42.887607,-69.978525,2,2,0,2,0,"AL",0.038
"7617",514,"200803.331.1260.1","NMFS",2008,5,1,122,30.03,42.599332,-70.084763,0,0,0,0,0,"AL",0.038
"7618",514,"200803.332.1270.1","NMFS",2008,5,1,122,30.12,42.632805,-69.966807,1,1,0,1,0,"AL",0.038
"7619",521,"200803.333.1270.2","NMFS",2008,5,2,123,30,42.18171,-69.865138,1,1,0,1,0,"AL",0.038
"7620",515,"200803.334.1280.7","NMFS",2008,5,2,123,29.95,42.356653,-69.37798,1,1,0,1,0,"AL",0.038
"7621",521,"200803.335.1280.2","NMFS",2008,5,2,123,30.52,42.270945,-69.209532,0,0,0,0,0,"AL",0.038
"7622",521,"200803.336.1240.4","NMFS",2008,5,2,123,30.02,41.809665,-69.194213,0,0,0,0,0,"AL",0.038
"7623",521,"200803.337.3560.1","NMFS",2008,5,2,123,30,41.904327,-69.944415,14,4,10,14,0,"AL",0.038
"7624",521,"200803.340.3550.2","NMFS",2008,5,2,123,29.98,41.262107,-69.523112,0,0,0,0,0,"AL",0.038
"7625",521,"200803.341.3550.4","NMFS",2008,5,3,124,29.95,41.177463,-69.543725,0,0,0,0,0,"AL",0.038
"7626",526,"200803.342.3550.3","NMFS",2008,5,3,124,28.42,41.066118,-69.51808,1,0,1,1,0,"AL",0.038
"7627",521,"200803.344.3550.5","NMFS",2008,5,3,124,30.03,41.221652,-69.678763,0,0,0,0,0,"AL",0.038
"7628",526,"200902.196.1100.7","NMFS",2009,4,1,91,20.02,40.232537,-69.892372,0,0,0,0,0,"HB",0.024
"7629",526,"200902.197.1100.10","NMFS",2009,4,1,91,20.02,40.153148,-69.679132,0,0,0,0,0,"HB",0.024
"7630",526,"200902.198.1100.1","NMFS",2009,4,1,91,20.05,40.099278,-69.656318,0,0,0,0,0,"HB",0.024
"7631",526,"200902.200.1110.2","NMFS",2009,4,2,92,20.02,39.933902,-69.704047,0,0,0,0,0,"HB",0.024
"7632",526,"200902.201.1110.4","NMFS",2009,4,2,92,20.03,39.960022,-69.43301,0,0,0,0,0,"HB",0.024
"7633",526,"200902.202.1100.9","NMFS",2009,4,2,92,20.03,40.276257,-69.312005,2,1,1,1,1,"HB",0.024
"7634",526,"200902.203.1110.5","NMFS",2009,4,2,92,20.02,40.104747,-69.19557,0,0,0,0,0,"HB",0.024
"7635",526,"200902.204.1110.3","NMFS",2009,4,2,92,20.02,40.176545,-68.96909,13,8,5,13,0,"HB",0.024
"7636",526,"200902.206.1100.11","NMFS",2009,4,2,92,20.02,40.469768,-69.05081,0,0,0,0,0,"HB",0.024
"7637",526,"200902.207.1100.4","NMFS",2009,4,2,92,20.03,40.610925,-69.041128,0,0,0,0,0,"HB",0.024
"7638",522,"200902.211.1190.3","NMFS",2009,4,3,93,20.02,41.012477,-68.623315,0,0,0,0,0,"HB",0.024
"7639",525,"200902.212.1190.1","NMFS",2009,4,3,93,20.03,40.897622,-68.374835,2,1,1,1,1,"HB",0.024
"7640",525,"200902.213.1190.7","NMFS",2009,4,3,93,20.03,40.83043,-68.487458,0,0,0,0,0,"HB",0.024
"7641",525,"200902.214.1130.4","NMFS",2009,4,3,93,20.02,40.69153,-68.709737,1,0,1,1,0,"HB",0.024
"7642",525,"200902.216.1130.12","NMFS",2009,4,3,93,20.02,40.349887,-68.819792,0,0,0,0,0,"HB",0.024
"7643",521,"200902.218.1230.1","NMFS",2009,4,3,93,20.02,41.013678,-68.894157,0,0,0,0,0,"HB",0.024
"7644",521,"200902.219.1240.1","NMFS",2009,4,4,94,20.02,41.514935,-69.118563,0,0,0,0,0,"HB",0.024
"7645",521,"200902.220.1240.6","NMFS",2009,4,4,94,20.05,41.682022,-69.509142,4,3,1,4,0,"HB",0.024
"7646",521,"200902.223.3560.1","NMFS",2009,4,4,94,20.02,41.824037,-69.902963,0,0,0,0,0,"HB",0.024
"7647",521,"200902.224.1230.6","NMFS",2009,4,4,94,20.02,41.987942,-69.816108,6,6,0,6,0,"HB",0.024
"7648",521,"200902.225.1270.2","NMFS",2009,4,4,94,20.05,42.156103,-69.801362,3,3,0,3,0,"HB",0.024
"7649",521,"200902.226.1280.7","NMFS",2009,4,4,94,20.03,42.019375,-69.542347,3,3,0,3,0,"HB",0.024
"7650",521,"200902.227.1280.4","NMFS",2009,4,5,95,20.02,41.927627,-69.189632,0,0,0,0,0,"HB",0.024
"7651",522,"200902.228.1240.5","NMFS",2009,4,5,95,20.02,42.018288,-68.820152,0,0,0,0,0,"HB",0.024
"7652",522,"200902.229.1240.3","NMFS",2009,4,5,95,20.03,42.04965,-68.481775,0,0,0,0,0,"HB",0.024
"7653",522,"200902.230.1200.2","NMFS",2009,4,5,95,20.12,41.68715,-68.32228,0,0,0,0,0,"HB",0.024
"7654",522,"200902.231.1220.3","NMFS",2009,4,5,95,20.02,41.806668,-68.260793,2,2,0,2,0,"HB",0.024
"7655",522,"200902.232.1220.1","NMFS",2009,4,5,95,20.03,41.901808,-68.086938,0,0,0,0,0,"HB",0.024
"7656",522,"200902.233.1210.2","NMFS",2009,4,5,95,20.05,41.817557,-68.04506,0,0,0,0,0,"HB",0.024
"7657",522,"200902.234.1200.5","NMFS",2009,4,5,95,20,41.816003,-67.993468,0,0,0,0,0,"HB",0.024
"7658",562,"200902.237.1190.6","NMFS",2009,4,6,96,20.03,41.549942,-67.516827,0,0,0,0,0,"HB",0.024
"7659",562,"200902.238.1190.5","NMFS",2009,4,6,96,20.02,41.428932,-67.507328,0,0,0,0,0,"HB",0.024
"7660",522,"200902.240.1200.1","NMFS",2009,4,6,96,20.03,41.285422,-68.306553,1,0,1,1,0,"HB",0.024
"7661",522,"200902.241.1230.4","NMFS",2009,4,6,96,20.02,41.273005,-68.687347,0,0,0,0,0,"HB",0.024
"7662",522,"200902.242.1230.2","NMFS",2009,4,6,96,20.03,41.187278,-68.782615,0,0,0,0,0,"HB",0.024
"7663",522,"200902.243.1230.3","NMFS",2009,4,6,96,20.03,41.260668,-68.808782,0,0,0,0,0,"HB",0.024
"7664",514,"200902.245.3610.1","NMFS",2009,4,7,97,20.03,42.120152,-70.146665,46,21,25,44,2,"HB",0.024
"7665",514,"200902.246.3610.3","NMFS",2009,4,7,97,20.03,42.065565,-70.293418,26,7,19,25,1,"HB",0.024
"7666",514,"200902.249.3590.2","NMFS",2009,4,7,97,20.02,41.867428,-70.241755,0,0,0,0,0,"HB",0.024
"7667",514,"200902.250.3590.1","NMFS",2009,4,7,97,20.02,41.82196,-70.344553,0,0,0,0,0,"HB",0.024
"7668",514,"200902.251.3600.3","NMFS",2009,4,7,97,20.03,41.89781,-70.399677,23,9,14,22,1,"HB",0.024
"7669",514,"200902.252.3610.2","NMFS",2009,4,7,97,20.03,42.115157,-70.47319,24,13,11,24,0,"HB",0.024
"7670",521,"200902.254.1270.4","NMFS",2009,4,8,98,20.03,42.184617,-69.998713,19,12,7,19,0,"HB",0.024
"7671",514,"200902.255.3560.3","NMFS",2009,4,8,98,20.05,42.025148,-70.01553,0,0,0,0,0,"HB",0.024
"7672",515,"200902.256.1280.5","NMFS",2009,4,8,98,20.03,42.395243,-69.356445,0,0,0,0,0,"HB",0.024
"7673",515,"200902.257.1280.3","NMFS",2009,4,8,98,20.05,42.551883,-69.145797,0,0,0,0,0,"HB",0.024
"7674",515,"200902.258.1280.6","NMFS",2009,4,8,98,20.03,42.42026,-69.12881,3,3,0,3,0,"HB",0.024
"7675",521,"200902.259.1240.7","NMFS",2009,4,8,98,20.13,42.185003,-69.022498,2,2,0,2,0,"HB",0.024
"7676",522,"200902.260.1240.2","NMFS",2009,4,8,98,20.03,42.259218,-68.761952,0,0,0,0,0,"HB",0.024
"7677",522,"200902.261.1240.4","NMFS",2009,4,9,99,20.03,42.20659,-68.731827,1,1,0,1,0,"HB",0.024
"7678",521,"200902.262.1240.8","NMFS",2009,4,9,99,20.02,41.716337,-69.012702,1,1,0,1,0,"HB",0.024
"7679",521,"200902.263.1250.4","NMFS",2009,4,9,99,20.02,41.566728,-69.528095,4,2,2,4,0,"HB",0.024
"7680",521,"200902.264.1230.5","NMFS",2009,4,9,99,20.08,41.480845,-69.32864,0,0,0,0,0,"HB",0.024
"7681",521,"200902.267.1250.1","NMFS",2009,4,9,99,20.02,41.45531,-69.464488,19,11,8,16,3,"HB",0.024
"7682",526,"200902.268.1090.5","NMFS",2009,4,9,99,20.08,40.643102,-69.660702,0,0,0,0,0,"HB",0.024
"7683",526,"200902.269.1090.4","NMFS",2009,4,9,99,20.02,40.726753,-69.908035,0,0,0,0,0,"HB",0.024
"7684",525,"200902.272.1140.4","NMFS",2009,4,15,105,20.03,40.224888,-68.696675,0,0,0,0,0,"HB",0.024
"7685",525,"200902.275.1130.9","NMFS",2009,4,15,105,20.02,40.52332,-68.164095,1,1,0,1,0,"HB",0.024
"7686",525,"200902.276.1130.2","NMFS",2009,4,15,105,20.02,40.718573,-67.847423,0,0,0,0,0,"HB",0.024
"7687",525,"200902.277.1130.5","NMFS",2009,4,15,105,20.18,40.685063,-67.597632,0,0,0,0,0,"HB",0.024
"7688",525,"200902.278.1140.2","NMFS",2009,4,16,106,20.02,40.431088,-67.574842,0,0,0,0,0,"HB",0.024
"7689",525,"200902.279.1150.2","NMFS",2009,4,16,106,20.07,40.450735,-67.334532,3,1,2,3,0,"HB",0.024
"7690",525,"200902.280.1150.1","NMFS",2009,4,17,107,20.03,40.499202,-67.14491,33,28,5,33,0,"HB",0.024
"7691",525,"200902.281.1140.3","NMFS",2009,4,17,107,20.17,40.600347,-67.219797,0,0,0,0,0,"HB",0.024
"7692",525,"200902.283.1130.8","NMFS",2009,4,17,107,20.02,40.853158,-67.216955,0,0,0,0,0,"HB",0.024
"7693",562,"200902.285.1150.4","NMFS",2009,4,17,107,20.02,40.726697,-66.808452,3,3,0,3,0,"HB",0.024
"7694",562,"200902.286.1170.2","NMFS",2009,4,17,107,20.03,40.819395,-66.751957,0,0,0,0,0,"HB",0.024
"7695",562,"200902.287.1160.2","NMFS",2009,4,17,107,20.03,40.97894,-66.683732,0,0,0,0,0,"HB",0.024
"7696",562,"200902.288.1180.1","NMFS",2009,4,17,107,20.03,41.038827,-66.436837,0,0,0,0,0,"HB",0.024
"7697",562,"200902.289.1170.1","NMFS",2009,4,18,108,20.1,41.092402,-66.45649,3,3,0,3,0,"HB",0.024
"7698",562,"200902.290.1160.11","NMFS",2009,4,18,108,20.02,41.259683,-66.487943,0,0,0,0,0,"HB",0.024
"7699",562,"200902.291.1160.6","NMFS",2009,4,18,108,20.03,41.05396,-66.736487,0,0,0,0,0,"HB",0.024
"7700",562,"200902.292.1160.5","NMFS",2009,4,18,108,20.03,41.07018,-67.12964,0,0,0,0,0,"HB",0.024
"7701",562,"200902.293.1160.1","NMFS",2009,4,18,108,20.02,41.282373,-66.982058,0,0,0,0,0,"HB",0.024
"7702",562,"200902.294.1160.7","NMFS",2009,4,18,108,20.02,41.34663,-66.891277,0,0,0,0,0,"HB",0.024
"7703",562,"200902.295.1190.8","NMFS",2009,4,18,108,20.02,41.381662,-67.184168,0,0,0,0,0,"HB",0.024
"7704",562,"200902.296.1190.4","NMFS",2009,4,18,108,20.02,41.69537,-67.289173,8,5,3,3,5,"HB",0.024
"7705",562,"200902.297.1190.2","NMFS",2009,4,18,108,20.03,41.720987,-67.295102,5,0,5,5,0,"HB",0.024
"7706",562,"200902.298.1160.9","NMFS",2009,4,18,108,20.05,41.5685,-66.91859,0,0,0,0,0,"HB",0.024
"7707",562,"200902.299.1160.13","NMFS",2009,4,18,108,20.02,41.53391,-66.772328,0,0,0,0,0,"HB",0.024
"7708",552,"200902.300.1160.10","NMFS",2009,4,19,109,20.05,41.658688,-66.575117,0,0,0,0,0,"HB",0.024
"7709",552,"200902.301.1160.12","NMFS",2009,4,19,109,20.03,41.801738,-66.50615,2,1,1,2,0,"HB",0.024
"7710",552,"200902.302.1160.4","NMFS",2009,4,19,109,20.05,41.311392,-66.28477,0,0,0,0,0,"HB",0.024
"7711",552,"200902.303.1180.2","NMFS",2009,4,19,109,20.02,41.366848,-66.034878,86,84,2,86,0,"HB",0.024
"7712",552,"200902.304.1170.3","NMFS",2009,4,19,109,20.03,41.760697,-65.87607,3,2,1,3,0,"HB",0.024
"7713",551,"200902.305.1180.3","NMFS",2009,4,19,109,20.03,41.928418,-65.725677,0,0,0,0,0,"HB",0.024
"7714",552,"200902.306.1160.8","NMFS",2009,4,19,109,20.05,41.80598,-66.013998,0,0,0,0,0,"HB",0.024
"7715",551,"200902.307.1160.14","NMFS",2009,4,19,109,20.02,41.86042,-66.255965,1,1,0,1,0,"HB",0.024
"7716",551,"200902.308.1160.3","NMFS",2009,4,20,110,20.02,42.068917,-66.26447,0,0,0,0,0,"HB",0.024
"7717",464,"200902.309.1290.6","NMFS",2009,4,20,110,20.07,42.195213,-65.78635,1,1,0,1,0,"HB",0.024
"7718",551,"200902.310.1290.8","NMFS",2009,4,20,110,20.02,42.191535,-66.066358,3,3,0,3,0,"HB",0.024
"7719",464,"200902.311.1290.1","NMFS",2009,4,20,110,20.03,42.381433,-66.285253,1,1,0,1,0,"HB",0.024
"7720",551,"200902.313.1290.4","NMFS",2009,4,20,110,20.02,42.308755,-66.528883,2,2,0,2,0,"HB",0.024
"7721",551,"200902.314.1210.4","NMFS",2009,4,20,110,20.02,42.102933,-66.606482,0,0,0,0,0,"HB",0.024
"7722",551,"200902.315.1220.4","NMFS",2009,4,20,110,20.05,42.188427,-66.975975,7,5,2,7,0,"HB",0.024
"7723",561,"200902.316.1210.1","NMFS",2009,4,20,110,20.03,42.116008,-67.327238,0,0,0,0,0,"HB",0.024
"7724",561,"200902.317.1200.4","NMFS",2009,4,21,111,20.02,41.987698,-67.505495,0,0,0,0,0,"HB",0.024
"7725",522,"200902.318.1210.3","NMFS",2009,4,21,111,20.03,42.01243,-67.783105,0,0,0,0,0,"HB",0.024
"7726",561,"200902.319.1220.2","NMFS",2009,4,21,111,20.02,42.150197,-67.550973,4,3,1,4,0,"HB",0.024
"7727",464,"200902.320.1290.2","NMFS",2009,4,21,111,20.02,42.475163,-67.582835,1,0,1,1,0,"HB",0.024
"7728",513,"200902.322.1260.3","NMFS",2009,4,21,111,20.07,43.177055,-70.003107,3,3,0,3,0,"HB",0.024
"7729",513,"200902.323.1260.4","NMFS",2009,4,22,112,20.05,42.867938,-70.186747,7,6,1,6,1,"HB",0.024
"7730",514,"200902.324.1260.1","NMFS",2009,4,22,112,20.02,42.731093,-70.27978,3,3,0,3,0,"HB",0.024
"7731",514,"200902.327.1270.1","NMFS",2009,4,22,112,20.03,42.701742,-69.998933,1,1,0,1,0,"HB",0.024
"7732",514,"200902.328.1270.5","NMFS",2009,4,22,112,20.05,42.594458,-70.030575,1,1,0,1,0,"HB",0.024
"7733",514,"200902.329.1270.3","NMFS",2009,4,22,112,20.03,42.350345,-70.021772,7,7,0,7,0,"HB",0.024
"7734",514,"200902.330.1260.5","NMFS",2009,4,22,112,20.03,42.313922,-70.327458,9,4,5,9,0,"HB",0.024
"7735",514,"200902.331.1260.2","NMFS",2009,4,22,112,20.03,42.39689,-70.531932,7,1,6,7,0,"HB",0.024
"7736",514,"200902.332.3640.2","NMFS",2009,4,22,112,20.03,42.347657,-70.82341,180,93,87,148,32,"HB",0.024
"7737",514,"200902.333.3650.1","NMFS",2009,4,23,113,20.03,42.36905,-70.723545,87,40,47,75,12,"HB",0.024
"7738",514,"200902.334.3660.3","NMFS",2009,4,23,113,20.03,42.410448,-70.677388,60,25,35,59,1,"HB",0.024
"7739",514,"200902.335.3660.2","NMFS",2009,4,23,113,20.02,42.53601,-70.605702,29,9,20,28,1,"HB",0.024
"7740",513,"200902.336.3640.1","NMFS",2009,4,23,113,20.02,42.835897,-70.762285,4,1,3,3,1,"HB",0.024
"7741",514,"200902.337.1400.3","NMFS",2009,4,23,113,20.03,42.77404,-70.59261,13,5,8,11,2,"HB",0.024
"7742",514,"200902.338.3660.1","NMFS",2009,4,23,113,20,42.733992,-70.575217,35,19,16,21,14,"HB",0.024
"7743",514,"200902.340.3650.3","NMFS",2009,4,23,113,16.05,42.704788,-70.568345,80,39,41,43,37,"HB",0.024
"7744",514,"200902.341.3650.4","NMFS",2009,4,23,113,20.02,42.314765,-70.709588,25,13,12,24,1,"HB",0.024
"7745",515,"200902.342.1280.1","NMFS",2009,4,28,118,20.05,42.684055,-69.491002,0,0,0,0,0,"HB",0.024
"7746",515,"200902.343.1370.6","NMFS",2009,4,29,119,20.07,42.944193,-68.903453,3,3,0,3,0,"HB",0.024
"7747",515,"200902.344.1370.1","NMFS",2009,4,29,119,20.03,42.97359,-68.825643,1,1,0,1,0,"HB",0.024
"7748",515,"200902.345.1280.2","NMFS",2009,4,29,119,20.12,42.647638,-68.62453,0,0,0,0,0,"HB",0.024
"7749",515,"200902.346.1290.10","NMFS",2009,4,29,119,20.02,42.544323,-68.272873,0,0,0,0,0,"HB",0.024
"7750",464,"200902.347.1290.11","NMFS",2009,4,29,119,20.08,42.563182,-67.658892,1,1,0,1,0,"HB",0.024
"7751",551,"200902.348.1300.2","NMFS",2009,4,29,119,20.03,42.329438,-67.245837,1,1,0,1,0,"HB",0.024
"7752",551,"200902.349.1290.7","NMFS",2009,4,29,119,20.2,42.307772,-67.212358,2,2,0,2,0,"HB",0.024
"7753",464,"200902.350.1300.1","NMFS",2009,4,29,119,20.05,42.520395,-66.933078,8,7,1,8,0,"HB",0.024
"7754",464,"200902.351.1300.3","NMFS",2009,4,30,120,20.03,42.513458,-67.113962,4,4,0,4,0,"HB",0.024
"7755",464,"200902.352.1290.9","NMFS",2009,4,30,120,20.03,42.727825,-67.300972,0,0,0,0,0,"HB",0.024
"7756",464,"200902.353.1360.9","NMFS",2009,4,30,120,20.02,42.881548,-67.037917,3,2,1,3,0,"HB",0.024
"7757",464,"200902.354.1360.11","NMFS",2009,4,30,120,20.03,42.917183,-67.308622,6,6,0,6,0,"HB",0.024
"7758",515,"200902.357.1360.13","NMFS",2009,4,30,120,20.02,43.146507,-67.844877,20,18,2,20,0,"HB",0.024
"7759",465,"200902.358.1360.8","NMFS",2009,4,30,120,20.07,43.10117,-67.29189,0,0,0,0,0,"HB",0.024
"7760",464,"200902.359.1340.4","NMFS",2009,5,1,121,20.05,42.952673,-66.889777,0,0,0,0,0,"HB",0.024
"7761",465,"200902.360.1340.3","NMFS",2009,5,1,121,20.03,43.37901,-66.639122,3,2,1,3,0,"HB",0.024
"7762",465,"200902.361.1340.5","NMFS",2009,5,1,121,20.13,43.459128,-66.588742,5,2,3,5,0,"HB",0.024
"7763",465,"200902.362.1340.6","NMFS",2009,5,1,121,20.02,43.681822,-66.640652,2,0,2,2,0,"HB",0.024
"7764",465,"200902.363.1340.2","NMFS",2009,5,1,121,20.02,43.690878,-66.864905,18,10,8,18,0,"HB",0.024
"7765",511,"200902.364.1351.4","NMFS",2009,5,1,121,20.4,44.387675,-67.016772,3,3,0,3,0,"HB",0.024
"7766",511,"200902.365.1351.1","NMFS",2009,5,2,122,20.02,44.314613,-66.84761,10,4,6,10,0,"HB",0.024
"7767",511,"200902.366.1351.3","NMFS",2009,5,2,122,20.03,44.18788,-67.182057,0,0,0,0,0,"HB",0.024
"7768",511,"200902.367.1340.1","NMFS",2009,5,2,122,20.02,44.030427,-67.171478,2,2,0,2,0,"HB",0.024
"7769",511,"200902.368.1340.7","NMFS",2009,5,2,122,20.05,43.941317,-67.298835,1,1,0,1,0,"HB",0.024
"7770",465,"200902.369.1360.3","NMFS",2009,5,2,122,20.03,43.805492,-67.509757,3,2,1,3,0,"HB",0.024
"7771",465,"200902.370.1360.2","NMFS",2009,5,2,122,20.07,43.81342,-67.551042,2,2,0,2,0,"HB",0.024
"7772",511,"200902.371.1360.5","NMFS",2009,5,2,122,20.02,43.904997,-67.635895,7,5,2,7,0,"HB",0.024
"7773",511,"200902.373.1380.9","NMFS",2009,5,2,122,20.02,44.23056,-67.519712,6,4,2,6,0,"HB",0.024
"7774",511,"200902.374.1351.2","NMFS",2009,5,2,122,20.05,44.347298,-67.220523,0,0,0,0,0,"HB",0.024
"7775",511,"200902.375.1390.5","NMFS",2009,5,3,123,20.02,44.282018,-67.661512,10,7,3,10,0,"HB",0.024
"7776",512,"200902.376.1380.7","NMFS",2009,5,3,123,20.03,44.061742,-67.86158,12,9,3,11,1,"HB",0.024
"7777",512,"200902.377.1390.3","NMFS",2009,5,3,123,20.03,44.14809,-67.89951,17,9,8,17,0,"HB",0.024
"7778",512,"200902.378.1390.1","NMFS",2009,5,3,123,20.03,44.164612,-68.025423,96,56,40,80,16,"HB",0.024
"7779",512,"200902.379.1390.2","NMFS",2009,5,3,123,19.23,43.916862,-68.511557,13,7,6,13,0,"HB",0.024
"7780",512,"200902.380.1380.2","NMFS",2009,5,3,123,20.02,43.868143,-68.219473,5,2,3,5,0,"HB",0.024
"7781",512,"200902.381.1380.5","NMFS",2009,5,3,123,20.02,43.863938,-68.174213,0,0,0,0,0,"HB",0.024
"7782",512,"200902.382.1360.6","NMFS",2009,5,3,123,20.03,43.724255,-68.01716,4,3,1,4,0,"HB",0.024
"7783",512,"200902.383.1360.1","NMFS",2009,5,4,124,20.02,43.644013,-67.911157,4,4,0,4,0,"HB",0.024
"7784",512,"200902.384.1360.7","NMFS",2009,5,4,124,20.03,43.475575,-68.044577,5,5,0,5,0,"HB",0.024
"7785",512,"200902.385.1360.10","NMFS",2009,5,4,124,20.03,43.396997,-68.164092,4,3,1,4,0,"HB",0.024
"7786",512,"200902.386.1380.8","NMFS",2009,5,4,124,20.03,43.61087,-68.350528,3,3,0,3,0,"HB",0.024
"7787",512,"200902.387.1380.4","NMFS",2009,5,4,124,20.03,43.583638,-68.573767,2,2,0,2,0,"HB",0.024
"7788",515,"200902.388.1370.2","NMFS",2009,5,4,124,20.03,43.237533,-68.637385,0,0,0,0,0,"HB",0.024
"7789",515,"200902.389.1370.5","NMFS",2009,5,4,124,20.02,43.18666,-68.855505,3,3,0,2,1,"HB",0.024
"7790",515,"200902.390.1370.4","NMFS",2009,5,4,124,20.08,43.186635,-68.965482,4,4,0,4,0,"HB",0.024
"7791",513,"200902.391.1370.7","NMFS",2009,5,4,124,20.03,43.155533,-69.282273,1,1,0,1,0,"HB",0.024
"7792",513,"200902.392.1370.3","NMFS",2009,5,4,124,20.02,43.27202,-69.298038,3,3,0,3,0,"HB",0.024
"7793",513,"200902.393.1380.6","NMFS",2009,5,5,125,20.05,43.48068,-69.114043,0,0,0,0,0,"HB",0.024
"7794",512,"200902.394.1380.3","NMFS",2009,5,5,125,20.03,43.449465,-68.8986,11,8,3,11,0,"HB",0.024
"7795",512,"200902.395.1390.4","NMFS",2009,5,5,125,20.02,43.833165,-69.064805,354,153,201,206,148,"HB",0.024
"7796",512,"200902.396.1400.4","NMFS",2009,5,5,125,20.25,43.78107,-69.097648,104,51,53,83,21,"HB",0.024
"7797",513,"200902.397.1400.2","NMFS",2009,5,5,125,20.02,43.77537,-69.386855,209,97,112,128,81,"HB",0.024
"7798",513,"200902.398.1400.1","NMFS",2009,5,5,125,20.08,43.568323,-69.95469,31,17,14,26,5,"HB",0.024
"7799",513,"200902.399.1270.7","NMFS",2009,5,6,126,20.05,43.229558,-70.135063,4,4,0,4,0,"HB",0.024
"7800",513,"200902.400.1270.6","NMFS",2009,5,6,126,20.02,43.02797,-70.156175,2,2,0,2,0,"HB",0.024
"7801",514,"200902.401.1260.8","NMFS",2009,5,6,126,20.08,42.564615,-70.23561,2,0,2,2,0,"HB",0.024
"7802",521,"200902.410.1230.9","NMFS",2009,5,7,127,20.03,41.6521,-69.581917,4,3,1,4,0,"HB",0.024
"7803",521,"200902.411.1230.8","NMFS",2009,5,7,127,20.02,41.269437,-69.268713,0,0,0,0,0,"HB",0.024
"7804",521,"200902.412.1230.7","NMFS",2009,5,7,127,20.02,41.191862,-69.097347,0,0,0,0,0,"HB",0.024
"7805",521,"200902.413.1250.7","NMFS",2009,5,7,127,20.02,41.078932,-69.29419,1,1,0,1,0,"HB",0.024
"7806",526,"200902.414.1100.13","NMFS",2009,5,7,127,20.05,40.940128,-69.056005,1,1,0,1,0,"HB",0.024
"7807",526,"200902.415.1100.12","NMFS",2009,5,8,128,20.03,40.653508,-69.16488,0,0,0,0,0,"HB",0.024
"7808",526,"200902.416.1090.7","NMFS",2009,5,8,128,20.02,40.691728,-69.383733,0,0,0,0,0,"HB",0.024
"7809",526,"201001.208.1110.4","NMFS",2010,4,1,91,20.02,39.980697,-69.692638,0,0,0,0,0,"HB",0.024
"7810",526,"201001.209.1100.9","NMFS",2010,4,1,91,20.03,40.1834,-69.758873,0,0,0,0,0,"HB",0.024
"7811",526,"201001.210.1100.6","NMFS",2010,4,2,92,20.03,40.015605,-69.483932,0,0,0,0,0,"HB",0.024
"7812",526,"201001.211.1110.3","NMFS",2010,4,2,92,20.03,39.969328,-69.389782,0,0,0,0,0,"HB",0.024
"7813",526,"201001.212.1120.3","NMFS",2010,4,2,92,20.03,40.018372,-69.117488,4,3,1,3,1,"HB",0.024
"7814",526,"201001.213.1110.2","NMFS",2010,4,2,92,20.02,40.072428,-69.163953,0,0,0,0,0,"HB",0.024
"7815",526,"201001.214.1100.8","NMFS",2010,4,2,92,20.02,40.462978,-69.476545,0,0,0,0,0,"HB",0.024
"7816",526,"201001.215.1100.7","NMFS",2010,4,2,92,20.07,40.60214,-68.892182,0,0,0,0,0,"HB",0.024
"7817",525,"201001.216.1130.5","NMFS",2010,4,2,92,20.03,40.72486,-68.782795,0,0,0,0,0,"HB",0.024
"7818",525,"201001.218.1130.10","NMFS",2010,4,2,92,20.02,40.671977,-68.647428,0,0,0,0,0,"HB",0.024
"7819",525,"201001.219.1130.7","NMFS",2010,4,2,92,20.02,40.592293,-68.705848,0,0,0,0,0,"HB",0.024
"7820",525,"201001.220.1130.1","NMFS",2010,4,3,93,20.03,40.30182,-68.788198,0,0,0,0,0,"HB",0.024
"7821",525,"201001.221.1140.2","NMFS",2010,4,3,93,20.03,40.146523,-68.735977,0,0,0,0,0,"HB",0.024
"7822",525,"201001.223.1140.4","NMFS",2010,4,3,93,20.02,40.316633,-68.495852,0,0,0,0,0,"HB",0.024
"7823",525,"201001.224.1130.4","NMFS",2010,4,3,93,20.03,40.602762,-68.080463,0,0,0,0,0,"HB",0.024
"7824",525,"201001.225.1130.6","NMFS",2010,4,3,93,20.05,40.767197,-68.182362,0,0,0,0,0,"HB",0.024
"7825",525,"201001.226.1130.9","NMFS",2010,4,3,93,20.07,40.724565,-67.884408,0,0,0,0,0,"HB",0.024
"7826",525,"201001.227.1140.1","NMFS",2010,4,3,93,20.08,40.519512,-67.668395,0,0,0,0,0,"HB",0.024
"7827",525,"201001.228.1130.3","NMFS",2010,4,3,93,20.03,40.635355,-67.563608,0,0,0,0,0,"HB",0.024
"7828",525,"201001.229.1130.8","NMFS",2010,4,3,93,20.02,40.84946,-67.506495,0,0,0,0,0,"HB",0.024
"7829",525,"201001.230.1140.3","NMFS",2010,4,3,93,20.03,40.6186,-67.133043,0,0,0,0,0,"HB",0.024
"7830",525,"201001.231.1150.3","NMFS",2010,4,4,94,20.02,40.553525,-67.092895,0,0,0,0,0,"HB",0.024
"7831",525,"201001.232.1150.1","NMFS",2010,4,4,94,20.03,40.717165,-66.84881,0,0,0,0,0,"HB",0.024
"7832",562,"201001.233.1170.3","NMFS",2010,4,4,94,20.03,40.857895,-66.721262,4,3,1,4,0,"HB",0.024
"7833",562,"201001.234.1160.4","NMFS",2010,4,4,94,20.03,41.029898,-66.684793,0,0,0,0,0,"HB",0.024
"7834",562,"201001.235.1160.10","NMFS",2010,4,4,94,20.02,41.01138,-66.915743,0,0,0,0,0,"HB",0.024
"7835",562,"201001.236.1160.7","NMFS",2010,4,4,94,20.05,41.309727,-66.705632,1,1,0,1,0,"HB",0.024
"7836",562,"201001.237.1160.3","NMFS",2010,4,4,94,20.15,41.340907,-66.577865,0,0,0,0,0,"HB",0.024
"7837",562,"201001.238.1160.12","NMFS",2010,4,4,94,20.03,41.2483,-66.555907,0,0,0,0,0,"HB",0.024
"7838",562,"201001.239.1180.1","NMFS",2010,4,4,94,20.02,41.106193,-66.37969,0,0,0,0,0,"HB",0.024
"7839",552,"201001.240.1180.3","NMFS",2010,4,4,94,20.07,41.315962,-66.181033,3,3,0,3,0,"HB",0.024
"7840",552,"201001.241.1160.11","NMFS",2010,4,5,95,20.03,41.543508,-66.593668,0,0,0,0,0,"HB",0.024
"7841",552,"201001.242.1160.5","NMFS",2010,4,5,95,20.02,41.594693,-66.63834,0,0,0,0,0,"HB",0.024
"7842",551,"201001.243.1160.2","NMFS",2010,4,5,95,20.03,41.89414,-66.84838,0,0,0,0,0,"HB",0.024
"7843",551,"201001.244.1210.2","NMFS",2010,4,5,95,20.02,42.105098,-66.867732,1,0,1,1,0,"HB",0.024
"7844",551,"201001.245.1210.4","NMFS",2010,4,5,95,20.02,42.133718,-66.712933,11,7,4,11,0,"HB",0.024
"7845",551,"201001.246.1220.4","NMFS",2010,4,5,95,20.03,42.189613,-66.610837,17,15,2,17,0,"HB",0.024
"7846",551,"201001.247.1160.14","NMFS",2010,4,5,95,20.05,41.937595,-66.546242,3,2,1,3,0,"HB",0.024
"7847",551,"201001.248.1160.8","NMFS",2010,4,5,95,20.05,41.93415,-66.263485,0,0,0,0,0,"HB",0.024
"7848",552,"201001.249.1160.1","NMFS",2010,4,5,95,20.03,41.779075,-66.132303,0,0,0,0,0,"HB",0.024
"7849",552,"201001.250.1160.9","NMFS",2010,4,5,95,20.07,41.734673,-65.982908,2,2,0,2,0,"HB",0.024
"7850",552,"201001.251.1170.1","NMFS",2010,4,5,95,20.02,41.732065,-65.843855,4,4,0,4,0,"HB",0.024
"7851",552,"201001.252.1170.2","NMFS",2010,4,6,96,20.05,41.728515,-65.785138,0,0,0,0,0,"HB",0.024
"7852",551,"201001.254.1180.4","NMFS",2010,4,6,96,20.03,41.974587,-65.818372,1,1,0,1,0,"HB",0.024
"7853",464,"201001.255.1290.1","NMFS",2010,4,6,96,20.03,42.19045,-65.853393,0,0,0,0,0,"HB",0.024
"7854",464,"201001.256.1290.3","NMFS",2010,4,6,96,20.05,42.299697,-65.975467,6,6,0,6,0,"HB",0.024
"7855",464,"201001.257.1290.4","NMFS",2010,4,6,96,20.07,42.437687,-66.155765,2,2,0,2,0,"HB",0.024
"7856",464,"201001.258.1290.9","NMFS",2010,4,6,96,20.03,42.397355,-66.427907,9,9,0,9,0,"HB",0.024
"7857",464,"201001.259.1290.5","NMFS",2010,4,6,96,20.03,42.602438,-66.59181,0,0,0,0,0,"HB",0.024
"7858",464,"201001.260.1290.2","NMFS",2010,4,6,96,20.03,42.603322,-67.279495,6,4,2,6,0,"HB",0.024
"7859",464,"201001.261.1300.1","NMFS",2010,4,7,97,20.03,42.524112,-67.175655,4,2,2,4,0,"HB",0.024
"7860",464,"201001.262.1300.2","NMFS",2010,4,7,97,20.02,42.399025,-67.099492,17,15,2,17,0,"HB",0.024
"7861",464,"201001.263.1300.3","NMFS",2010,4,7,97,20.02,42.408275,-67.335355,11,10,1,11,0,"HB",0.024
"7862",551,"201001.264.1290.10","NMFS",2010,4,7,97,20.02,42.240815,-67.14612,7,7,0,7,0,"HB",0.024
"7863",561,"201001.265.1220.2","NMFS",2010,4,7,97,20.15,42.19153,-67.402108,9,8,1,9,0,"HB",0.024
"7864",561,"201001.266.1210.3","NMFS",2010,4,7,97,20.05,42.059533,-67.645485,2,1,1,2,0,"HB",0.024
"7865",526,"201001.268.1130.2","NMFS",2010,4,14,104,20.03,40.834655,-68.880443,1,0,1,1,0,"HB",0.024
"7866",526,"201001.269.1100.5","NMFS",2010,4,14,104,20.2,40.904058,-68.95807,0,0,0,0,0,"HB",0.024
"7867",521,"201001.270.1230.1","NMFS",2010,4,14,104,20.02,41.068533,-69.021647,0,0,0,0,0,"HB",0.024
"7868",521,"201001.271.1240.6","NMFS",2010,4,14,104,20.05,41.399503,-69.134383,1,0,1,1,0,"HB",0.024
"7869",521,"201001.272.1240.7","NMFS",2010,4,14,104,20.07,41.649163,-69.136292,8,8,0,8,0,"HB",0.024
"7870",522,"201001.273.1240.3","NMFS",2010,4,14,104,20.08,41.687038,-68.772783,6,6,0,6,0,"HB",0.024
"7871",522,"201001.274.1240.4","NMFS",2010,4,14,104,20.05,41.642695,-68.576043,15,12,3,15,0,"HB",0.024
"7872",522,"201001.275.1240.1","NMFS",2010,4,15,105,20.02,41.587543,-68.62267,0,0,0,0,0,"HB",0.024
"7873",522,"201001.276.1230.2","NMFS",2010,4,15,105,20.07,41.485147,-68.511203,0,0,0,0,0,"HB",0.024
"7874",522,"201001.277.1230.3","NMFS",2010,4,15,105,20.02,41.347322,-68.529803,1,0,1,1,0,"HB",0.024
"7875",522,"201001.278.1230.5","NMFS",2010,4,15,105,20.03,41.350475,-68.738132,0,0,0,0,0,"HB",0.024
"7876",522,"201001.279.1240.5","NMFS",2010,4,15,105,20.03,41.346047,-68.789725,8,4,4,8,0,"HB",0.024
"7877",522,"201001.280.1230.6","NMFS",2010,4,15,105,20.03,41.22456,-68.795722,0,0,0,0,0,"HB",0.024
"7878",522,"201001.281.1200.5","NMFS",2010,4,15,105,20.03,41.282848,-68.479168,0,0,0,0,0,"HB",0.024
"7879",522,"201001.282.1190.5","NMFS",2010,4,15,105,20.02,41.290917,-68.172185,1,1,0,1,0,"HB",0.024
"7880",525,"201001.283.1190.4","NMFS",2010,4,15,105,20.05,41.144605,-67.999957,0,0,0,0,0,"HB",0.024
"7881",525,"201001.284.1190.1","NMFS",2010,4,15,105,20.02,41.325187,-67.68018,0,0,0,0,0,"HB",0.024
"7882",525,"201001.285.1190.6","NMFS",2010,4,15,105,20.03,41.186875,-67.679997,0,0,0,0,0,"HB",0.024
"7883",562,"201001.286.1160.13","NMFS",2010,4,16,106,20.02,41.236258,-67.0536,0,0,0,0,0,"HB",0.024
"7884",562,"201001.287.1160.6","NMFS",2010,4,16,106,20.03,41.272695,-67.043935,0,0,0,0,0,"HB",0.024
"7885",562,"201001.288.1190.9","NMFS",2010,4,16,106,20.02,41.302947,-67.147432,0,0,0,0,0,"HB",0.024
"7886",562,"201001.289.1190.3","NMFS",2010,4,16,106,20.02,41.673912,-67.245212,5,2,3,4,1,"HB",0.024
"7887",562,"201001.290.1190.7","NMFS",2010,4,16,106,20.05,41.729208,-67.192352,2,2,0,2,0,"HB",0.024
"7888",561,"201001.293.1190.11","NMFS",2010,4,16,106,20.07,41.908623,-67.262877,1,1,0,1,0,"HB",0.024
"7889",561,"201001.294.1200.2","NMFS",2010,4,16,106,20.03,41.955938,-67.284218,1,1,0,1,0,"HB",0.024
"7890",561,"201001.295.1200.3","NMFS",2010,4,16,106,20.05,41.898938,-67.483702,1,0,1,1,0,"HB",0.024
"7891",522,"201001.296.1200.6","NMFS",2010,4,16,106,20.02,41.713838,-67.899612,0,0,0,0,0,"HB",0.024
"7892",522,"201001.298.1200.4","NMFS",2010,4,17,107,20.03,41.894472,-67.828192,0,0,0,0,0,"HB",0.024
"7893",522,"201001.299.1210.1","NMFS",2010,4,17,107,20.12,41.992473,-67.850163,0,0,0,0,0,"HB",0.024
"7894",522,"201001.300.1220.3","NMFS",2010,4,17,107,20.03,42.065647,-67.968603,4,4,0,4,0,"HB",0.024
"7895",522,"201001.301.1290.6","NMFS",2010,4,17,107,20.02,42.192382,-68.18382,1,1,0,1,0,"HB",0.024
"7896",522,"201001.302.1290.7","NMFS",2010,4,17,107,20,42.192722,-67.786957,13,13,0,13,0,"HB",0.024
"7897",515,"201001.303.1290.8","NMFS",2010,4,17,107,20.03,42.348472,-67.929532,3,2,1,3,0,"HB",0.024
"7898",515,"201001.304.1360.2","NMFS",2010,4,17,107,20.02,42.809767,-67.982773,2,1,1,2,0,"HB",0.024
"7899",515,"201001.305.1360.1","NMFS",2010,4,17,107,20.02,43.179227,-68.401577,6,5,1,6,0,"HB",0.024
"7900",515,"201001.306.1360.3","NMFS",2010,4,18,108,20,43.090472,-68.06783,8,8,0,8,0,"HB",0.024
"7901",515,"201001.307.1360.5","NMFS",2010,4,18,108,20.03,43.013945,-67.818665,2,2,0,2,0,"HB",0.024
"7902",465,"201001.308.1360.6","NMFS",2010,4,18,108,20.02,43.013582,-67.55792,0,0,0,0,0,"HB",0.024
"7903",464,"201001.309.1360.9","NMFS",2010,4,18,108,20.05,42.837328,-67.118838,2,1,1,2,0,"HB",0.024
"7904",465,"201001.310.1340.5","NMFS",2010,4,18,108,20.03,43.313385,-66.662657,39,15,24,37,2,"HB",0.024
"7905",465,"201001.311.1340.7","NMFS",2010,4,18,108,20.05,43.449405,-66.732245,4,3,1,4,0,"HB",0.024
"7906",465,"201001.312.1340.2","NMFS",2010,4,18,108,20.05,43.546917,-66.829885,2,0,2,2,0,"HB",0.024
"7907",465,"201001.313.1340.3","NMFS",2010,4,18,108,20.05,43.624095,-66.963067,11,7,4,11,0,"HB",0.024
"7908",465,"201001.314.1340.1","NMFS",2010,4,19,109,20.03,43.65719,-67.194455,1,1,0,1,0,"HB",0.024
"7909",465,"201001.315.1340.4","NMFS",2010,4,19,109,20.02,43.841237,-66.729165,13,7,6,13,0,"HB",0.024
"7910",466,"201001.316.1351.2","NMFS",2010,4,19,109,20.03,44.154477,-66.729423,8,4,4,8,0,"HB",0.024
"7911",466,"201001.317.1351.1","NMFS",2010,4,19,109,20.03,44.269908,-66.739757,9,4,5,9,0,"HB",0.024
"7912",511,"201001.318.1351.3","NMFS",2010,4,19,109,20.03,44.258082,-67.165272,9,6,3,9,0,"HB",0.024
"7913",511,"201001.319.1351.4","NMFS",2010,4,19,109,20.03,44.337065,-67.259865,10,8,2,10,0,"HB",0.024
"7914",511,"201001.320.1390.3","NMFS",2010,4,19,109,20.02,44.314708,-67.53978,20,9,11,19,1,"HB",0.024
"7915",511,"201001.321.1380.4","NMFS",2010,4,19,109,20.03,44.293547,-67.496972,2,2,0,2,0,"HB",0.024
"7916",511,"201001.322.1360.10","NMFS",2010,4,19,109,20.12,44.174992,-67.302005,7,5,2,7,0,"HB",0.024
"7917",511,"201001.323.1340.6","NMFS",2010,4,20,110,20.03,43.98839,-67.317925,9,8,1,9,0,"HB",0.024
"7918",511,"201001.325.1360.11","NMFS",2010,4,20,110,20.03,44.013012,-67.489432,4,2,2,4,0,"HB",0.024
"7919",512,"201001.326.1390.4","NMFS",2010,4,20,110,20.03,44.148582,-67.897607,16,10,6,16,0,"HB",0.024
"7920",512,"201001.327.1380.3","NMFS",2010,4,20,110,16.55,43.995915,-67.901595,2,1,1,2,0,"HB",0.024
"7921",512,"201001.328.1360.8","NMFS",2010,4,20,110,20.02,43.560127,-67.960978,0,0,0,0,0,"HB",0.024
"7922",512,"201001.329.1360.7","NMFS",2010,4,20,110,20.02,43.55245,-68.066555,17,13,4,17,0,"HB",0.024
"7923",512,"201001.330.1380.1","NMFS",2010,4,20,110,20.03,43.539418,-68.31101,1,1,0,1,0,"HB",0.024
"7924",512,"201001.331.1380.7","NMFS",2010,4,21,111,20.03,43.862812,-68.179088,1,0,1,1,0,"HB",0.024
"7925",512,"201001.332.1390.1","NMFS",2010,4,21,111,18.55,43.97122,-68.330432,9,5,4,8,1,"HB",0.024
"7926",512,"201001.333.1390.5","NMFS",2010,4,21,111,20.02,43.907022,-68.522985,34,23,11,34,0,"HB",0.024
"7927",512,"201001.334.1390.2","NMFS",2010,4,21,111,20.03,43.938772,-68.613095,137,65,72,106,31,"HB",0.024
"7928",513,"201001.335.1380.2","NMFS",2010,4,21,111,20.03,43.564803,-69.007008,6,4,2,6,0,"HB",0.024
"7929",513,"201001.336.1380.5","NMFS",2010,4,21,111,20.02,43.445935,-69.381608,0,0,0,0,0,"HB",0.024
"7930",513,"201001.338.1380.9","NMFS",2010,4,21,111,20.02,43.466745,-69.665972,11,8,3,11,0,"HB",0.024
"7931",513,"201001.339.1400.3","NMFS",2010,4,22,112,20.02,43.576052,-69.757893,9,6,3,9,0,"HB",0.024
"7932",513,"201001.340.1400.1","NMFS",2010,4,22,112,20.03,43.597493,-69.765042,8,2,6,7,1,"HB",0.024
"7933",513,"201001.341.1400.2","NMFS",2010,4,22,112,20.02,43.496845,-70.107078,112,52,60,55,57,"HB",0.024
"7934",513,"201001.342.1380.8","NMFS",2010,4,22,112,20.03,43.28449,-69.714585,11,10,1,11,0,"HB",0.024
"7935",513,"201001.343.1370.6","NMFS",2010,4,22,112,20.03,43.23634,-69.206173,0,0,0,0,0,"HB",0.024
"7936",515,"201001.344.1370.2","NMFS",2010,4,22,112,20.02,43.148478,-68.913218,2,1,1,2,0,"HB",0.024
"7937",515,"201001.345.1370.3","NMFS",2010,4,22,112,20.05,42.930702,-68.740965,1,1,0,1,0,"HB",0.024
"7938",515,"201001.346.1370.4","NMFS",2010,4,22,112,20.03,42.842518,-68.713273,0,0,0,0,0,"HB",0.024
"7939",515,"201001.347.1370.1","NMFS",2010,4,23,113,20.02,42.668625,-68.810177,1,1,0,1,0,"HB",0.024
"7940",515,"201001.348.1370.5","NMFS",2010,4,23,113,20.03,42.860025,-69.031892,1,1,0,1,0,"HB",0.024
"7941",514,"201001.349.3640.3","NMFS",2010,4,26,116,20.03,42.342263,-70.776905,102,73,29,96,6,"HB",0.024
"7942",514,"201001.350.3650.2","NMFS",2010,4,26,116,20.02,42.33871,-70.688335,114,73,41,107,7,"HB",0.024
"7943",514,"201001.351.3660.1","NMFS",2010,4,26,116,20.02,42.347638,-70.63269,23,11,12,18,5,"HB",0.024
"7944",514,"201001.352.1260.4","NMFS",2010,4,27,117,20.03,42.442558,-70.255095,0,0,0,0,0,"HB",0.024
"7945",514,"201001.354.1260.7","NMFS",2010,4,27,117,20.03,42.427838,-70.163847,3,3,0,3,0,"HB",0.024
"7946",514,"201001.355.1270.1","NMFS",2010,4,27,117,20.03,42.377523,-70.002413,4,4,0,4,0,"HB",0.024
"7947",515,"201001.356.1280.5","NMFS",2010,4,27,117,20.03,42.424535,-69.601507,0,0,0,0,0,"HB",0.024
"7948",521,"201001.357.1280.2","NMFS",2010,4,27,117,20.05,42.326317,-69.336832,1,1,0,1,0,"HB",0.024
"7949",521,"201001.358.1240.2","NMFS",2010,4,27,117,20.03,42.169908,-69.221927,3,3,0,3,0,"HB",0.024
"7950",521,"201001.359.1240.8","NMFS",2010,4,27,117,20.02,42.225012,-68.880102,0,0,0,0,0,"HB",0.024
"7951",515,"201001.360.1280.3","NMFS",2010,4,28,118,20.02,42.572733,-69.460565,0,0,0,0,0,"HB",0.024
"7952",515,"201001.361.1280.7","NMFS",2010,4,28,118,20.03,42.658822,-69.330042,0,0,0,0,0,"HB",0.024
"7953",513,"201001.362.1370.7","NMFS",2010,4,28,118,20.02,42.969263,-69.520183,0,0,0,0,0,"HB",0.024
"7954",514,"201001.363.1280.1","NMFS",2010,4,28,118,20.03,42.560937,-69.803397,1,1,0,1,0,"HB",0.024
"7955",514,"201001.364.1260.3","NMFS",2010,4,28,118,20.01,42.570782,-70.08665,1,1,0,1,0,"HB",0.024
"7956",514,"201001.365.1270.4","NMFS",2010,4,28,118,20.02,42.745223,-70.114217,9,9,0,9,0,"HB",0.024
"7957",513,"201001.366.1270.2","NMFS",2010,4,28,118,20.02,42.858273,-70.095458,1,1,0,1,0,"HB",0.024
"7958",514,"201001.367.1270.5","NMFS",2010,4,28,118,20.03,42.826755,-70.384283,6,5,1,6,0,"HB",0.024
"7959",514,"201001.368.3650.1","NMFS",2010,4,29,119,20.03,42.798495,-70.68849,26,7,19,25,1,"HB",0.024
"7960",514,"201001.369.3640.1","NMFS",2010,4,29,119,20.02,42.820988,-70.743678,10,6,4,10,0,"HB",0.024
"7961",514,"201001.370.1260.1","NMFS",2010,4,29,119,20.02,42.536043,-70.535783,11,3,8,11,0,"HB",0.024
"7962",514,"201001.373.3640.2","NMFS",2010,4,29,119,20.03,42.223745,-70.597618,2,0,2,2,0,"HB",0.024
"7963",514,"201001.375.3660.3","NMFS",2010,4,29,119,20.02,42.236438,-70.503518,9,4,5,8,1,"HB",0.024
"7964",514,"201001.376.1260.5","NMFS",2010,4,29,119,20.03,42.22983,-70.425548,22,3,19,22,0,"HB",0.024
"7965",514,"201001.377.3610.1","NMFS",2010,4,29,119,20,42.10166,-70.432228,79,19,60,67,12,"HB",0.024
"7966",514,"201001.378.3590.1","NMFS",2010,4,29,119,20.03,42.018847,-70.560248,47,26,21,39,8,"HB",0.024
"7967",514,"201001.379.3600.3","NMFS",2010,4,30,120,20.03,42.019488,-70.47362,44,23,21,39,5,"HB",0.024
"7968",514,"201001.380.3610.2","NMFS",2010,4,30,120,20.03,41.982,-70.31045,35,7,28,28,7,"HB",0.024
"7969",514,"201001.381.3600.1","NMFS",2010,4,30,120,20.02,41.947365,-70.337907,168,52,116,123,45,"HB",0.024
"7970",514,"201001.382.3590.3","NMFS",2010,4,30,120,20.03,41.850367,-70.33907,7,4,3,3,4,"HB",0.024
"7971",514,"201001.383.3590.2","NMFS",2010,4,30,120,20.05,41.951965,-70.150492,12,4,8,9,3,"HB",0.024
"7972",514,"201001.384.3600.2","NMFS",2010,4,30,120,20.05,41.976853,-70.241197,21,4,17,18,3,"HB",0.024
"7973",514,"201001.386.1260.8","NMFS",2010,4,30,120,20.05,42.222082,-70.147325,0,0,0,0,0,"HB",0.024
"7974",514,"201001.387.3610.3","NMFS",2010,4,30,120,20.05,42.116387,-70.148295,7,2,5,7,0,"HB",0.024
"7975",521,"201001.388.1270.3","NMFS",2010,4,30,120,20.05,42.225192,-69.89132,7,6,1,7,0,"HB",0.024
"7976",521,"201001.389.1280.4","NMFS",2010,5,1,121,20.03,42.208,-69.758955,1,1,0,1,0,"HB",0.024
"7977",521,"201001.390.1280.6","NMFS",2010,5,1,121,20,41.970392,-69.603578,1,1,0,1,0,"HB",0.024
"7978",521,"201001.391.3560.1","NMFS",2010,5,1,121,20.03,41.74875,-69.879883,6,3,3,6,0,"HB",0.024
"7979",521,"201001.392.3560.2","NMFS",2010,5,1,121,20.03,41.780145,-69.887508,0,0,0,0,0,"HB",0.024
"7980",521,"201001.393.3560.3","NMFS",2010,5,1,121,20.12,41.793608,-69.891918,4,2,2,4,0,"HB",0.024
"7981",521,"201001.394.1230.4","NMFS",2010,5,1,121,20.03,41.697182,-69.662198,6,6,0,6,0,"HB",0.024
"7982",521,"201001.396.1250.5","NMFS",2010,5,1,121,20.02,41.540265,-69.594417,9,5,4,9,0,"HB",0.024
"7983",521,"201001.402.1250.2","NMFS",2010,5,2,122,20.05,41.065157,-69.24115,0,0,0,0,0,"HB",0.024
"7984",521,"201102.202.1230.4","NMFS",2011,4,7,97,20.02,41.112808,-69.048642,0,0,0,0,0,"HB",0.024
"7985",522,"201102.203.1230.3","NMFS",2011,4,7,97,20.03,41.139283,-68.771185,1,0,1,0,1,"HB",0.024
"7986",522,"201102.204.1190.6","NMFS",2011,4,7,97,20,41.083493,-68.422365,0,0,0,0,0,"HB",0.024
"7987",525,"201102.206.1190.5","NMFS",2011,4,7,97,20.02,40.982567,-67.927417,0,0,0,0,0,"HB",0.024
"7988",525,"201102.207.1190.8","NMFS",2011,4,7,97,20.03,40.90493,-68.031355,0,0,0,0,0,"HB",0.024
"7989",525,"201102.208.1130.3","NMFS",2011,4,8,98,20,40.718927,-68.254132,0,0,0,0,0,"HB",0.024
"7990",525,"201102.209.1130.1","NMFS",2011,4,8,98,20.02,40.73605,-68.052643,0,0,0,0,0,"HB",0.024
"7991",525,"201102.210.1130.7","NMFS",2011,4,8,98,20.02,40.523418,-68.131607,0,0,0,0,0,"HB",0.024
"7992",525,"201102.211.1140.1","NMFS",2011,4,8,98,20.02,40.48082,-68.057405,0,0,0,0,0,"HB",0.024
"7993",525,"201102.212.1130.6","NMFS",2011,4,8,98,20.03,40.59391,-67.83469,0,0,0,0,0,"HB",0.024
"7994",525,"201102.213.1150.3","NMFS",2011,4,8,98,20,40.37798,-67.594432,0,0,0,0,0,"HB",0.024
"7995",525,"201102.215.1150.4","NMFS",2011,4,8,98,20.03,40.47055,-67.420005,5,5,0,5,0,"HB",0.024
"7996",525,"201102.216.1130.8","NMFS",2011,4,8,98,20.03,40.56927,-67.475887,0,0,0,0,0,"HB",0.024
"7997",525,"201102.217.1140.2","NMFS",2011,4,8,98,20.03,40.558922,-67.415255,0,0,0,0,0,"HB",0.024
"7998",525,"201102.218.1150.2","NMFS",2011,4,9,99,20.02,40.695935,-66.857038,1,1,0,1,0,"HB",0.024
"7999",562,"201102.219.1140.3","NMFS",2011,4,9,99,20.02,40.785265,-66.8323,1,0,1,1,0,"HB",0.024
"8000",562,"201102.220.1180.2","NMFS",2011,4,9,99,20.02,40.769748,-66.744303,0,0,0,0,0,"HB",0.024
"8001",562,"201102.221.1160.1","NMFS",2011,4,9,99,20.03,41.063285,-66.554048,0,0,0,0,0,"HB",0.024
"8002",562,"201102.223.1170.5","NMFS",2011,4,9,99,20.02,41.03174,-66.44685,2,2,0,2,0,"HB",0.024
"8003",562,"201102.224.1180.1","NMFS",2011,4,9,99,20,41.117447,-66.345727,30,24,6,30,0,"HB",0.024
"8004",562,"201102.225.1170.1","NMFS",2011,4,9,99,20.02,41.151143,-66.387505,0,0,0,0,0,"HB",0.024
"8005",552,"201102.226.1160.5","NMFS",2011,4,9,99,20.02,41.31245,-66.304585,4,4,0,4,0,"HB",0.024
"8006",562,"201102.227.1160.4","NMFS",2011,4,9,99,20.03,41.228348,-66.628467,0,0,0,0,0,"HB",0.024
"8007",562,"201102.228.1160.3","NMFS",2011,4,9,99,20.02,41.316955,-66.713595,0,0,0,0,0,"HB",0.024
"8008",562,"201102.229.1160.11","NMFS",2011,4,10,100,20.02,41.276202,-66.875022,0,0,0,0,0,"HB",0.024
"8009",562,"201102.230.1160.2","NMFS",2011,4,10,100,20.02,40.974297,-66.94957,0,0,0,0,0,"HB",0.024
"8010",525,"201102.231.1130.9","NMFS",2011,4,10,100,20.02,41.016005,-67.200605,0,0,0,0,0,"HB",0.024
"8011",525,"201102.232.1130.4","NMFS",2011,4,10,100,20.02,40.938643,-67.553305,0,0,0,0,0,"HB",0.024
"8012",562,"201102.233.1190.4","NMFS",2011,4,10,100,20.02,41.26047,-67.518402,0,0,0,0,0,"HB",0.024
"8013",562,"201102.234.1160.7","NMFS",2011,4,10,100,20.02,41.316658,-67.111667,0,0,0,0,0,"HB",0.024
"8014",562,"201102.235.1190.3","NMFS",2011,4,10,100,20.02,41.522228,-67.111895,0,0,0,0,0,"HB",0.024
"8015",562,"201102.236.1160.8","NMFS",2011,4,10,100,20.02,41.651265,-67.08582,0,0,0,0,0,"HB",0.024
"8016",562,"201102.237.1190.2","NMFS",2011,4,10,100,20.03,41.55588,-67.295177,0,0,0,0,0,"HB",0.024
"8017",562,"201102.238.1190.1","NMFS",2011,4,11,101,20.02,41.708193,-67.523927,0,0,0,0,0,"HB",0.024
"8018",562,"201102.239.1190.9","NMFS",2011,4,11,101,20,41.332717,-67.63718,0,0,0,0,0,"HB",0.024
"8019",522,"201102.240.1200.3","NMFS",2011,4,11,101,20.02,41.442023,-68.093827,0,0,0,0,0,"HB",0.024
"8020",522,"201102.241.1200.1","NMFS",2011,4,11,101,20.02,41.45759,-68.266838,0,0,0,0,0,"HB",0.024
"8021",522,"201102.242.1230.5","NMFS",2011,4,11,101,20,41.438058,-68.352135,0,0,0,0,0,"HB",0.024
"8022",522,"201102.243.1200.7","NMFS",2011,4,11,101,20,41.296243,-68.407722,0,0,0,0,0,"HB",0.024
"8023",522,"201102.244.1230.1","NMFS",2011,4,11,101,20.02,41.439567,-68.510962,0,0,0,0,0,"HB",0.024
"8024",521,"201102.245.1240.4","NMFS",2011,4,11,101,20.03,41.43702,-68.983025,1,1,0,1,0,"HB",0.024
"8025",521,"201102.246.1230.6","NMFS",2011,4,12,102,20.02,41.380965,-69.286495,2,1,1,2,0,"HB",0.024
"8026",521,"201102.252.1250.9","NMFS",2011,4,12,102,20.02,41.243162,-69.357865,1,1,0,1,0,"HB",0.024
"8027",521,"201102.254.1230.2","NMFS",2011,4,13,103,20.03,41.882587,-69.798708,1,1,0,1,0,"HB",0.024
"8028",521,"201102.257.1280.5","NMFS",2011,4,20,110,20.03,42.104278,-69.671453,1,1,0,1,0,"HB",0.024
"8029",521,"201102.258.1280.2","NMFS",2011,4,20,110,20.03,42.063565,-69.301633,0,0,0,0,0,"HB",0.024
"8030",521,"201102.259.1240.1","NMFS",2011,4,20,110,20.02,41.85496,-69.462868,0,0,0,0,0,"HB",0.024
"8031",522,"201102.260.1240.5","NMFS",2011,4,20,110,20.02,41.61634,-68.80533,3,3,0,3,0,"HB",0.024
"8032",521,"201102.262.1240.8","NMFS",2011,4,21,111,20.02,41.703082,-68.842968,2,1,1,2,0,"HB",0.024
"8033",521,"201102.263.1240.7","NMFS",2011,4,21,111,20.02,41.808823,-68.96352,0,0,0,0,0,"HB",0.024
"8034",522,"201102.264.1240.6","NMFS",2011,4,21,111,20.03,42.147747,-68.772112,3,3,0,3,0,"HB",0.024
"8035",522,"201102.265.1240.3","NMFS",2011,4,21,111,20.02,42.030327,-68.571372,1,1,0,1,0,"HB",0.024
"8036",522,"201102.266.1240.2","NMFS",2011,4,21,111,20.02,42.146392,-68.410953,0,0,0,0,0,"HB",0.024
"8037",522,"201102.267.1210.1","NMFS",2011,4,21,111,20,41.84657,-68.000353,0,0,0,0,0,"HB",0.024
"8038",522,"201102.268.1200.6","NMFS",2011,4,21,111,20.02,41.853937,-67.788947,2,1,1,2,0,"HB",0.024
"8039",522,"201102.269.1220.1","NMFS",2011,4,22,112,20.03,42.09153,-67.848752,2,2,0,2,0,"HB",0.024
"8040",561,"201102.270.1210.2","NMFS",2011,4,22,112,20.03,42.057978,-67.66297,1,1,0,0,1,"HB",0.024
"8041",522,"201102.271.1220.2","NMFS",2011,4,22,112,20.12,42.175672,-67.738838,0,0,0,0,0,"HB",0.024
"8042",551,"201102.275.1160.14","NMFS",2011,4,22,112,20.03,41.840583,-66.623952,0,0,0,0,0,"HB",0.024
"8043",552,"201102.277.1160.9","NMFS",2011,4,23,113,20.02,41.792282,-66.145225,0,0,0,0,0,"HB",0.024
"8044",552,"201102.278.1160.6","NMFS",2011,4,23,113,20.02,41.724982,-66.055107,1,1,0,1,0,"HB",0.024
"8045",552,"201102.279.1170.3","NMFS",2011,4,23,113,20.03,41.522303,-65.980598,19,17,2,19,0,"HB",0.024
"8046",552,"201102.280.1180.4","NMFS",2011,4,23,113,20.03,41.502718,-65.945763,7,6,1,7,0,"HB",0.024
"8047",552,"201102.281.1170.2","NMFS",2011,4,23,113,20.02,41.684037,-65.817523,4,4,0,4,0,"HB",0.024
"8048",551,"201102.282.1180.3","NMFS",2011,4,23,113,20.02,41.902495,-65.761338,25,22,3,25,0,"HB",0.024
"8049",464,"201102.283.1290.8","NMFS",2011,4,23,113,20.02,42.275028,-65.98396,2,1,1,2,0,"HB",0.024
"8050",551,"201102.285.1290.1","NMFS",2011,4,24,114,20,42.228598,-66.35052,1,1,0,1,0,"HB",0.024
"8051",551,"201102.286.1210.4","NMFS",2011,4,24,114,20.02,42.105833,-66.262137,38,24,14,38,0,"HB",0.024
"8052",551,"201102.287.1160.13","NMFS",2011,4,24,114,20.02,42.069643,-66.38201,0,0,0,0,0,"HB",0.024
"8053",551,"201102.288.1220.3","NMFS",2011,4,24,114,20.02,42.151408,-66.477378,6,5,1,6,0,"HB",0.024
"8054",551,"201102.289.1210.3","NMFS",2011,4,24,114,20.02,42.146207,-66.802108,3,2,1,3,0,"HB",0.024
"8055",551,"201102.290.1220.4","NMFS",2011,4,24,114,20.02,42.218765,-67.09568,37,35,2,37,0,"HB",0.024
"8056",464,"201102.291.1300.2","NMFS",2011,4,25,115,20.02,42.435703,-67.153128,6,5,1,6,0,"HB",0.024
"8057",464,"201102.292.1300.1","NMFS",2011,4,25,115,20,42.433567,-67.195378,11,8,3,11,0,"HB",0.024
"8058",464,"201102.293.1300.3","NMFS",2011,4,25,115,20.03,42.606448,-67.082867,7,4,3,7,0,"HB",0.024
"8059",464,"201102.294.1290.6","NMFS",2011,4,25,115,20.02,42.664407,-67.495367,0,0,0,0,0,"HB",0.024
"8060",465,"201102.295.1360.3","NMFS",2011,4,25,115,20.02,43.064378,-67.218158,2,1,1,2,0,"HB",0.024
"8061",465,"201102.297.1360.6","NMFS",2011,4,25,115,20,43.232683,-67.457962,0,0,0,0,0,"HB",0.024
"8062",465,"201102.298.1360.4","NMFS",2011,4,25,115,20.02,43.395422,-67.155105,3,3,0,3,0,"HB",0.024
"8063",465,"201102.299.1340.3","NMFS",2011,4,26,116,20.02,43.263623,-66.896417,15,12,3,15,0,"HB",0.024
"8064",465,"201102.300.1340.1","NMFS",2011,4,26,116,20.02,43.646633,-66.580652,10,4,6,10,0,"HB",0.024
"8065",465,"201102.301.1340.4","NMFS",2011,4,26,116,20.03,43.742788,-66.867267,10,8,2,10,0,"HB",0.024
"8066",511,"201102.302.1340.5","NMFS",2011,4,26,116,20.02,43.985938,-67.070843,2,0,2,2,0,"HB",0.024
"8067",511,"201102.303.1340.2","NMFS",2011,4,26,116,20.02,44.003738,-67.001983,5,3,2,5,0,"HB",0.024
"8068",511,"201102.304.1351.1","NMFS",2011,4,26,116,20,44.138865,-66.89694,5,3,2,5,0,"HB",0.024
"8069",511,"201102.305.1351.4","NMFS",2011,4,26,116,20.02,44.272527,-66.944035,9,5,4,9,0,"HB",0.024
"8070",467,"201102.306.1351.3","NMFS",2011,4,26,116,20.03,44.41122,-66.867197,190,92,98,156,34,"HB",0.024
"8071",511,"201102.307.1351.2","NMFS",2011,4,26,116,20.02,44.255693,-67.168798,31,28,3,31,0,"HB",0.024
"8072",511,"201102.308.1390.5","NMFS",2011,4,27,117,20.02,44.35189,-67.681555,338,121,217,288,50,"HB",0.024
"8073",512,"201102.309.1390.1","NMFS",2011,4,27,117,20.03,44.1791,-68.025778,400,175,225,286,114,"HB",0.024
"8074",511,"201102.310.1380.3","NMFS",2011,4,27,117,20.08,44.19648,-67.55193,2,1,1,2,0,"HB",0.024
"8075",511,"201102.311.1360.1","NMFS",2011,4,27,117,20.02,43.868138,-67.55041,14,13,1,14,0,"HB",0.024
"8076",512,"201102.312.1360.2","NMFS",2011,4,27,117,20.02,43.864335,-67.879743,5,3,2,5,0,"HB",0.024
"8077",465,"201102.313.1360.8","NMFS",2011,4,27,117,20.05,43.569533,-67.601887,2,1,1,2,0,"HB",0.024
"8078",512,"201102.314.1360.7","NMFS",2011,4,27,117,20.03,43.481588,-67.805552,1,0,1,1,0,"HB",0.024
"8079",514,"201102.315.3610.3","NMFS",2011,4,28,118,20.03,42.101778,-70.150533,18,4,14,16,2,"HB",0.024
"8080",514,"201102.316.3610.1","NMFS",2011,4,28,118,20,42.006132,-70.305982,41,9,32,36,5,"HB",0.024
"8081",514,"201102.318.3600.3","NMFS",2011,4,28,118,20.02,41.982967,-70.151042,19,3,16,18,1,"HB",0.024
"8082",514,"201102.319.3590.1","NMFS",2011,4,28,118,20,41.82981,-70.277193,13,8,5,9,4,"HB",0.024
"8083",514,"201102.320.3590.2","NMFS",2011,4,28,118,20.05,41.854932,-70.330208,5,1,4,3,2,"HB",0.024
"8084",514,"201102.321.3600.2","NMFS",2011,4,28,118,20.03,41.931843,-70.328435,83,38,45,72,11,"HB",0.024
"8085",514,"201102.322.1260.1","NMFS",2011,5,4,124,20.02,42.309388,-70.093665,0,0,0,0,0,"HB",0.024
"8086",521,"201102.323.3560.2","NMFS",2011,5,4,124,20.02,41.807117,-69.900767,0,0,0,0,0,"HB",0.024
"8087",521,"201102.324.3560.1","NMFS",2011,5,4,124,20.02,41.736803,-69.881998,2,0,2,2,0,"HB",0.024
"8088",521,"201102.325.1250.7","NMFS",2011,5,4,124,20,41.633567,-69.705925,0,0,0,0,0,"HB",0.024
"8089",521,"201102.326.1280.3","NMFS",2011,5,5,125,20.02,42.317767,-69.509118,0,0,0,0,0,"HB",0.024
"8090",515,"201102.327.1280.6","NMFS",2011,5,5,125,20.03,42.48861,-69.039618,0,0,0,0,0,"HB",0.024
"8091",515,"201102.328.1280.1","NMFS",2011,5,5,125,20.02,42.560498,-68.913822,0,0,0,0,0,"HB",0.024
"8092",515,"201102.329.1280.4","NMFS",2011,5,5,125,20.02,42.679538,-68.608837,0,0,0,0,0,"HB",0.024
"8093",515,"201102.330.1290.7","NMFS",2011,5,5,125,20,42.566448,-68.320608,4,4,0,4,0,"HB",0.024
"8094",515,"201102.331.1290.3","NMFS",2011,5,5,125,20.05,42.475168,-68.027528,0,0,0,0,0,"HB",0.024
"8095",515,"201102.332.1290.4","NMFS",2011,5,6,126,20.03,42.520967,-67.777787,2,2,0,2,0,"HB",0.024
"8096",515,"201102.333.1290.2","NMFS",2011,5,6,126,20.02,42.715607,-68.004093,2,1,1,2,0,"HB",0.024
"8097",515,"201102.334.1360.9","NMFS",2011,5,6,126,20.03,42.846318,-68.260827,2,2,0,2,0,"HB",0.024
"8098",515,"201102.335.1370.4","NMFS",2011,5,6,126,20.03,42.893795,-68.640777,0,0,0,0,0,"HB",0.024
"8099",515,"201102.336.1370.1","NMFS",2011,5,6,126,20.03,42.799515,-69.065588,0,0,0,0,0,"HB",0.024
"8100",513,"201102.337.1370.2","NMFS",2011,5,7,127,20.02,43.070495,-69.533397,3,2,1,3,0,"HB",0.024
"8101",513,"201102.338.1370.5","NMFS",2011,5,7,127,20,43.229152,-69.196355,0,0,0,0,0,"HB",0.024
"8102",515,"201102.339.1380.7","NMFS",2011,5,7,127,20.02,43.323643,-68.777115,2,2,0,2,0,"HB",0.024
"8103",512,"201102.340.1380.6","NMFS",2011,5,7,127,20.02,43.478108,-68.546953,6,5,1,6,0,"HB",0.024
"8104",512,"201102.341.1380.5","NMFS",2011,5,7,127,20.03,43.470018,-68.405472,5,5,0,5,0,"HB",0.024
"8105",512,"201102.342.1390.4","NMFS",2011,5,7,127,20.02,43.999803,-68.264757,33,16,17,29,4,"HB",0.024
"8106",512,"201102.343.1390.3","NMFS",2011,5,7,127,20.02,43.991612,-68.441032,305,136,169,239,66,"HB",0.024
"8107",512,"201102.344.1390.2","NMFS",2011,5,7,127,20.02,43.945602,-68.587368,377,187,190,239,138,"HB",0.024
"8108",513,"201102.345.1380.4","NMFS",2011,5,8,128,20,43.532193,-69.374018,12,10,2,11,1,"HB",0.024
"8109",513,"201102.346.1380.1","NMFS",2011,5,8,128,20.55,43.438063,-69.532893,0,0,0,0,0,"HB",0.024
"8110",513,"201102.347.1400.3","NMFS",2011,5,8,128,20.02,43.610002,-69.72072,39,14,25,30,9,"HB",0.024
"8111",513,"201102.348.1400.2","NMFS",2011,5,8,128,20.43,43.47037,-70.051137,16,7,9,15,1,"HB",0.024
"8112",513,"201102.349.1380.2","NMFS",2011,5,8,128,20.02,43.326445,-69.814048,5,5,0,5,0,"HB",0.024
"8113",513,"201102.350.1370.3","NMFS",2011,5,8,128,20.02,43.229393,-69.804678,6,4,2,6,0,"HB",0.024
"8114",513,"201102.351.1270.2","NMFS",2011,5,8,128,20.02,43.117457,-70.176337,9,5,4,9,0,"HB",0.024
"8115",513,"201102.352.1270.4","NMFS",2011,5,8,128,20.03,42.948903,-69.993597,16,16,0,16,0,"HB",0.024
"8116",513,"201102.353.1270.3","NMFS",2011,5,8,128,20.37,42.952398,-70.23039,6,5,1,6,0,"HB",0.024
"8117",513,"201102.354.1400.1","NMFS",2011,5,9,129,20,42.934867,-70.39561,12,4,8,12,0,"HB",0.024
"8118",513,"201102.355.3640.1","NMFS",2011,5,9,129,20.02,42.846462,-70.751485,44,24,20,44,0,"HB",0.024
"8119",514,"201102.356.1260.5","NMFS",2011,5,9,129,20.02,42.738435,-70.416728,24,15,9,24,0,"HB",0.024
"8120",514,"201102.357.1260.6","NMFS",2011,5,9,129,20.05,42.731077,-70.189585,5,4,1,5,0,"HB",0.024
"8121",514,"201102.358.1270.1","NMFS",2011,5,9,129,20.03,42.676145,-70.012052,12,12,0,12,0,"HB",0.024
"8122",514,"201102.360.1260.7","NMFS",2011,5,9,129,20.02,42.573443,-70.088702,1,1,0,1,0,"HB",0.024
"8123",514,"201102.363.1260.2","NMFS",2011,5,9,129,20.03,42.398018,-70.389557,1,0,1,1,0,"HB",0.024
"8124",514,"201102.364.3650.1","NMFS",2011,5,10,130,20.02,42.57629,-70.606063,34,16,18,26,8,"HB",0.024
"8125",514,"201102.365.3660.1","NMFS",2011,5,10,130,20.02,42.497047,-70.68731,140,75,65,123,17,"HB",0.024
"8126",514,"201102.367.3650.2","NMFS",2011,5,10,130,20.05,42.320213,-70.727433,110,56,54,97,13,"HB",0.024
"8127",514,"201102.368.3640.3","NMFS",2011,5,10,130,20.02,42.327625,-70.754603,228,145,83,201,27,"HB",0.024
"8128",514,"201102.370.3660.3","NMFS",2011,5,10,130,20.03,42.242033,-70.521072,22,15,7,21,1,"HB",0.024
"8129",514,"201102.371.3660.2","NMFS",2011,5,10,130,20.15,42.215543,-70.49101,7,2,5,6,1,"HB",0.024
"8130",514,"201102.372.3610.2","NMFS",2011,5,11,131,20.02,42.14051,-70.463393,43,15,28,37,6,"HB",0.024
"8131",526,"201202.184.1120.3","NMFS",2012,4,3,94,20.02,39.919477,-69.76295,0,0,0,0,0,"HB",0.024
"8132",526,"201202.185.1120.1","NMFS",2012,4,3,94,20.02,39.941917,-69.569048,0,0,0,0,0,"HB",0.024
"8133",526,"201202.186.1100.3","NMFS",2012,4,3,94,20.02,40.139767,-69.656635,0,0,0,0,0,"HB",0.024
"8134",526,"201202.187.1100.8","NMFS",2012,4,3,94,20,40.207887,-69.326075,1,0,1,1,0,"HB",0.024
"8135",526,"201202.188.1110.4","NMFS",2012,4,3,94,20,40.073648,-69.206148,0,0,0,0,0,"HB",0.024
"8136",526,"201202.189.1110.2","NMFS",2012,4,3,94,20,40.160595,-69.003568,0,0,0,0,0,"HB",0.024
"8137",526,"201202.190.1100.7","NMFS",2012,4,3,94,20.02,40.398503,-69.113175,0,0,0,0,0,"HB",0.024
"8138",525,"201202.191.1150.1","NMFS",2012,4,4,95,19.98,40.163392,-68.548708,3,1,2,3,0,"HB",0.024
"8139",525,"201202.192.1140.3","NMFS",2012,4,4,95,20,40.321463,-68.372813,0,0,0,0,0,"HB",0.024
"8140",525,"201202.193.1140.1","NMFS",2012,4,4,95,20.02,40.353923,-68.265353,0,0,0,0,0,"HB",0.024
"8141",525,"201202.194.1140.4","NMFS",2012,4,4,95,20.02,40.430472,-68.208977,0,0,0,0,0,"HB",0.024
"8142",525,"201202.195.1130.9","NMFS",2012,4,4,95,20,40.52096,-68.080275,0,0,0,0,0,"HB",0.024
"8143",525,"201202.196.1130.1","NMFS",2012,4,4,95,20.02,40.580137,-68.21229,0,0,0,0,0,"HB",0.024
"8144",525,"201202.197.1190.9","NMFS",2012,4,4,95,20.02,40.778295,-68.29166,0,0,0,0,0,"HB",0.024
"8145",525,"201202.199.1190.5","NMFS",2012,4,4,95,20,40.92164,-68.438563,0,0,0,0,0,"HB",0.024
"8146",526,"201202.204.1100.6","NMFS",2012,4,5,96,20.02,40.7563,-69.003013,5,5,0,5,0,"HB",0.024
"8147",526,"201202.205.1090.5","NMFS",2012,4,5,96,20,40.76334,-69.414918,0,0,0,0,0,"HB",0.024
"8148",521,"201202.211.1230.7","NMFS",2012,4,5,96,20,41.032113,-69.105168,0,0,0,0,0,"HB",0.024
"8149",521,"201202.212.1230.11","NMFS",2012,4,5,96,20.02,41.166965,-69.150245,2,1,1,2,0,"HB",0.024
"8150",521,"201202.213.1230.6","NMFS",2012,4,6,97,20,41.277102,-69.173878,0,0,0,0,0,"HB",0.024
"8151",521,"201202.214.1230.3","NMFS",2012,4,6,97,20,41.278653,-69.308052,10,4,6,10,0,"HB",0.024
"8152",521,"201202.217.1250.2","NMFS",2012,4,6,97,20.02,41.383815,-69.391457,0,0,0,0,0,"HB",0.024
"8153",521,"201202.219.1250.1","NMFS",2012,4,6,97,20.02,41.39524,-69.443718,0,0,0,0,0,"HB",0.024
"8154",521,"201202.221.3560.2","NMFS",2012,4,6,97,20.02,41.799168,-69.902657,0,0,0,0,0,"HB",0.024
"8155",514,"201202.224.3560.3","NMFS",2012,4,7,98,20,42.034063,-70.027123,0,0,0,0,0,"HB",0.024
"8156",521,"201202.225.3610.2","NMFS",2012,4,7,98,20.02,42.059835,-69.990282,0,0,0,0,0,"HB",0.024
"8157",521,"201202.226.1280.2","NMFS",2012,4,7,98,20,41.874423,-69.382535,2,2,0,2,0,"HB",0.024
"8158",521,"201202.228.1240.1","NMFS",2012,4,7,98,20,41.62195,-69.12369,6,6,0,6,0,"HB",0.024
"8159",521,"201202.229.1240.7","NMFS",2012,4,7,98,20,41.659305,-68.97998,1,1,0,1,0,"HB",0.024
"8160",521,"201202.230.1240.6","NMFS",2012,4,7,98,20.02,41.605075,-68.860085,2,2,0,2,0,"HB",0.024
"8161",522,"201202.232.1200.9","NMFS",2012,4,8,99,20,41.542862,-68.39077,0,0,0,0,0,"HB",0.024
"8162",522,"201202.233.1230.1","NMFS",2012,4,8,99,20,41.298168,-68.505545,1,1,0,1,0,"HB",0.024
"8163",522,"201202.234.1230.5","NMFS",2012,4,8,99,20.02,41.203493,-68.5918,0,0,0,0,0,"HB",0.024
"8164",522,"201202.237.1200.3","NMFS",2012,4,8,99,20.02,41.703923,-68.30581,0,0,0,0,0,"HB",0.024
"8165",522,"201202.238.1210.1","NMFS",2012,4,8,99,20.02,41.746512,-68.235987,0,0,0,0,0,"HB",0.024
"8166",522,"201202.239.1210.2","NMFS",2012,4,8,99,20.02,41.808133,-68.07533,0,0,0,0,0,"HB",0.024
"8167",522,"201202.240.1200.6","NMFS",2012,4,9,100,20.02,41.94746,-67.71108,1,0,1,1,0,"HB",0.024
"8168",522,"201202.242.1290.6","NMFS",2012,4,9,100,20,42.261863,-68.306507,0,0,0,0,0,"HB",0.024
"8169",515,"201202.243.1290.4","NMFS",2012,4,9,100,20,42.514468,-68.298248,0,0,0,0,0,"HB",0.024
"8170",515,"201202.244.1290.9","NMFS",2012,4,9,100,20.02,42.527543,-68.371985,1,1,0,1,0,"HB",0.024
"8171",515,"201202.245.1290.1","NMFS",2012,4,9,100,20,42.702907,-68.234165,2,2,0,2,0,"HB",0.024
"8172",515,"201202.246.1290.5","NMFS",2012,4,10,101,20,42.52389,-67.93121,0,0,0,0,0,"HB",0.024
"8173",464,"201202.247.1360.4","NMFS",2012,4,10,101,20.02,42.86057,-67.609823,20,20,0,20,0,"HB",0.024
"8174",464,"201202.249.1290.3","NMFS",2012,4,10,101,20,42.750355,-67.339663,2,0,2,2,0,"HB",0.024
"8175",464,"201202.250.1290.8","NMFS",2012,4,10,101,20,42.67643,-67.404395,7,6,1,7,0,"HB",0.024
"8176",464,"201202.251.1300.1","NMFS",2012,4,10,101,20,42.598582,-67.071438,13,10,3,13,0,"HB",0.024
"8177",464,"201202.252.1300.3","NMFS",2012,4,10,101,20.02,42.572378,-67.095265,11,10,1,11,0,"HB",0.024
"8178",464,"201202.254.1300.2","NMFS",2012,4,11,102,20,42.38868,-67.448247,13,11,2,13,0,"HB",0.024
"8179",561,"201202.255.1200.4","NMFS",2012,4,11,102,20,42.03431,-67.205893,0,0,0,0,0,"HB",0.024
"8180",561,"201202.256.1190.4","NMFS",2012,4,11,102,20.02,41.938752,-67.094993,8,4,4,3,5,"HB",0.024
"8181",522,"201202.257.1200.5","NMFS",2012,4,11,102,20,41.724478,-67.72381,0,0,0,0,0,"HB",0.024
"8182",562,"201202.258.1190.8","NMFS",2012,4,11,102,20,41.56013,-67.518745,0,0,0,0,0,"HB",0.024
"8183",522,"201202.259.1190.2","NMFS",2012,4,11,102,20,41.407055,-67.808142,0,0,0,0,0,"HB",0.024
"8184",562,"201202.261.1190.3","NMFS",2012,4,12,103,20,41.383543,-67.469557,0,0,0,0,0,"HB",0.024
"8185",562,"201202.262.1190.10","NMFS",2012,4,12,103,19.12,41.328857,-67.546897,0,0,0,0,0,"HB",0.024
"8186",562,"201202.263.1190.1","NMFS",2012,4,12,103,20.02,41.2724,-67.398048,0,0,0,0,0,"HB",0.024
"8187",562,"201202.264.1130.6","NMFS",2012,4,12,103,20,41.174223,-67.340818,0,0,0,0,0,"HB",0.024
"8188",525,"201202.265.1130.2","NMFS",2012,4,12,103,20.02,41.002692,-67.220332,0,0,0,0,0,"HB",0.024
"8189",525,"201202.266.1130.4","NMFS",2012,4,12,103,20.02,40.970878,-67.762695,0,0,0,0,0,"HB",0.024
"8190",525,"201202.267.1130.7","NMFS",2012,4,12,103,20.02,40.85025,-67.813958,0,0,0,0,0,"HB",0.024
"8191",525,"201202.268.1130.8","NMFS",2012,4,12,103,20.02,40.863425,-68.130955,0,0,0,0,0,"HB",0.024
"8192",525,"201202.269.1130.5","NMFS",2012,4,12,103,20.03,40.819977,-68.138648,0,0,0,0,0,"HB",0.024
"8193",525,"201202.270.1130.3","NMFS",2012,4,12,103,20,40.659955,-67.985242,0,0,0,0,0,"HB",0.024
"8194",525,"201202.271.1140.2","NMFS",2012,4,13,104,20,40.541978,-67.443223,0,0,0,0,0,"HB",0.024
"8195",525,"201202.272.1150.2","NMFS",2012,4,13,104,20.02,40.591423,-67.08476,2,2,0,2,0,"HB",0.024
"8196",525,"201202.273.1150.3","NMFS",2012,4,13,104,20.02,40.660263,-66.926697,2,2,0,2,0,"HB",0.024
"8197",562,"201202.274.1180.2","NMFS",2012,4,13,104,20.02,40.811222,-66.689167,7,7,0,7,0,"HB",0.024
"8198",562,"201202.275.1160.8","NMFS",2012,4,13,104,20,41.02469,-66.57813,0,0,0,0,0,"HB",0.024
"8199",562,"201202.276.1180.1","NMFS",2012,4,13,104,20.02,40.963893,-66.482265,6,5,1,6,0,"HB",0.024
"8200",562,"201202.277.1170.1","NMFS",2012,4,13,104,20.25,41.03061,-66.4614,1,1,0,1,0,"HB",0.024
"8201",562,"201202.278.1170.2","NMFS",2012,4,13,104,20,41.070953,-66.454558,0,0,0,0,0,"HB",0.024
"8202",562,"201202.279.1160.11","NMFS",2012,4,13,104,20,41.256738,-66.998103,0,0,0,0,0,"HB",0.024
"8203",562,"201202.280.1160.10","NMFS",2012,4,14,105,20,41.329747,-66.93601,0,0,0,0,0,"HB",0.024
"8204",562,"201202.281.1160.9","NMFS",2012,4,14,105,20.02,41.242752,-66.699962,0,0,0,0,0,"HB",0.024
"8205",552,"201202.282.1180.3","NMFS",2012,4,14,105,20.02,41.217273,-66.249933,118,108,10,117,1,"HB",0.024
"8206",552,"201202.283.1170.3","NMFS",2012,4,14,105,20,41.401783,-66.102418,24,22,2,24,0,"HB",0.024
"8207",552,"201202.284.1160.3","NMFS",2012,4,14,105,20.02,41.801447,-65.947408,1,1,0,1,0,"HB",0.024
"8208",551,"201202.285.1170.4","NMFS",2012,4,14,105,19.98,41.840757,-65.891315,59,51,8,59,0,"HB",0.024
"8209",551,"201202.286.1180.4","NMFS",2012,4,14,105,20,42.000598,-65.856535,6,5,1,6,0,"HB",0.024
"8210",551,"201202.287.1160.2","NMFS",2012,4,14,105,20.02,41.99723,-66.519228,0,0,0,0,0,"HB",0.024
"8211",552,"201202.288.1160.12","NMFS",2012,4,14,105,20,41.818743,-66.482225,0,0,0,0,0,"HB",0.024
"8212",552,"201202.289.1160.5","NMFS",2012,4,15,106,20.02,41.765208,-66.755785,0,0,0,0,0,"HB",0.024
"8213",562,"201202.290.1160.1","NMFS",2012,4,15,106,20.02,41.62509,-66.756492,0,0,0,0,0,"HB",0.024
"8214",562,"201202.291.1160.4","NMFS",2012,4,15,106,20,41.657543,-66.960122,0,0,0,0,0,"HB",0.024
"8215",562,"201202.292.1190.6","NMFS",2012,4,15,106,20,41.766785,-67.10343,13,8,5,7,6,"HB",0.024
"8216",562,"201202.293.1160.6","NMFS",2012,4,15,106,20.02,41.808953,-66.947317,1,1,0,0,1,"HB",0.024
"8217",551,"201202.295.1160.7","NMFS",2012,4,15,106,20.02,41.902857,-66.807492,0,0,0,0,0,"HB",0.024
"8218",551,"201202.296.1210.4","NMFS",2012,4,15,106,20.02,42.120227,-66.95058,1,1,0,1,0,"HB",0.024
"8219",551,"201202.297.1220.4","NMFS",2012,4,15,106,20,42.204175,-66.893117,39,37,2,39,0,"HB",0.024
"8220",551,"201202.298.1210.3","NMFS",2012,4,15,106,20.02,42.115313,-66.791088,5,4,1,5,0,"HB",0.024
"8221",551,"201202.299.1220.5","NMFS",2012,4,15,106,20.02,42.174847,-66.651182,5,4,1,5,0,"HB",0.024
"8222",551,"201202.300.1220.3","NMFS",2012,4,15,106,20.02,42.176325,-66.582962,4,2,2,4,0,"HB",0.024
"8223",464,"201202.302.1290.2","NMFS",2012,4,16,107,20.02,42.413583,-66.093232,15,13,2,15,0,"HB",0.024
"8224",464,"201202.304.1290.7","NMFS",2012,4,16,107,20,42.593487,-66.771017,2,2,0,2,0,"HB",0.024
"8225",465,"201202.305.1340.5","NMFS",2012,4,16,107,20.02,43.052178,-66.783508,2,0,2,2,0,"HB",0.024
"8226",465,"201202.307.1340.7","NMFS",2012,4,16,107,20.02,43.46921,-66.81542,8,4,4,8,0,"HB",0.024
"8227",465,"201202.308.1340.1","NMFS",2012,4,16,107,20,43.54143,-66.785372,6,3,3,6,0,"HB",0.024
"8228",465,"201202.309.1340.3","NMFS",2012,4,17,108,20,43.622798,-67.00052,4,1,3,4,0,"HB",0.024
"8229",465,"201202.310.1340.2","NMFS",2012,4,17,108,20.02,43.690957,-66.908102,14,9,5,14,0,"HB",0.024
"8230",465,"201202.311.1340.4","NMFS",2012,4,17,108,20,43.734368,-67.134423,5,3,2,5,0,"HB",0.024
"8231",465,"201202.312.1360.1","NMFS",2012,4,17,108,20,43.764522,-67.384477,9,8,1,9,0,"HB",0.024
"8232",465,"201202.313.1360.6","NMFS",2012,4,17,108,20.02,43.673865,-67.548233,2,2,0,2,0,"HB",0.024
"8233",512,"201202.314.1360.7","NMFS",2012,4,17,108,20.02,43.525345,-67.715292,1,0,1,1,0,"HB",0.024
"8234",465,"201202.315.1360.5","NMFS",2012,4,17,108,20.02,43.397602,-67.5002,4,4,0,4,0,"HB",0.024
"8235",465,"201202.316.1360.8","NMFS",2012,4,17,108,20,43.298032,-67.462385,1,0,1,1,0,"HB",0.024
"8236",515,"201202.317.1360.2","NMFS",2012,4,18,109,20.02,43.12684,-67.948105,18,18,0,18,0,"HB",0.024
"8237",515,"201202.318.1370.3","NMFS",2012,4,18,109,20.02,42.918275,-68.694363,6,6,0,6,0,"HB",0.024
"8238",515,"201202.319.1370.4","NMFS",2012,4,18,109,19.98,42.813525,-68.731727,4,4,0,4,0,"HB",0.024
"8239",515,"201202.320.1280.4","NMFS",2012,4,18,109,20,42.640593,-68.633307,0,0,0,0,0,"HB",0.024
"8240",515,"201202.321.1280.7","NMFS",2012,4,18,109,20.02,42.459858,-68.843832,1,1,0,1,0,"HB",0.024
"8241",522,"201202.322.1240.3","NMFS",2012,4,18,109,20,42.221653,-68.714858,0,0,0,0,0,"HB",0.024
"8242",522,"201202.323.1240.8","NMFS",2012,4,19,110,20,42.172238,-68.753777,2,1,1,2,0,"HB",0.024
"8243",522,"201202.324.1240.4","NMFS",2012,4,19,110,20.02,41.979903,-68.698073,1,1,0,1,0,"HB",0.024
"8244",521,"201202.325.1240.2","NMFS",2012,4,19,110,20.02,42.064242,-68.946378,0,0,0,0,0,"HB",0.024
"8245",521,"201202.326.1240.5","NMFS",2012,4,19,110,20,42.110253,-69.189228,0,0,0,0,0,"HB",0.024
"8246",521,"201202.327.1280.1","NMFS",2012,4,19,110,20.02,42.22187,-69.397085,0,0,0,0,0,"HB",0.024
"8247",521,"201202.328.1280.5","NMFS",2012,4,19,110,20,42.199123,-69.57576,0,0,0,0,0,"HB",0.024
"8248",514,"201202.330.3590.2","NMFS",2012,4,25,116,20.02,41.863698,-70.455337,24,9,15,7,17,"HB",0.024
"8249",514,"201202.332.3600.4","NMFS",2012,4,25,116,20.02,41.884887,-70.355675,71,34,37,57,14,"HB",0.024
"8250",514,"201202.333.3590.3","NMFS",2012,4,25,116,20.02,41.862897,-70.251587,5,1,4,4,1,"HB",0.024
"8251",514,"201202.334.3600.1","NMFS",2012,4,25,116,20.02,41.948565,-70.241145,24,9,15,24,0,"HB",0.024
"8252",514,"201202.335.3600.3","NMFS",2012,4,25,116,20,41.957128,-70.429603,121,40,81,89,32,"HB",0.024
"8253",514,"201202.336.1260.3","NMFS",2012,4,25,116,20.02,42.11369,-70.324223,3,1,2,3,0,"HB",0.024
"8254",514,"201202.337.3610.1","NMFS",2012,4,25,116,20.02,42.06926,-70.276483,21,7,14,21,0,"HB",0.024
"8255",514,"201202.338.3610.3","NMFS",2012,4,25,116,20.02,42.14829,-70.132542,2,1,1,2,0,"HB",0.024
"8256",521,"201202.339.1270.5","NMFS",2012,4,25,116,20.02,42.198295,-69.87151,10,9,1,10,0,"HB",0.024
"8257",514,"201202.340.1270.1","NMFS",2012,4,25,116,20.02,42.34191,-70.016097,63,62,1,63,0,"HB",0.024
"8258",514,"201202.342.1260.12","NMFS",2012,4,26,117,20.13,42.21159,-70.241873,0,0,0,0,0,"HB",0.024
"8259",514,"201202.343.1260.6","NMFS",2012,4,26,117,20,42.283287,-70.24071,0,0,0,0,0,"HB",0.024
"8260",514,"201202.345.1260.13","NMFS",2012,4,26,117,20.02,42.403835,-70.343998,6,2,4,6,0,"HB",0.024
"8261",514,"201202.346.1260.9","NMFS",2012,4,26,117,20.05,42.261515,-70.487945,30,12,18,30,0,"HB",0.024
"8262",514,"201202.347.3590.1","NMFS",2012,4,26,117,20,42.125595,-70.560357,18,8,10,12,6,"HB",0.024
"8263",514,"201202.348.3640.2","NMFS",2012,4,26,117,20.02,42.412795,-70.790993,61,29,32,56,5,"HB",0.024
"8264",514,"201202.349.3640.3","NMFS",2012,4,26,117,19.98,42.404547,-70.813793,39,17,22,30,9,"HB",0.024
"8265",514,"201202.350.3660.1","NMFS",2012,4,26,117,20,42.391782,-70.728888,133,95,38,130,3,"HB",0.024
"8266",514,"201202.351.1260.8","NMFS",2012,4,26,117,20,42.488073,-70.49064,32,9,23,31,1,"HB",0.024
"8267",514,"201202.352.3650.2","NMFS",2012,4,27,118,20,42.589177,-70.592878,28,11,17,22,6,"HB",0.024
"8268",514,"201202.354.3660.4","NMFS",2012,4,27,118,20.02,42.622215,-70.506823,456,192,264,370,86,"HB",0.024
"8269",514,"201202.355.1260.10","NMFS",2012,4,27,118,20.02,42.668792,-70.320087,19,11,8,19,0,"HB",0.024
"8270",514,"201202.356.1260.2","NMFS",2012,4,27,118,20,42.669198,-70.214503,2,2,0,2,0,"HB",0.024
"8271",514,"201202.357.1260.11","NMFS",2012,4,27,118,20.02,42.789603,-70.353327,29,27,2,29,0,"HB",0.024
"8272",514,"201202.358.3660.2","NMFS",2012,4,27,118,20.02,42.723407,-70.559277,105,35,70,80,25,"HB",0.024
"8273",514,"201202.359.3650.1","NMFS",2012,4,27,118,20.05,42.781653,-70.682368,42,16,26,41,1,"HB",0.024
"8274",514,"201202.360.3640.1","NMFS",2012,4,27,118,20,42.763648,-70.746843,11,4,7,10,1,"HB",0.024
"8275",513,"201202.361.3650.3","NMFS",2012,4,27,118,20,42.847702,-70.693387,226,126,100,219,7,"HB",0.024
"8276",513,"201202.362.1400.5","NMFS",2012,4,28,119,20,42.956093,-70.422763,39,18,21,39,0,"HB",0.024
"8277",513,"201202.363.1270.4","NMFS",2012,4,28,119,20,42.840855,-70.096673,6,6,0,6,0,"HB",0.024
"8278",513,"201202.364.1270.6","NMFS",2012,4,28,119,20.02,42.990265,-69.969813,2,2,0,2,0,"HB",0.024
"8279",513,"201202.365.1260.7","NMFS",2012,4,28,119,20,43.1415,-70.058527,20,14,6,20,0,"HB",0.024
"8280",513,"201202.367.1270.8","NMFS",2012,4,28,119,20.02,43.123898,-70.141308,7,3,4,7,0,"HB",0.024
"8281",513,"201202.368.1400.6","NMFS",2012,4,28,119,20,43.139583,-70.323108,39,22,17,36,3,"HB",0.024
"8282",513,"201202.369.1400.2","NMFS",2012,4,28,119,20.02,43.218193,-70.185958,36,19,17,32,4,"HB",0.024
"8283",513,"201202.370.1270.9","NMFS",2012,4,29,120,20,43.269415,-70.11657,9,3,6,9,0,"HB",0.024
"8284",513,"201202.371.1270.10","NMFS",2012,4,29,120,20,43.247742,-70.03444,6,6,0,6,0,"HB",0.024
"8285",513,"201202.372.1270.3","NMFS",2012,4,29,120,20.02,43.251253,-70.022928,8,8,0,8,0,"HB",0.024
"8286",513,"201202.373.1400.3","NMFS",2012,4,29,120,20.02,43.394743,-70.121662,124,62,62,108,16,"HB",0.024
"8287",513,"201202.374.1380.4","NMFS",2012,4,29,120,20.02,43.387118,-69.820817,11,8,3,10,1,"HB",0.024
"8288",513,"201202.375.1380.1","NMFS",2012,4,29,120,20,43.407662,-69.378403,2,2,0,2,0,"HB",0.024
"8289",513,"201202.376.1400.4","NMFS",2012,4,30,121,20,43.701262,-69.52416,209,93,116,152,57,"HB",0.024
"8290",513,"201202.377.1400.7","NMFS",2012,4,30,121,20,43.743308,-69.47638,436,208,228,259,177,"HB",0.024
"8291",512,"201202.379.1390.3","NMFS",2012,4,30,121,20.02,43.932688,-68.502887,233,117,116,180,53,"HB",0.024
"8292",512,"201202.380.1390.2","NMFS",2012,4,30,121,20,43.928877,-68.493128,212,111,101,135,77,"HB",0.024
"8293",512,"201202.381.1390.1","NMFS",2012,4,30,121,20,43.938815,-68.447695,228,123,105,196,32,"HB",0.024
"8294",512,"201202.382.1390.8","NMFS",2012,4,30,121,20.02,43.959352,-68.353238,212,112,100,182,30,"HB",0.024
"8295",512,"201202.383.1380.2","NMFS",2012,5,1,122,20.02,43.938137,-68.104137,67,39,28,63,4,"HB",0.024
"8296",512,"201202.384.1380.9","NMFS",2012,5,1,122,20,43.91931,-68.07428,15,15,0,15,0,"HB",0.024
"8297",512,"201202.385.1390.9","NMFS",2012,5,1,122,20.02,44.105028,-68.079848,220,110,110,150,70,"HB",0.024
"8298",511,"201202.386.1380.8","NMFS",2012,5,1,122,20.92,44.299722,-67.374925,11,7,4,10,1,"HB",0.024
"8299",511,"201202.387.1351.2","NMFS",2012,5,1,122,20.02,44.282502,-67.181018,11,9,2,11,0,"HB",0.024
"8300",466,"201202.390.1351.3","NMFS",2012,5,1,122,20,44.136598,-66.7283,22,9,13,19,3,"HB",0.024
"8301",511,"201202.391.1351.5","NMFS",2012,5,2,123,20,44.178257,-67.121757,4,2,2,3,1,"HB",0.024
"8302",511,"201202.392.1340.6","NMFS",2012,5,2,123,20.02,44.147038,-67.27135,7,6,1,7,0,"HB",0.024
"8303",511,"201202.393.1360.3","NMFS",2012,5,2,123,20.03,44.051762,-67.552357,2,2,0,2,0,"HB",0.024
"8304",511,"201202.394.1380.7","NMFS",2012,5,2,123,20.02,44.01038,-67.72177,5,3,2,5,0,"HB",0.024
"8305",512,"201202.395.1380.6","NMFS",2012,5,2,123,20.02,43.659972,-68.255202,8,5,3,8,0,"HB",0.024
"8306",512,"201202.396.1380.5","NMFS",2012,5,2,123,20,43.366513,-68.571728,4,3,1,4,0,"HB",0.024
"8307",513,"201202.397.1370.2","NMFS",2012,5,3,124,20.03,43.19629,-69.102192,4,4,0,4,0,"HB",0.024
"8308",513,"201202.399.1370.7","NMFS",2012,5,3,124,16.63,43.167368,-69.597203,19,19,0,19,0,"HB",0.024
"8309",513,"201202.400.1370.6","NMFS",2012,5,3,124,20,43.024912,-69.596803,5,5,0,5,0,"HB",0.024
"8310",513,"201202.401.1370.1","NMFS",2012,5,3,124,20,42.842697,-69.446493,1,0,1,1,0,"HB",0.024
"8311",515,"201202.402.1280.6","NMFS",2012,5,3,124,20.02,42.628173,-69.39338,0,0,0,0,0,"HB",0.024
"8312",514,"201202.403.1280.3","NMFS",2012,5,3,124,20,42.633038,-69.892767,1,1,0,1,0,"HB",0.024
"8313",514,"201202.404.1270.2","NMFS",2012,5,4,125,20.02,42.525253,-69.918817,1,1,0,1,0,"HB",0.024
"8314",514,"201202.405.1270.7","NMFS",2012,5,4,125,20.02,42.548462,-70.024598,10,9,1,10,0,"HB",0.024
"8315",526,"201302.190.1100.3","NMFS",2013,4,3,93,20.02,40.112153,-69.837007,0,0,0,0,0,"HB",0.024
"8316",526,"201302.191.1110.3","NMFS",2013,4,3,93,20.02,39.994713,-69.540493,0,0,0,0,0,"HB",0.024
"8317",526,"201302.192.1110.1","NMFS",2013,4,3,93,20,40.011722,-69.288423,2,1,1,2,0,"HB",0.024
"8318",526,"201302.193.1120.1","NMFS",2013,4,3,93,20.02,40.02891,-69.11708,1,0,1,1,0,"HB",0.024
"8319",526,"201302.194.1120.3","NMFS",2013,4,3,93,20.02,40.054173,-68.935647,0,0,0,0,0,"HB",0.024
"8320",526,"201302.195.1110.4","NMFS",2013,4,3,93,20,40.146168,-68.937652,0,0,0,0,0,"HB",0.024
"8321",526,"201302.196.1100.8","NMFS",2013,4,3,93,20.02,40.363773,-69.01734,0,0,0,0,0,"HB",0.024
"8322",526,"201302.197.1100.7","NMFS",2013,4,4,94,20,40.26332,-69.399095,0,0,0,0,0,"HB",0.024
"8323",526,"201302.198.1100.6","NMFS",2013,4,4,94,20,40.372493,-69.559805,0,0,0,0,0,"HB",0.024
"8324",526,"201302.199.1090.2","NMFS",2013,4,4,94,20.02,40.584605,-69.480822,0,0,0,0,0,"HB",0.024
"8325",526,"201302.200.1090.3","NMFS",2013,4,4,94,20.02,40.727958,-69.679795,0,0,0,0,0,"HB",0.024
"8326",526,"201302.201.1100.9","NMFS",2013,4,4,94,20.37,40.59718,-69.11953,0,0,0,0,0,"HB",0.024
"8327",526,"201302.202.1100.5","NMFS",2013,4,4,94,20.02,40.736792,-69.217127,0,0,0,0,0,"HB",0.024
"8328",526,"201302.203.1100.4","NMFS",2013,4,4,94,20,40.824715,-69.162675,0,0,0,0,0,"HB",0.024
"8329",521,"201302.206.1250.3","NMFS",2013,4,10,100,20,41.131313,-69.289582,0,0,0,0,0,"HB",0.024
"8330",521,"201302.207.1230.5","NMFS",2013,4,10,100,20,41.22403,-69.180085,0,0,0,0,0,"HB",0.024
"8331",521,"201302.208.1230.6","NMFS",2013,4,10,100,20,41.096055,-68.971155,0,0,0,0,0,"HB",0.024
"8332",521,"201302.209.1240.4","NMFS",2013,4,10,100,20,41.260358,-69.023085,7,5,2,7,0,"HB",0.024
"8333",521,"201302.210.1240.5","NMFS",2013,4,10,100,20,41.361035,-68.969352,1,0,1,1,0,"HB",0.024
"8334",521,"201302.211.1230.3","NMFS",2013,4,10,100,20.02,41.454278,-69.28315,0,0,0,0,0,"HB",0.024
"8335",521,"201302.212.1250.4","NMFS",2013,4,11,101,20,41.288002,-69.388593,0,0,0,0,0,"HB",0.024
"8336",521,"201302.213.1250.1","NMFS",2013,4,11,101,20,41.333058,-69.45634,0,0,0,0,0,"HB",0.024
"8337",521,"201302.214.1230.7","NMFS",2013,4,11,101,19.98,41.592068,-69.558185,0,0,0,0,0,"HB",0.024
"8338",521,"201302.215.1250.5","NMFS",2013,4,11,101,20,41.633865,-69.736432,0,0,0,0,0,"HB",0.024
"8339",521,"201302.218.1230.8","NMFS",2013,4,11,101,20.02,41.90631,-69.80113,2,2,0,2,0,"HB",0.024
"8340",521,"201302.219.1280.3","NMFS",2013,4,11,101,20.02,42.094215,-69.383063,0,0,0,0,0,"HB",0.024
"8341",521,"201302.220.1280.1","NMFS",2013,4,11,101,20,41.923018,-69.326913,0,0,0,0,0,"HB",0.024
"8342",521,"201302.221.1240.3","NMFS",2013,4,12,102,20.02,41.83271,-69.338313,0,0,0,0,0,"HB",0.024
"8343",521,"201302.222.1240.6","NMFS",2013,4,12,102,20,41.678168,-69.052152,3,3,0,3,0,"HB",0.024
"8344",522,"201302.223.1240.2","NMFS",2013,4,12,102,20.02,41.53996,-68.79464,2,1,1,2,0,"HB",0.024
"8345",522,"201302.224.1240.7","NMFS",2013,4,12,102,20,41.441877,-68.754743,0,0,0,0,0,"HB",0.024
"8346",522,"201302.226.1240.9","NMFS",2013,4,12,102,20.02,41.543132,-68.658875,0,0,0,0,0,"HB",0.024
"8347",522,"201302.227.1230.4","NMFS",2013,4,12,102,20,41.410013,-68.520857,0,0,0,0,0,"HB",0.024
"8348",522,"201302.228.1200.1","NMFS",2013,4,12,102,20.02,41.46266,-68.305447,0,0,0,0,0,"HB",0.024
"8349",522,"201302.229.1200.2","NMFS",2013,4,12,102,20,41.42031,-68.309698,0,0,0,0,0,"HB",0.024
"8350",522,"201302.230.1190.3","NMFS",2013,4,13,103,20.02,41.055972,-68.511052,6,4,2,3,3,"HB",0.024
"8351",522,"201302.231.1230.2","NMFS",2013,4,13,103,20,41.0253,-68.689057,1,0,1,0,1,"HB",0.024
"8352",522,"201302.232.1230.1","NMFS",2013,4,13,103,20,41.021043,-68.761503,0,0,0,0,0,"HB",0.024
"8353",525,"201302.233.1130.9","NMFS",2013,4,13,103,20,40.821867,-68.739573,2,1,1,1,1,"HB",0.024
"8354",525,"201302.234.1130.11","NMFS",2013,4,13,103,19.98,40.746853,-68.625515,0,0,0,0,0,"HB",0.024
"8355",525,"201302.235.1130.10","NMFS",2013,4,13,103,20,40.650988,-68.719183,1,1,0,1,0,"HB",0.024
"8356",525,"201302.236.1130.12","NMFS",2013,4,13,103,20.02,40.554838,-68.340042,0,0,0,0,0,"HB",0.024
"8357",525,"201302.237.1130.5","NMFS",2013,4,13,103,20,40.580933,-68.118643,0,0,0,0,0,"HB",0.024
"8358",525,"201302.238.1130.2","NMFS",2013,4,14,104,20,40.55714,-67.948595,0,0,0,0,0,"HB",0.024
"8359",525,"201302.239.1140.3","NMFS",2013,4,14,104,20.02,40.401238,-67.963652,0,0,0,0,0,"HB",0.024
"8360",525,"201302.240.1150.2","NMFS",2013,4,14,104,20,40.319107,-67.909622,0,0,0,0,0,"HB",0.024
"8361",525,"201302.241.1150.1","NMFS",2013,4,14,104,20.02,40.404008,-67.8672,0,0,0,0,0,"HB",0.024
"8362",525,"201302.242.1130.14","NMFS",2013,4,14,104,20.02,40.576873,-67.769642,0,0,0,0,0,"HB",0.024
"8363",525,"201302.243.1150.3","NMFS",2013,4,14,104,20.02,40.44804,-67.329557,3,3,0,3,0,"HB",0.024
"8364",525,"201302.244.1130.1","NMFS",2013,4,14,104,20,40.686563,-67.494475,0,0,0,0,0,"HB",0.024
"8365",525,"201302.245.1130.13","NMFS",2013,4,14,104,20,40.830513,-67.836953,0,0,0,0,0,"HB",0.024
"8366",525,"201302.246.1130.4","NMFS",2013,4,14,104,20,40.907562,-67.940462,0,0,0,0,0,"HB",0.024
"8367",525,"201302.247.1190.8","NMFS",2013,4,14,104,20.02,40.98127,-67.806448,0,0,0,0,0,"HB",0.024
"8368",525,"201302.248.1190.2","NMFS",2013,4,15,105,20.02,41.056253,-67.680033,0,0,0,0,0,"HB",0.024
"8369",525,"201302.249.1130.6","NMFS",2013,4,15,105,20.02,41.163472,-67.329392,0,0,0,0,0,"HB",0.024
"8370",525,"201302.251.1130.8","NMFS",2013,4,15,105,20,40.823742,-67.240982,0,0,0,0,0,"HB",0.024
"8371",525,"201302.252.1140.4","NMFS",2013,4,15,105,20,40.65459,-67.123423,0,0,0,0,0,"HB",0.024
"8372",525,"201302.253.1140.2","NMFS",2013,4,15,105,20,40.68785,-67.074217,1,1,0,1,0,"HB",0.024
"8373",525,"201302.254.1130.7","NMFS",2013,4,15,105,20.02,40.827792,-67.037652,0,0,0,0,0,"HB",0.024
"8374",562,"201302.255.1130.15","NMFS",2013,4,15,105,20,40.89885,-66.96509,0,0,0,0,0,"HB",0.024
"8375",525,"201302.256.1140.1","NMFS",2013,4,15,105,20.02,40.774603,-66.861443,0,0,0,0,0,"HB",0.024
"8376",562,"201302.257.1180.3","NMFS",2013,4,15,105,20,40.786245,-66.746572,0,0,0,0,0,"HB",0.024
"8377",562,"201302.258.1180.2","NMFS",2013,4,15,105,20.02,40.932938,-66.532525,2,2,0,2,0,"HB",0.024
"8378",562,"201302.259.1170.2","NMFS",2013,4,16,106,20.02,40.982897,-66.526932,0,0,0,0,0,"HB",0.024
"8379",562,"201302.260.1170.1","NMFS",2013,4,16,106,20.02,41.016063,-66.461082,1,1,0,1,0,"HB",0.024
"8380",562,"201302.261.1160.11","NMFS",2013,4,16,106,20,41.20485,-66.533208,0,0,0,0,0,"HB",0.024
"8381",562,"201302.262.1160.9","NMFS",2013,4,16,106,20,41.3044,-66.733333,0,0,0,0,0,"HB",0.024
"8382",562,"201302.263.1190.10","NMFS",2013,4,16,106,20,41.568692,-67.114068,0,0,0,0,0,"HB",0.024
"8383",562,"201302.265.1160.14","NMFS",2013,4,16,106,20,41.544127,-66.97262,0,0,0,0,0,"HB",0.024
"8384",552,"201302.266.1160.2","NMFS",2013,4,16,106,20,41.440198,-66.544357,0,0,0,0,0,"HB",0.024
"8385",552,"201302.267.1160.6","NMFS",2013,4,16,106,20.02,41.417183,-66.47985,0,0,0,0,0,"HB",0.024
"8386",552,"201302.268.1160.3","NMFS",2013,4,16,106,20,41.33978,-66.399698,19,19,0,19,0,"HB",0.024
"8387",552,"201302.269.1170.3","NMFS",2013,4,16,106,20.02,41.428015,-66.15355,2,1,1,2,0,"HB",0.024
"8388",552,"201302.270.1180.5","NMFS",2013,4,17,107,20.02,41.374522,-66.052682,19,16,3,19,0,"HB",0.024
"8389",552,"201302.271.1170.5","NMFS",2013,4,17,107,20,41.512143,-66.040658,2,1,1,2,0,"HB",0.024
"8390",552,"201302.272.1160.8","NMFS",2013,4,17,107,20.02,41.616505,-66.189933,5,5,0,5,0,"HB",0.024
"8391",552,"201302.273.1160.13","NMFS",2013,4,17,107,20,41.65322,-66.03169,3,3,0,3,0,"HB",0.024
"8392",551,"201302.278.1170.4","NMFS",2013,4,17,107,20,41.848343,-65.844895,3,2,1,3,0,"HB",0.024
"8393",551,"201302.280.1160.12","NMFS",2013,4,18,108,20.02,41.873887,-66.400823,7,3,4,7,0,"HB",0.024
"8394",551,"201302.281.1160.1","NMFS",2013,4,18,108,20,41.983167,-66.16372,0,0,0,0,0,"HB",0.024
"8395",551,"201302.282.1180.9","NMFS",2013,4,18,108,20,42.046925,-65.909647,15,13,2,15,0,"HB",0.024
"8396",551,"201302.284.1290.10","NMFS",2013,4,18,108,20,42.181617,-66.071583,53,50,3,53,0,"HB",0.024
"8397",464,"201302.285.1290.2","NMFS",2013,4,18,108,20.02,42.370855,-65.922808,2,1,1,2,0,"HB",0.024
"8398",551,"201302.286.1220.2","NMFS",2013,4,18,108,20,42.172085,-66.383148,3,3,0,3,0,"HB",0.024
"8399",551,"201302.287.1220.1","NMFS",2013,4,18,108,20,42.152083,-66.41987,4,2,2,4,0,"HB",0.024
"8400",551,"201302.289.1210.5","NMFS",2013,4,19,109,20,42.094213,-66.889537,0,0,0,0,0,"HB",0.024
"8401",551,"201302.290.1210.4","NMFS",2013,4,19,109,20.02,42.087748,-66.908912,0,0,0,0,0,"HB",0.024
"8402",551,"201302.291.1160.5","NMFS",2013,4,19,109,20,41.99176,-66.800957,0,0,0,0,0,"HB",0.024
"8403",551,"201302.292.1160.7","NMFS",2013,4,19,109,20.02,41.97072,-66.97093,4,2,2,3,1,"HB",0.024
"8404",522,"201302.293.1210.3","NMFS",2013,4,20,110,20.02,41.93313,-67.945997,0,0,0,0,0,"HB",0.024
"8405",522,"201302.294.1210.1","NMFS",2013,4,20,110,20,41.845567,-68.063157,0,0,0,0,0,"HB",0.024
"8406",522,"201302.297.1200.7","NMFS",2013,4,20,110,20,41.56389,-67.96609,0,0,0,0,0,"HB",0.024
"8407",522,"201302.298.1190.4","NMFS",2013,4,21,111,20.03,41.536603,-67.730023,0,0,0,0,0,"HB",0.024
"8408",562,"201302.299.1190.1","NMFS",2013,4,21,111,20,41.515677,-67.363303,0,0,0,0,0,"HB",0.024
"8409",562,"201302.300.1190.9","NMFS",2013,4,21,111,20.02,41.709142,-67.531065,1,0,1,0,1,"HB",0.024
"8410",561,"201302.301.1190.11","NMFS",2013,4,21,111,20.02,41.834602,-67.363717,9,8,1,7,2,"HB",0.024
"8411",561,"201302.302.1190.12","NMFS",2013,4,21,111,20,41.896245,-67.26569,0,0,0,0,0,"HB",0.024
"8412",561,"201302.303.1200.4","NMFS",2013,4,21,111,20.02,41.924338,-67.277043,0,0,0,0,0,"HB",0.024
"8413",561,"201302.304.1200.3","NMFS",2013,4,21,111,20,42.035063,-67.369757,0,0,0,0,0,"HB",0.024
"8414",561,"201302.305.1220.4","NMFS",2013,4,21,111,20.02,42.078722,-67.624097,1,1,0,1,0,"HB",0.024
"8415",561,"201302.306.1220.3","NMFS",2013,4,21,111,20.02,42.175752,-67.226687,4,2,2,4,0,"HB",0.024
"8416",464,"201302.307.1300.2","NMFS",2013,4,22,112,20,42.44022,-67.440932,1,0,1,1,0,"HB",0.024
"8417",464,"201302.308.1300.3","NMFS",2013,4,22,112,20.02,42.416407,-67.023708,33,28,5,32,1,"HB",0.024
"8418",464,"201302.309.1300.1","NMFS",2013,4,22,112,20,42.51761,-67.14725,1,0,1,1,0,"HB",0.024
"8419",464,"201302.310.1360.7","NMFS",2013,4,22,112,20.02,42.828173,-67.16396,7,7,0,7,0,"HB",0.024
"8420",464,"201302.311.1360.8","NMFS",2013,4,22,112,20,42.998843,-67.214033,5,1,4,5,0,"HB",0.024
"8421",465,"201302.312.1360.6","NMFS",2013,4,22,112,20.02,43.153958,-67.39083,1,1,0,1,0,"HB",0.024
"8422",465,"201302.313.1360.3","NMFS",2013,4,22,112,20.02,43.254982,-67.174708,3,3,0,3,0,"HB",0.024
"8423",465,"201302.314.1340.5","NMFS",2013,4,22,112,20.03,43.356057,-66.897883,33,24,9,33,0,"HB",0.024
"8424",465,"201302.315.1340.1","NMFS",2013,4,23,113,20.02,43.662838,-67.043225,2,0,2,2,0,"HB",0.024
"8425",465,"201302.316.1340.4","NMFS",2013,4,23,113,20,43.75865,-67.145257,2,2,0,2,0,"HB",0.024
"8426",511,"201302.317.1340.3","NMFS",2013,4,23,113,20,43.852177,-66.923487,4,1,3,4,0,"HB",0.024
"8427",511,"201302.318.1340.6","NMFS",2013,4,23,113,20,43.968308,-66.949755,3,3,0,3,0,"HB",0.024
"8428",466,"201302.319.1351.3","NMFS",2013,4,23,113,20.02,44.270077,-66.692403,5,3,2,5,0,"HB",0.024
"8429",466,"201302.321.1351.5","NMFS",2013,4,23,113,19.98,44.29102,-66.814445,4,2,2,4,0,"HB",0.024
"8430",511,"201302.322.1351.1","NMFS",2013,4,23,113,20,44.222718,-66.984787,11,4,7,11,0,"HB",0.024
"8431",511,"201302.323.1351.4","NMFS",2013,4,23,113,20.02,44.270085,-67.093833,15,3,12,14,1,"HB",0.024
"8432",511,"201302.324.1340.7","NMFS",2013,4,24,114,20.02,44.16722,-67.221217,2,2,0,2,0,"HB",0.024
"8433",511,"201302.325.1390.5","NMFS",2013,4,24,114,20,44.421143,-67.448083,159,79,80,154,5,"HB",0.024
"8434",511,"201302.326.1390.2","NMFS",2013,4,24,114,20,44.43004,-67.537523,204,102,102,180,24,"HB",0.024
"8435",511,"201302.327.1390.3","NMFS",2013,4,24,114,20,44.293627,-67.82673,416,210,206,359,57,"HB",0.024
"8436",511,"201302.328.1340.2","NMFS",2013,4,24,114,20,44.015783,-67.402563,1,1,0,1,0,"HB",0.024
"8437",512,"201302.329.1380.3","NMFS",2013,4,24,114,20.02,43.712128,-68.182003,2,1,1,2,0,"HB",0.024
"8438",512,"201302.330.1380.2","NMFS",2013,4,24,114,20,43.809248,-68.217842,9,6,3,9,0,"HB",0.024
"8439",512,"201302.332.1390.6","NMFS",2013,4,25,115,20.08,43.8945,-68.384847,50,24,26,48,2,"HB",0.024
"8440",512,"201302.333.1380.6","NMFS",2013,4,25,115,20,43.790693,-68.614872,37,21,16,37,0,"HB",0.024
"8441",512,"201302.334.1390.1","NMFS",2013,4,25,115,20,43.818597,-69.065973,843,438,405,399,444,"HB",0.024
"8442",513,"201302.335.1380.5","NMFS",2013,4,25,115,20.02,43.50261,-69.043242,13,5,8,11,2,"HB",0.024
"8443",514,"201302.336.3590.2","NMFS",2013,4,30,120,20,41.808667,-70.450453,71,47,24,41,30,"HB",0.024
"8444",514,"201302.337.3600.2","NMFS",2013,5,1,121,20.02,41.897027,-70.397275,180,89,91,123,57,"HB",0.024
"8445",514,"201302.338.3600.1","NMFS",2013,5,1,121,20,41.959737,-70.218648,29,9,20,27,2,"HB",0.024
"8446",514,"201302.339.3590.3","NMFS",2013,5,1,121,20,42.009923,-70.136623,7,3,4,7,0,"HB",0.024
"8447",514,"201302.340.3610.3","NMFS",2013,5,1,121,20.02,42.00057,-70.260128,97,18,79,95,2,"HB",0.024
"8448",514,"201302.341.3610.1","NMFS",2013,5,1,121,20,42.046748,-70.362767,30,6,24,26,4,"HB",0.024
"8449",514,"201302.342.3610.2","NMFS",2013,5,1,121,20.03,42.155938,-70.119,1,1,0,1,0,"HB",0.024
"8450",514,"201302.343.3610.4","NMFS",2013,5,1,121,20.03,42.076703,-70.001875,1,1,0,1,0,"HB",0.024
"8451",521,"201302.344.3560.2","NMFS",2013,5,1,121,20,41.81904,-69.90855,1,1,0,1,0,"HB",0.024
"8452",514,"201302.346.3560.5","NMFS",2013,5,1,121,20.02,42.089125,-70.117107,4,0,4,3,1,"HB",0.024
"8453",521,"201302.347.1270.2","NMFS",2013,5,2,122,20.03,42.192612,-69.932983,19,18,1,19,0,"HB",0.024
"8454",514,"201302.349.1270.5","NMFS",2013,5,2,122,20.02,42.555575,-70.022097,5,4,1,5,0,"HB",0.024
"8455",515,"201302.350.1280.7","NMFS",2013,5,2,122,20.02,42.700983,-69.604058,0,0,0,0,0,"HB",0.024
"8456",515,"201302.351.1280.6","NMFS",2013,5,2,122,20.02,42.732243,-69.445717,0,0,0,0,0,"HB",0.024
"8457",515,"201302.352.1280.5","NMFS",2013,5,2,122,20.02,42.45097,-69.21003,0,0,0,0,0,"HB",0.024
"8458",515,"201302.354.1370.8","NMFS",2013,5,2,122,20,42.8045,-68.942718,0,0,0,0,0,"HB",0.024
"8459",515,"201302.355.1370.4","NMFS",2013,5,3,123,20.03,42.77989,-68.754807,0,0,0,0,0,"HB",0.024
"8460",515,"201302.356.1280.4","NMFS",2013,5,3,123,20.07,42.596178,-68.742513,1,1,0,1,0,"HB",0.024
"8461",515,"201302.357.1280.2","NMFS",2013,5,3,123,20,42.43855,-68.759185,0,0,0,0,0,"HB",0.024
"8462",522,"201302.358.1240.1","NMFS",2013,5,3,123,20,42.093727,-68.80344,1,1,0,1,0,"HB",0.024
"8463",515,"201302.359.1290.1","NMFS",2013,5,3,123,20.02,42.376152,-68.411947,0,0,0,0,0,"HB",0.024
"8464",522,"201302.360.1290.8","NMFS",2013,5,3,123,20.02,42.305568,-68.404717,1,1,0,1,0,"HB",0.024
"8465",522,"201302.361.1290.4","NMFS",2013,5,3,123,20,42.230792,-68.145357,1,1,0,1,0,"HB",0.024
"8466",522,"201302.362.1290.7","NMFS",2013,5,4,124,20.03,42.282655,-68.104448,0,0,0,0,0,"HB",0.024
"8467",515,"201302.363.1290.5","NMFS",2013,5,4,124,20,42.47535,-68.166087,0,0,0,0,0,"HB",0.024
"8468",515,"201302.364.1290.9","NMFS",2013,5,4,124,20.03,42.594097,-67.950308,2,2,0,2,0,"HB",0.024
"8469",515,"201302.365.1290.3","NMFS",2013,5,4,124,20,42.726393,-67.7079,3,2,1,3,0,"HB",0.024
"8470",515,"201302.366.1360.1","NMFS",2013,5,4,124,20.12,43.145127,-67.711763,1,1,0,1,0,"HB",0.024
"8471",465,"201302.367.1360.2","NMFS",2013,5,4,124,20.02,43.597712,-67.62084,1,1,0,1,0,"HB",0.024
"8472",512,"201302.368.1360.9","NMFS",2013,5,4,124,20,43.439015,-68.029355,3,3,0,3,0,"HB",0.024
"8473",512,"201302.369.1380.7","NMFS",2013,5,4,124,20,43.456833,-68.212905,4,4,0,4,0,"HB",0.024
"8474",512,"201302.370.1380.8","NMFS",2013,5,5,125,20,43.418545,-68.237608,1,0,1,1,0,"HB",0.024
"8475",512,"201302.371.1380.1","NMFS",2013,5,5,125,20,43.338202,-68.401347,4,4,0,4,0,"HB",0.024
"8476",515,"201302.372.1360.4","NMFS",2013,5,5,125,20,43.2053,-68.1351,1,1,0,1,0,"HB",0.024
"8477",515,"201302.373.1360.5","NMFS",2013,5,5,125,20,43.08264,-68.170745,1,1,0,1,0,"HB",0.024
"8478",515,"201302.374.1370.3","NMFS",2013,5,5,125,20.02,43.007873,-68.663262,1,1,0,1,0,"HB",0.024
"8479",515,"201302.375.1370.6","NMFS",2013,5,5,125,20.02,43.136163,-68.809522,3,3,0,3,0,"HB",0.024
"8480",515,"201302.376.1370.5","NMFS",2013,5,5,125,18.77,43.083667,-69.0155,5,4,1,5,0,"HB",0.024
"8481",513,"201302.377.1370.2","NMFS",2013,5,5,125,20,43.025975,-69.621497,5,5,0,5,0,"HB",0.024
"8482",513,"201302.378.1370.7","NMFS",2013,5,5,125,20,43.117055,-69.856648,0,0,0,0,0,"HB",0.024
"8483",513,"201302.379.1380.4","NMFS",2013,5,6,126,20,43.395463,-69.571678,1,1,0,1,0,"HB",0.024
"8484",513,"201302.380.1400.3","NMFS",2013,5,6,126,20,43.519478,-69.927808,35,22,13,32,3,"HB",0.024
"8485",513,"201302.381.1270.3","NMFS",2013,5,6,126,20.02,43.30038,-70.00065,16,15,1,16,0,"HB",0.024
"8486",513,"201302.382.1270.1","NMFS",2013,5,6,126,20.02,43.256098,-69.969153,22,22,0,22,0,"HB",0.024
"8487",513,"201302.383.1400.2","NMFS",2013,5,6,126,20.02,43.041077,-70.37181,44,16,28,41,3,"HB",0.024
"8488",513,"201302.384.1270.4","NMFS",2013,5,6,126,20,43.016515,-70.36054,30,11,19,29,1,"HB",0.024
"8489",513,"201302.385.1400.1","NMFS",2013,5,6,126,20.03,42.960782,-70.406448,21,8,13,20,1,"HB",0.024
"8490",513,"201302.386.3650.3","NMFS",2013,5,6,126,20.02,42.857715,-70.7043,186,93,93,172,14,"HB",0.024
"8491",513,"201302.387.3640.2","NMFS",2013,5,6,126,20.13,42.840862,-70.743563,35,21,14,34,1,"HB",0.024
"8492",514,"201302.391.1260.8","NMFS",2013,5,7,127,20.02,42.748922,-70.287192,6,5,1,6,0,"HB",0.024
"8493",514,"201302.392.1260.5","NMFS",2013,5,7,127,20,42.60417,-70.105245,5,5,0,5,0,"HB",0.024
"8494",514,"201302.393.1260.11","NMFS",2013,5,7,127,20,42.641407,-70.264317,1,1,0,1,0,"HB",0.024
"8495",514,"201302.395.3660.2","NMFS",2013,5,7,127,20,42.50878,-70.674218,71,18,53,65,6,"HB",0.024
"8496",514,"201302.396.3650.1","NMFS",2013,5,7,127,20.03,42.516007,-70.719665,86,40,46,82,4,"HB",0.024
"8497",514,"201302.397.3650.4","NMFS",2013,5,7,127,20,42.39193,-70.74885,55,33,22,51,4,"HB",0.024
"8498",514,"201302.398.3640.3","NMFS",2013,5,7,127,17.53,42.332442,-70.76332,163,69,94,131,32,"HB",0.024
"8499",514,"201302.399.3660.1","NMFS",2013,5,7,127,20.03,42.334047,-70.6554,9,5,4,8,1,"HB",0.024
"8500",514,"201302.400.3640.1","NMFS",2013,5,8,128,20.02,42.2609,-70.63809,93,55,38,73,20,"HB",0.024
"8501",514,"201302.401.3660.3","NMFS",2013,5,8,128,20.02,42.267177,-70.54196,14,5,9,13,1,"HB",0.024
"8502",514,"201302.402.1260.3","NMFS",2013,5,8,128,20.02,42.381823,-70.530658,17,5,12,17,0,"HB",0.024
"8503",514,"201302.404.1260.15","NMFS",2013,5,8,128,20,42.446997,-70.281695,12,11,1,12,0,"HB",0.024
"8504",514,"201302.405.1260.2","NMFS",2013,5,8,128,17.5,42.37785,-70.294975,3,3,0,3,0,"HB",0.024
"8505",514,"201302.406.1260.16","NMFS",2013,5,8,128,20.02,42.243903,-70.167437,0,0,0,0,0,"HB",0.024
"8506",514,"201302.407.1260.4","NMFS",2013,5,8,128,20.02,42.253117,-70.332493,13,7,6,12,1,"HB",0.024
"8507",514,"201302.408.1260.1","NMFS",2013,5,8,128,20.02,42.15814,-70.44151,35,14,21,26,9,"HB",0.024
"8508",514,"201302.409.3590.1","NMFS",2013,5,8,128,20,41.964355,-70.541105,83,48,35,51,32,"HB",0.024
"8509",514,"201302.410.3600.3","NMFS",2013,5,9,129,20.02,41.937335,-70.336,338,118,220,268,70,"HB",0.024
"8510",526,"201402.162.1100.9","NMFS",2014,4,21,111,20.07,40.226112,-69.90447,0,0,0,0,0,"HB",0.024
"8511",526,"201402.163.1110.2","NMFS",2014,4,21,111,20.03,39.958003,-69.822545,0,0,0,0,0,"HB",0.024
"8512",526,"201402.164.1100.5","NMFS",2014,4,21,111,20.03,40.189362,-69.334312,0,0,0,0,0,"HB",0.024
"8513",526,"201402.165.1100.2","NMFS",2014,4,21,111,20,40.133633,-69.24311,0,0,0,0,0,"HB",0.024
"8514",526,"201402.166.1120.3","NMFS",2014,4,22,112,20.05,39.9895,-69.262667,0,0,0,0,0,"HB",0.024
"8515",526,"201402.167.1110.4","NMFS",2014,4,22,112,20,40.081698,-68.953032,0,0,0,0,0,"HB",0.024
"8516",526,"201402.168.1120.2","NMFS",2014,4,22,112,20.02,40.092327,-68.865222,0,0,0,0,0,"HB",0.024
"8517",525,"201402.170.1140.1","NMFS",2014,4,22,112,20,40.156118,-68.70138,0,0,0,0,0,"HB",0.024
"8518",525,"201402.171.1140.4","NMFS",2014,4,22,112,20.07,40.170197,-68.6085,0,0,0,0,0,"HB",0.024
"8519",526,"201402.172.1100.7","NMFS",2014,4,22,112,20.02,40.291673,-69.141938,0,0,0,0,0,"HB",0.024
"8520",526,"201402.173.1100.3","NMFS",2014,4,22,112,20,40.371542,-69.05476,0,0,0,0,0,"HB",0.024
"8521",526,"201402.174.1100.8","NMFS",2014,4,22,112,20,40.491952,-69.243185,0,0,0,0,0,"HB",0.024
"8522",526,"201402.175.1090.5","NMFS",2014,4,22,112,20.02,40.639335,-69.414667,0,0,0,0,0,"HB",0.024
"8523",526,"201402.176.1090.2","NMFS",2014,4,23,113,20.07,40.642892,-69.607018,0,0,0,0,0,"HB",0.024
"8524",526,"201402.177.1100.6","NMFS",2014,4,23,113,20.05,40.882715,-69.00418,2,2,0,2,0,"HB",0.024
"8525",521,"201402.178.1100.1","NMFS",2014,4,23,113,16.03,41.000333,-68.931667,0,0,0,0,0,"HB",0.024
"8526",521,"201402.180.1250.6","NMFS",2014,4,23,113,20,41.090333,-69.272667,2,2,0,1,1,"HB",0.024
"8527",521,"201402.181.1250.1","NMFS",2014,4,23,113,20,41.22608,-69.34765,0,0,0,0,0,"HB",0.024
"8528",521,"201402.182.1230.1","NMFS",2014,4,23,113,20.03,41.339215,-69.328308,0,0,0,0,0,"HB",0.024
"8529",521,"201402.187.1230.2","NMFS",2014,4,24,114,20.05,41.711768,-69.735145,0,0,0,0,0,"HB",0.024
"8530",521,"201402.189.1270.4","NMFS",2014,5,7,127,20.08,42.158147,-69.961833,8,8,0,8,0,"HB",0.024
"8531",521,"201402.190.1280.7","NMFS",2014,5,7,127,20.05,42.032478,-69.514478,0,0,0,0,0,"HB",0.024
"8532",521,"201402.191.1240.4","NMFS",2014,5,7,127,20.02,41.896958,-68.926802,1,1,0,1,0,"HB",0.024
"8533",522,"201402.192.1210.3","NMFS",2014,5,7,127,20.02,41.728652,-68.361758,0,0,0,0,0,"HB",0.024
"8534",522,"201402.193.1220.1","NMFS",2014,5,7,127,20.07,42.070375,-67.809675,3,3,0,3,0,"HB",0.024
"8535",522,"201402.194.1220.3","NMFS",2014,5,7,127,19.98,42.085713,-67.67238,6,6,0,6,0,"HB",0.024
"8536",561,"201402.195.1210.2","NMFS",2014,5,7,127,19.98,42.111485,-67.381737,2,2,0,2,0,"HB",0.024
"8537",561,"201402.196.1200.5","NMFS",2014,5,8,128,20,41.968667,-67.316667,0,0,0,0,0,"HB",0.024
"8538",561,"201402.197.1200.4","NMFS",2014,5,8,128,20.02,41.864758,-67.385813,7,2,5,5,2,"HB",0.024
"8539",562,"201402.199.1190.10","NMFS",2014,5,8,128,19.98,41.734667,-67.088333,0,0,0,0,0,"HB",0.024
"8540",562,"201402.200.1190.4","NMFS",2014,5,8,128,19.98,41.588547,-67.392845,1,1,0,1,0,"HB",0.024
"8541",522,"201402.201.1200.3","NMFS",2014,5,8,128,20,41.674407,-67.668487,0,0,0,0,0,"HB",0.024
"8542",522,"201402.202.1190.7","NMFS",2014,5,8,128,20.07,41.516182,-67.839833,1,0,1,1,0,"HB",0.024
"8543",525,"201402.203.1190.6","NMFS",2014,5,8,128,19.97,41.251263,-68.05572,0,0,0,0,0,"HB",0.024
"8544",525,"201402.204.1190.9","NMFS",2014,5,9,129,20,41.088677,-68.163623,0,0,0,0,0,"HB",0.024
"8545",522,"201402.205.1200.1","NMFS",2014,5,9,129,20.07,41.237812,-68.390013,6,4,2,5,1,"HB",0.024
"8546",522,"201402.206.1230.3","NMFS",2014,5,9,129,20.05,41.334773,-68.626467,0,0,0,0,0,"HB",0.024
"8547",522,"201402.209.1230.6","NMFS",2014,5,9,129,20,41.029607,-68.757088,0,0,0,0,0,"HB",0.024
"8548",525,"201402.210.1130.1","NMFS",2014,5,9,129,20.1,40.790057,-68.70368,0,0,0,0,0,"HB",0.024
"8549",525,"201402.211.1190.1","NMFS",2014,5,9,129,20.08,40.755585,-68.595207,0,0,0,0,0,"HB",0.024
"8550",525,"201402.212.1190.8","NMFS",2014,5,9,129,19.98,40.780035,-68.378153,0,0,0,0,0,"HB",0.024
"8551",525,"201402.213.1130.8","NMFS",2014,5,10,130,19.98,40.815572,-68.138015,0,0,0,0,0,"HB",0.024
"8552",525,"201402.215.1150.2","NMFS",2014,5,10,130,20.07,40.312445,-68.020518,0,0,0,0,0,"HB",0.024
"8553",525,"201402.216.1140.3","NMFS",2014,5,10,130,20,40.469568,-67.94338,0,0,0,0,0,"HB",0.024
"8554",525,"201402.217.1150.3","NMFS",2014,5,10,130,19.98,40.453485,-67.315177,8,6,2,8,0,"HB",0.024
"8555",525,"201402.218.1130.6","NMFS",2014,5,10,130,20.1,40.648772,-67.181033,0,0,0,0,0,"HB",0.024
"8556",525,"201402.219.1130.5","NMFS",2014,5,10,130,20.07,40.845375,-67.461583,0,0,0,0,0,"HB",0.024
"8557",525,"201402.220.1130.7","NMFS",2014,5,10,130,20.02,40.996157,-67.53591,0,0,0,0,0,"HB",0.024
"8558",562,"201402.221.1190.3","NMFS",2014,5,10,130,20,41.179267,-67.423427,0,0,0,0,0,"HB",0.024
"8559",525,"201402.222.1130.4","NMFS",2014,5,11,131,20,41.106872,-67.25027,0,0,0,0,0,"HB",0.024
"8560",562,"201402.223.1160.4","NMFS",2014,5,11,131,20.05,41.28831,-66.960593,0,0,0,0,0,"HB",0.024
"8561",562,"201402.224.1160.12","NMFS",2014,5,11,131,20.07,41.08533,-66.990277,0,0,0,0,0,"HB",0.024
"8562",525,"201402.225.1130.9","NMFS",2014,5,11,131,20.05,40.800245,-66.83888,0,0,0,0,0,"HB",0.024
"8563",562,"201402.226.1180.4","NMFS",2014,5,11,131,20.03,40.899,-66.586167,4,4,0,4,0,"HB",0.024
"8564",562,"201402.227.1170.3","NMFS",2014,5,11,131,20.03,40.9915,-66.515333,0,0,0,0,0,"HB",0.024
"8565",562,"201402.228.1180.2","NMFS",2014,5,11,131,20.07,41.014525,-66.42652,15,14,1,15,0,"HB",0.024
"8566",562,"201402.229.1170.4","NMFS",2014,5,11,131,20.1,41.055628,-66.451725,0,0,0,0,0,"HB",0.024
"8567",562,"201402.230.1160.8","NMFS",2014,5,11,131,20,41.289753,-66.566463,0,0,0,0,0,"HB",0.024
"8568",562,"201402.231.1160.2","NMFS",2014,5,11,131,20.1,41.529228,-66.642347,0,0,0,0,0,"HB",0.024
"8569",552,"201402.232.1160.14","NMFS",2014,5,12,132,20,41.554833,-66.57143,0,0,0,0,0,"HB",0.024
"8570",552,"201402.233.1160.11","NMFS",2014,5,12,132,20.02,41.47894,-66.471645,0,0,0,0,0,"HB",0.024
"8571",552,"201402.234.1160.7","NMFS",2014,5,12,132,20.12,41.314128,-66.332337,2,1,1,2,0,"HB",0.024
"8572",552,"201402.236.1180.5","NMFS",2014,5,12,132,19.38,41.323667,-66.182667,4,4,0,4,0,"HB",0.024
"8573",552,"201402.237.1160.5","NMFS",2014,5,12,132,20,41.5155,-66.166167,1,1,0,1,0,"HB",0.024
"8574",552,"201402.238.1160.3","NMFS",2014,5,12,132,20,41.766335,-66.419223,0,0,0,0,0,"HB",0.024
"8575",552,"201402.239.1160.6","NMFS",2014,5,12,132,20.07,41.730137,-66.128715,0,0,0,0,0,"HB",0.024
"8576",552,"201402.240.1170.1","NMFS",2014,5,12,132,20.07,41.639318,-65.88235,6,5,1,6,0,"HB",0.024
"8577",551,"201402.241.1170.2","NMFS",2014,5,12,132,19.98,41.854173,-65.870798,54,49,5,54,0,"HB",0.024
"8578",464,"201402.244.1290.2","NMFS",2014,5,13,133,18.87,42.169558,-65.82079,8,7,1,8,0,"HB",0.024
"8579",551,"201402.245.1160.13","NMFS",2014,5,13,133,20,42.018342,-66.09809,38,33,5,38,0,"HB",0.024
"8580",551,"201402.246.1160.1","NMFS",2014,5,13,133,20.02,42.050185,-66.174112,9,4,5,9,0,"HB",0.024
"8581",551,"201402.247.1220.2","NMFS",2014,5,13,133,20,42.169543,-66.257382,19,18,1,19,0,"HB",0.024
"8582",551,"201402.249.1220.5","NMFS",2014,5,13,133,20.08,42.155667,-66.487,2,2,0,2,0,"HB",0.024
"8583",551,"201402.250.1210.4","NMFS",2014,5,13,133,19.95,42.13873,-66.713837,4,1,3,4,0,"HB",0.024
"8584",551,"201402.251.1210.1","NMFS",2014,5,13,133,20,42.157272,-66.84386,56,48,8,56,0,"HB",0.024
"8585",551,"201402.252.1300.1","NMFS",2014,5,14,134,20,42.319635,-67.207295,2,2,0,2,0,"HB",0.024
"8586",464,"201402.253.1290.1","NMFS",2014,5,14,134,20.15,42.522365,-67.430482,3,2,1,3,0,"HB",0.024
"8587",464,"201402.255.1300.4","NMFS",2014,5,14,134,20.02,42.550213,-67.008528,11,10,1,11,0,"HB",0.024
"8588",464,"201402.256.1290.5","NMFS",2014,5,14,134,19.97,42.635377,-66.844475,0,0,0,0,0,"HB",0.024
"8589",464,"201402.257.1290.3","NMFS",2014,5,14,134,20.42,42.613333,-66.632,0,0,0,0,0,"HB",0.024
"8590",464,"201402.260.1360.13","NMFS",2014,5,14,134,20,42.930397,-66.800652,1,1,0,1,0,"HB",0.024
"8591",465,"201402.262.1340.3","NMFS",2014,5,15,135,20.03,43.302167,-66.8575,10,10,0,10,0,"HB",0.024
"8592",465,"201402.265.1360.11","NMFS",2014,5,15,135,20.02,43.522042,-67.427652,1,1,0,1,0,"HB",0.024
"8593",465,"201402.266.1360.5","NMFS",2014,5,15,135,20.02,43.543908,-67.354915,4,4,0,4,0,"HB",0.024
"8594",465,"201402.267.1340.6","NMFS",2014,5,15,135,20.02,43.819698,-66.959605,5,4,1,5,0,"HB",0.024
"8595",465,"201402.268.1340.2","NMFS",2014,5,15,135,20,43.896675,-66.8298,13,11,2,13,0,"HB",0.024
"8596",511,"201402.269.1340.4","NMFS",2014,5,15,135,20.08,44.024687,-66.958172,6,6,0,6,0,"HB",0.024
"8597",511,"201402.270.1340.7","NMFS",2014,5,15,135,18.03,44.047315,-67.083668,6,4,2,6,0,"HB",0.024
"8598",511,"201402.271.1340.1","NMFS",2014,5,15,135,20,44.039463,-67.289983,12,9,3,11,1,"HB",0.024
"8599",511,"201402.272.1351.1","NMFS",2014,5,16,136,19.98,44.349245,-67.021548,24,15,9,24,0,"HB",0.024
"8600",511,"201402.273.1351.2","NMFS",2014,5,16,136,20.08,44.292867,-67.235202,19,18,1,19,0,"HB",0.024
"8601",511,"201402.274.1351.3","NMFS",2014,5,16,136,20.12,44.315018,-67.283932,16,15,1,16,0,"HB",0.024
"8602",511,"201402.275.1351.4","NMFS",2014,5,16,136,20,44.345653,-67.286428,11,9,2,11,0,"HB",0.024
"8603",512,"201402.276.1390.8","NMFS",2014,5,16,136,20.03,44.251378,-67.914183,586,274,312,335,251,"HB",0.024
"8604",512,"201402.277.1390.4","NMFS",2014,5,17,137,20,44.165818,-67.951607,168,82,86,137,31,"HB",0.024
"8605",512,"201402.278.1380.8","NMFS",2014,5,17,137,20.07,43.933517,-68.06512,72,56,16,71,1,"HB",0.024
"8606",512,"201402.279.1380.4","NMFS",2014,5,17,137,20.07,43.79346,-68.133557,11,9,2,11,0,"HB",0.024
"8607",512,"201402.280.1380.1","NMFS",2014,5,17,137,20,43.74236,-68.439947,15,13,2,15,0,"HB",0.024
"8608",512,"201402.281.1390.1","NMFS",2014,5,17,137,20,43.940893,-68.35406,276,179,97,266,10,"HB",0.024
"8609",512,"201402.282.1390.5","NMFS",2014,5,17,137,20.07,44.088828,-68.100295,360,180,180,289,71,"HB",0.024
"8610",511,"201402.283.1380.7","NMFS",2014,5,17,137,20.03,44.168115,-67.59299,20,17,3,20,0,"HB",0.024
"8611",512,"201402.285.1360.3","NMFS",2014,5,18,138,20.03,43.81324,-67.718203,3,3,0,3,0,"HB",0.024
"8612",512,"201402.286.1360.7","NMFS",2014,5,18,138,20.12,43.771807,-67.821625,9,9,0,9,0,"HB",0.024
"8613",512,"201402.287.1360.4","NMFS",2014,5,18,138,20.03,43.622323,-67.867945,2,2,0,2,0,"HB",0.024
"8614",515,"201402.288.1360.9","NMFS",2014,5,18,138,20.02,43.293838,-67.794767,2,2,0,2,0,"HB",0.024
"8615",515,"201402.289.1360.6","NMFS",2014,5,18,138,20.08,43.108452,-67.889833,9,9,0,9,0,"HB",0.024
"8616",515,"201402.290.1360.2","NMFS",2014,5,18,138,20.02,43.095105,-67.817762,5,5,0,5,0,"HB",0.024
"8617",515,"201402.291.1360.10","NMFS",2014,5,18,138,20.02,42.843203,-67.893122,0,0,0,0,0,"HB",0.024
"8618",515,"201402.292.1290.9","NMFS",2014,5,19,139,20.03,42.773947,-67.78727,0,0,0,0,0,"HB",0.024
"8619",515,"201402.293.1290.8","NMFS",2014,5,19,139,20.07,42.414263,-68.191018,1,1,0,1,0,"HB",0.024
"8620",522,"201402.294.1290.6","NMFS",2014,5,19,139,20.03,42.23788,-67.799655,2,1,1,2,0,"HB",0.024
"8621",522,"201402.295.1290.7","NMFS",2014,5,19,139,20,42.178403,-67.928198,6,6,0,6,0,"HB",0.024
"8622",522,"201402.296.1240.2","NMFS",2014,5,19,139,20.02,42.171257,-68.309485,1,1,0,1,0,"HB",0.024
"8623",521,"201402.297.1240.3","NMFS",2014,5,19,139,20.02,42.141983,-68.923833,0,0,0,0,0,"HB",0.024
"8624",521,"201402.298.1240.1","NMFS",2014,5,19,139,20.02,41.824705,-68.959553,1,1,0,1,0,"HB",0.024
"8625",521,"201402.299.1240.6","NMFS",2014,5,20,140,20.03,41.909,-69.130167,2,2,0,2,0,"HB",0.024
"8626",521,"201402.300.1240.7","NMFS",2014,5,20,140,20.08,42.021552,-69.087572,0,0,0,0,0,"HB",0.024
"8627",515,"201402.301.1280.2","NMFS",2014,5,20,140,20.02,42.354233,-68.971082,0,0,0,0,0,"HB",0.024
"8628",515,"201402.302.1280.6","NMFS",2014,5,20,140,20,42.563967,-68.80256,1,1,0,1,0,"HB",0.024
"8629",515,"201402.303.1280.4","NMFS",2014,5,20,140,20.12,42.709952,-68.49741,0,0,0,0,0,"HB",0.024
"8630",515,"201402.304.1370.6","NMFS",2014,5,20,140,20.03,43.099378,-68.624767,1,1,0,1,0,"HB",0.024
"8631",515,"201402.305.1370.7","NMFS",2014,5,20,140,20,43.00773,-68.938715,6,6,0,6,0,"HB",0.024
"8632",513,"201402.306.1370.5","NMFS",2014,5,21,141,20,43.23918,-69.220213,7,7,0,7,0,"HB",0.024
"8633",513,"201402.307.1380.2","NMFS",2014,5,21,141,20.08,43.507833,-69.115185,5,5,0,5,0,"HB",0.024
"8634",512,"201402.308.1390.9","NMFS",2014,5,21,141,20.02,43.7955,-69.047333,690,321,369,339,351,"HB",0.024
"8635",513,"201402.309.1380.6","NMFS",2014,5,21,141,20.18,43.547695,-69.153087,23,16,7,18,5,"HB",0.024
"8636",513,"201402.310.1380.5","NMFS",2014,5,21,141,20.1,43.50218,-69.197377,2,2,0,2,0,"HB",0.024
"8637",513,"201402.311.1380.3","NMFS",2014,5,21,141,20,43.429128,-69.563367,4,4,0,4,0,"HB",0.024
"8638",513,"201402.312.1370.1","NMFS",2014,5,22,142,20.02,43.161723,-69.268088,3,3,0,3,0,"HB",0.024
"8639",515,"201402.313.1370.3","NMFS",2014,5,22,142,20.08,42.775928,-68.998025,1,1,0,1,0,"HB",0.024
"8640",515,"201402.314.1280.1","NMFS",2014,5,22,142,20.3,42.624623,-69.25445,2,2,0,2,0,"HB",0.024
"8641",513,"201402.315.1370.4","NMFS",2014,5,22,142,20.02,42.86032,-69.50694,2,2,0,2,0,"HB",0.024
"8642",515,"201402.316.1370.2","NMFS",2014,5,22,142,20.02,42.806553,-69.561798,2,2,0,2,0,"HB",0.024
"8643",514,"201402.317.1280.3","NMFS",2014,5,22,142,20.08,42.539468,-69.81082,2,2,0,2,0,"HB",0.024
"8644",514,"201402.318.1260.6","NMFS",2014,5,22,142,20.02,42.376248,-70.063477,0,0,0,0,0,"HB",0.024
"8645",521,"201402.319.1270.2","NMFS",2014,5,22,142,20.1,42.233277,-69.999012,16,15,1,16,0,"HB",0.024
"8646",514,"201402.320.3610.3","NMFS",2014,5,23,143,19.98,42.135943,-70.078408,9,9,0,9,0,"HB",0.024
"8647",514,"201402.324.3600.2","NMFS",2014,5,28,148,20.02,41.894167,-70.4115,316,124,192,231,85,"HB",0.024
"8648",514,"201402.325.3600.4","NMFS",2014,5,28,148,20,41.924833,-70.4655,182,80,102,137,45,"HB",0.024
"8649",514,"201402.326.3590.5","NMFS",2014,5,28,148,19.98,41.839667,-70.447833,32,16,16,25,7,"HB",0.024
"8650",514,"201402.327.3590.2","NMFS",2014,5,28,148,20,41.835148,-70.384042,17,4,13,10,7,"HB",0.024
"8651",514,"201402.328.3590.1","NMFS",2014,5,28,148,19.98,41.858565,-70.293193,20,5,15,13,7,"HB",0.024
"8652",514,"201402.329.3600.3","NMFS",2014,5,28,148,20.08,41.97133,-70.284187,10,6,4,10,0,"HB",0.024
"8653",514,"201402.330.3610.1","NMFS",2014,5,28,148,20.03,42.017128,-70.272425,6,2,4,6,0,"HB",0.024
"8654",514,"201402.331.3650.2","NMFS",2014,5,28,148,20.03,42.253667,-70.616833,15,7,8,14,1,"HB",0.024
"8655",514,"201402.332.3660.2","NMFS",2014,5,28,148,19.98,42.276152,-70.59523,12,3,9,12,0,"HB",0.024
"8656",514,"201402.333.3650.1","NMFS",2014,5,28,148,20.03,42.327338,-70.680938,42,19,23,41,1,"HB",0.024
"8657",514,"201402.334.3650.3","NMFS",2014,5,29,149,20.02,42.40522,-70.763732,67,48,19,59,8,"HB",0.024
"8658",514,"201402.335.3660.1","NMFS",2014,5,29,149,20.07,42.502813,-70.658955,95,33,62,90,5,"HB",0.024
"8659",514,"201402.336.3640.2","NMFS",2014,5,29,149,20.05,42.521832,-70.720995,116,68,48,100,16,"HB",0.024
"8660",514,"201402.337.3660.3","NMFS",2014,5,29,149,19.97,42.517467,-70.633597,109,44,65,95,14,"HB",0.024
"8661",514,"201402.338.1260.3","NMFS",2014,5,29,149,20.08,42.7955,-70.362333,2,1,1,2,0,"HB",0.024
"8662",513,"201402.339.1400.1","NMFS",2014,5,29,149,20.07,42.836387,-70.50702,5,2,3,5,0,"HB",0.024
"8663",514,"201402.340.3640.4","NMFS",2014,5,29,149,20,42.774722,-70.755097,88,50,38,84,4,"HB",0.024
"8664",514,"201402.341.3640.3","NMFS",2014,5,29,149,20.02,42.829167,-70.7535,94,45,49,82,12,"HB",0.024
"8665",513,"201402.343.1400.5","NMFS",2014,5,29,149,19.98,42.898473,-70.59439,54,27,27,38,16,"HB",0.024
"8666",513,"201402.344.1270.1","NMFS",2014,5,29,149,20.02,42.937,-70.366743,4,3,1,4,0,"HB",0.024
"8667",513,"201402.345.1400.2","NMFS",2014,5,30,150,20.08,43.1555,-70.311,7,4,3,6,1,"HB",0.024
"8668",513,"201402.346.1270.5","NMFS",2014,5,30,150,20.05,43.28621,-69.985628,4,3,1,4,0,"HB",0.024
"8669",514,"201402.347.1260.5","NMFS",2014,5,30,150,20.07,42.796,-70.1765,5,4,1,4,1,"HB",0.024
"8670",514,"201402.348.1270.3","NMFS",2014,5,30,150,20.05,42.747755,-70.139717,2,2,0,2,0,"HB",0.024
"8671",514,"201402.349.1260.1","NMFS",2014,5,30,150,20,42.674527,-70.223148,4,4,0,4,0,"HB",0.024
"8672",514,"201402.350.1260.4","NMFS",2014,5,30,150,20.03,42.611243,-70.307377,1,1,0,1,0,"HB",0.024
"8673",514,"201402.351.1260.2","NMFS",2014,5,30,150,20.02,42.486238,-70.339135,2,2,0,2,0,"HB",0.024
"8674",521,"201402.352.3610.2","NMFS",2014,5,31,151,20.05,42.069015,-69.981857,2,2,0,2,0,"HB",0.024
"8675",521,"201402.353.3560.2","NMFS",2014,5,31,151,19.97,41.794812,-69.893542,1,1,0,1,0,"HB",0.024
"8676",521,"201402.354.3560.3","NMFS",2014,5,31,151,19.97,41.7125,-69.8755,2,0,2,2,0,"HB",0.024
"8677",521,"201402.356.1250.8","NMFS",2014,5,31,151,20,41.576,-69.586167,3,3,0,3,0,"HB",0.024
"8678",521,"201402.357.1280.5","NMFS",2014,5,31,151,19.97,42.050452,-69.571925,3,3,0,3,0,"HB",0.024
"8679",526,"201502.203.1090.5","NMFS",2015,4,8,98,20,40.911737,-69.806652,0,0,0,0,0,"HB",0.024
"8680",526,"201502.204.1090.2","NMFS",2015,4,9,99,20.07,40.703717,-69.33241,0,0,0,0,0,"HB",0.024
"8681",526,"201502.205.1100.2","NMFS",2015,4,9,99,19.98,40.536275,-69.527,0,0,0,0,0,"HB",0.024
"8682",526,"201502.214.1120.2","NMFS",2015,4,10,100,20,39.94631,-69.974452,0,0,0,0,0,"HB",0.024
"8683",526,"201502.215.1110.3","NMFS",2015,4,10,100,19.98,39.973885,-69.873807,0,0,0,0,0,"HB",0.024
"8684",526,"201502.216.1110.4","NMFS",2015,4,10,100,19.97,40.045022,-69.6163,0,0,0,0,0,"HB",0.024
"8685",526,"201502.217.1100.6","NMFS",2015,4,10,100,20.08,40.158498,-69.443332,0,0,0,0,0,"HB",0.024
"8686",526,"201502.218.1100.8","NMFS",2015,4,10,100,20.08,40.23824,-69.56259,0,0,0,0,0,"HB",0.024
"8687",526,"201502.219.1100.7","NMFS",2015,4,10,100,20.05,40.323875,-69.596918,0,0,0,0,0,"HB",0.024
"8688",526,"201502.220.1100.3","NMFS",2015,4,10,100,19.98,40.371282,-69.279825,0,0,0,0,0,"HB",0.024
"8689",526,"201502.221.1110.2","NMFS",2015,4,10,100,20,40.14493,-69.01281,0,0,0,0,0,"HB",0.024
"8690",526,"201502.222.1110.1","NMFS",2015,4,10,100,19.97,40.240973,-68.963213,0,0,0,0,0,"HB",0.024
"8691",525,"201502.223.1130.9","NMFS",2015,4,11,101,20.02,40.41772,-68.776455,0,0,0,0,0,"HB",0.024
"8692",526,"201502.224.1100.5","NMFS",2015,4,11,101,20.03,40.477338,-69.021905,0,0,0,0,0,"HB",0.024
"8693",525,"201502.225.1130.5","NMFS",2015,4,11,101,19.98,40.791185,-68.719685,0,0,0,0,0,"HB",0.024
"8694",525,"201502.226.1190.11","NMFS",2015,4,11,101,19.98,40.913825,-68.438452,0,0,0,0,0,"HB",0.024
"8695",522,"201502.227.1200.2","NMFS",2015,4,11,101,20.73,41.090347,-68.571615,1,0,1,1,0,"HB",0.024
"8696",521,"201502.228.1230.6","NMFS",2015,4,11,101,19.98,41.254982,-68.858938,0,0,0,0,0,"HB",0.024
"8697",521,"201502.229.1250.3","NMFS",2015,4,11,101,19.95,41.170527,-69.272522,13,7,6,9,4,"HB",0.024
"8698",521,"201502.231.1230.1","NMFS",2015,4,12,102,20.03,41.287107,-69.224245,0,0,0,0,0,"HB",0.024
"8699",521,"201502.232.1230.2","NMFS",2015,4,12,102,20.03,41.292178,-69.167425,0,0,0,0,0,"HB",0.024
"8700",521,"201502.233.1230.4","NMFS",2015,4,12,102,19.98,41.464228,-69.28185,0,0,0,0,0,"HB",0.024
"8701",521,"201502.234.1250.2","NMFS",2015,4,12,102,19.97,41.471792,-69.401407,2,1,1,1,1,"HB",0.024
"8702",521,"201502.236.1250.5","NMFS",2015,4,12,102,20.03,41.586512,-69.626308,0,0,0,0,0,"HB",0.024
"8703",521,"201502.237.1250.4","NMFS",2015,4,12,102,20.02,41.586407,-69.7164,0,0,0,0,0,"HB",0.024
"8704",521,"201502.238.3560.3","NMFS",2015,4,12,102,20,41.78664,-69.890798,0,0,0,0,0,"HB",0.024
"8705",521,"201502.240.3560.2","NMFS",2015,4,12,102,19.98,41.818267,-69.900572,0,0,0,0,0,"HB",0.024
"8706",521,"201502.241.1240.6","NMFS",2015,4,12,102,19.98,41.737428,-69.544485,1,1,0,1,0,"HB",0.024
"8707",521,"201502.242.1240.4","NMFS",2015,4,13,103,20.03,41.53774,-69.148947,4,4,0,4,0,"HB",0.024
"8708",521,"201502.243.1240.5","NMFS",2015,4,13,103,20,41.558953,-68.836198,5,4,1,5,0,"HB",0.024
"8709",522,"201502.244.1230.7","NMFS",2015,4,13,103,20,41.409215,-68.551542,0,0,0,0,0,"HB",0.024
"8710",522,"201502.245.1230.5","NMFS",2015,4,13,103,19.97,41.585305,-68.483017,0,0,0,0,0,"HB",0.024
"8711",522,"201502.246.1200.6","NMFS",2015,4,13,103,20,41.611505,-68.423008,0,0,0,0,0,"HB",0.024
"8712",522,"201502.247.1240.3","NMFS",2015,4,13,103,20.02,41.882755,-68.402567,14,14,0,14,0,"HB",0.024
"8713",522,"201502.249.1290.11","NMFS",2015,4,13,103,20.05,41.8739,-68.280932,1,1,0,1,0,"HB",0.024
"8714",522,"201502.250.1220.1","NMFS",2015,4,13,103,19.97,41.872898,-68.191585,0,0,0,0,0,"HB",0.024
"8715",522,"201502.251.1210.2","NMFS",2015,4,13,103,20.02,41.91333,-67.95382,0,0,0,0,0,"HB",0.024
"8716",522,"201502.252.1210.3","NMFS",2015,4,13,103,19.98,41.934703,-67.84568,1,0,1,0,1,"HB",0.024
"8717",522,"201502.253.1200.3","NMFS",2015,4,13,103,19.97,41.81332,-67.699255,0,0,0,0,0,"HB",0.024
"8718",561,"201502.254.1200.4","NMFS",2015,4,13,103,20.02,41.855883,-67.434162,0,0,0,0,0,"HB",0.024
"8719",562,"201502.255.1190.5","NMFS",2015,4,14,104,20.02,41.64627,-67.318673,0,0,0,0,0,"HB",0.024
"8720",562,"201502.256.1190.1","NMFS",2015,4,14,104,18.38,41.598878,-67.445167,0,0,0,0,0,"HB",0.024
"8721",562,"201502.257.1160.7","NMFS",2015,4,14,104,19.97,41.487342,-67.091283,0,0,0,0,0,"HB",0.024
"8722",562,"201502.259.1190.10","NMFS",2015,4,14,104,20.02,41.452625,-67.53744,0,0,0,0,0,"HB",0.024
"8723",562,"201502.260.1190.4","NMFS",2015,4,14,104,19.98,41.387868,-67.56677,0,0,0,0,0,"HB",0.024
"8724",522,"201502.261.1200.5","NMFS",2015,4,14,104,20,41.535773,-67.959945,0,0,0,0,0,"HB",0.024
"8725",525,"201502.262.1190.9","NMFS",2015,4,14,104,20.3,41.222055,-68.067825,0,0,0,0,0,"HB",0.024
"8726",525,"201502.263.1190.12","NMFS",2015,4,15,105,20.02,41.19572,-67.977292,0,0,0,0,0,"HB",0.024
"8727",525,"201502.265.1190.6","NMFS",2015,4,15,105,20,40.867368,-68.302178,0,0,0,0,0,"HB",0.024
"8728",525,"201502.266.1130.8","NMFS",2015,4,15,105,19.98,40.632245,-68.337853,0,0,0,0,0,"HB",0.024
"8729",525,"201502.267.1130.2","NMFS",2015,4,15,105,20.02,40.587668,-68.092625,0,0,0,0,0,"HB",0.024
"8730",525,"201502.268.1140.1","NMFS",2015,4,15,105,20.1,40.483885,-67.854492,0,0,0,0,0,"HB",0.024
"8731",525,"201502.269.1150.3","NMFS",2015,4,15,105,19.97,40.39206,-67.8846,0,0,0,0,0,"HB",0.024
"8732",525,"201502.270.1150.1","NMFS",2015,4,15,105,19.98,40.349138,-67.740163,2,1,1,2,0,"HB",0.024
"8733",525,"201502.271.1140.3","NMFS",2015,4,15,105,20.02,40.419453,-67.59754,0,0,0,0,0,"HB",0.024
"8734",525,"201502.272.1140.4","NMFS",2015,4,16,106,20.02,40.523658,-67.538602,0,0,0,0,0,"HB",0.024
"8735",525,"201502.273.1150.2","NMFS",2015,4,16,106,20.03,40.461948,-67.251325,22,19,3,22,0,"HB",0.024
"8736",525,"201502.274.1130.6","NMFS",2015,4,16,106,20,40.68235,-67.265042,0,0,0,0,0,"HB",0.024
"8737",525,"201502.275.1130.4","NMFS",2015,4,16,106,19.98,40.742778,-67.543653,0,0,0,0,0,"HB",0.024
"8738",525,"201502.276.1130.10","NMFS",2015,4,16,106,20,40.770212,-67.66007,0,0,0,0,0,"HB",0.024
"8739",525,"201502.277.1130.7","NMFS",2015,4,16,106,20.03,40.801138,-67.702188,0,0,0,0,0,"HB",0.024
"8740",525,"201502.278.1130.1","NMFS",2015,4,16,106,20.03,40.872488,-67.77581,0,0,0,0,0,"HB",0.024
"8741",525,"201502.279.1130.3","NMFS",2015,4,16,106,20.05,41.051265,-67.564773,0,0,0,0,0,"HB",0.024
"8742",562,"201502.280.1160.12","NMFS",2015,4,16,106,20,41.130837,-67.021048,0,0,0,0,0,"HB",0.024
"8743",562,"201502.281.1160.5","NMFS",2015,4,16,106,19.97,41.020208,-66.93551,0,0,0,0,0,"HB",0.024
"8744",525,"201502.282.1140.2","NMFS",2015,4,16,106,20.03,40.73527,-66.889752,0,0,0,0,0,"HB",0.024
"8745",562,"201502.283.1170.4","NMFS",2015,4,17,107,20.02,40.971318,-66.538825,0,0,0,0,0,"HB",0.024
"8746",562,"201502.285.1180.2","NMFS",2015,4,17,107,20.02,41.120987,-66.350355,1,1,0,1,0,"HB",0.024
"8747",562,"201502.286.1170.3","NMFS",2015,4,17,107,20,41.131787,-66.404505,0,0,0,0,0,"HB",0.024
"8748",562,"201502.287.1160.9","NMFS",2015,4,17,107,19.97,41.150533,-66.551278,0,0,0,0,0,"HB",0.024
"8749",562,"201502.288.1160.1","NMFS",2015,4,17,107,20.02,41.298752,-66.755945,0,0,0,0,0,"HB",0.024
"8750",562,"201502.289.1160.8","NMFS",2015,4,17,107,20.02,41.32162,-66.526403,0,0,0,0,0,"HB",0.024
"8751",552,"201502.290.1170.1","NMFS",2015,4,17,107,20.02,41.423573,-66.188382,0,0,0,0,0,"HB",0.024
"8752",552,"201502.291.1160.6","NMFS",2015,4,17,107,20.22,41.542395,-66.246947,1,1,0,1,0,"HB",0.024
"8753",552,"201502.292.1160.2","NMFS",2015,4,17,107,19.97,41.657152,-66.194653,0,0,0,0,0,"HB",0.024
"8754",552,"201502.294.1160.17","NMFS",2015,4,18,108,20.02,41.656908,-66.001728,2,2,0,2,0,"HB",0.024
"8755",552,"201502.296.1160.15","NMFS",2015,4,18,108,20.02,41.620582,-65.998592,2,2,0,2,0,"HB",0.024
"8756",552,"201502.297.1170.2","NMFS",2015,4,18,108,20,41.782625,-65.82516,50,48,2,50,0,"HB",0.024
"8757",551,"201502.299.1180.5","NMFS",2015,4,18,108,19.98,41.901355,-65.75825,36,33,3,36,0,"HB",0.024
"8758",551,"201502.300.1180.1","NMFS",2015,4,18,108,20,41.942603,-65.772262,24,20,4,24,0,"HB",0.024
"8759",551,"201502.301.1220.2","NMFS",2015,4,18,108,20,42.095695,-66.046558,4,3,1,4,0,"HB",0.024
"8760",464,"201502.302.1290.5","NMFS",2015,4,18,108,20.02,42.380135,-65.881643,5,4,1,5,0,"HB",0.024
"8761",464,"201502.303.1290.3","NMFS",2015,4,18,108,20.05,42.462042,-65.962337,0,0,0,0,0,"HB",0.024
"8762",464,"201502.304.1290.8","NMFS",2015,4,18,108,19.98,42.621335,-66.704285,1,0,1,1,0,"HB",0.024
"8763",464,"201502.306.1360.11","NMFS",2015,4,19,109,20.02,42.893593,-66.938647,3,1,2,3,0,"HB",0.024
"8764",464,"201502.307.1360.12","NMFS",2015,4,19,109,19.98,42.901828,-67.01253,8,7,1,8,0,"HB",0.024
"8765",464,"201502.308.1360.6","NMFS",2015,4,19,109,19.98,42.869955,-67.139715,20,19,1,20,0,"HB",0.024
"8766",464,"201502.309.1290.9","NMFS",2015,4,19,109,20.02,42.635863,-66.906083,7,5,2,7,0,"HB",0.024
"8767",464,"201502.311.1300.4","NMFS",2015,4,19,109,20,42.430913,-66.695982,26,21,5,26,0,"HB",0.024
"8768",464,"201502.312.1300.1","NMFS",2015,4,19,109,20.03,42.386592,-66.734757,58,48,10,58,0,"HB",0.024
"8769",551,"201502.313.1210.1","NMFS",2015,4,19,109,20,42.158612,-66.949477,2,1,1,2,0,"HB",0.024
"8770",551,"201502.314.1220.4","NMFS",2015,4,20,110,20.02,42.18373,-66.869582,4,4,0,4,0,"HB",0.024
"8771",551,"201502.316.1210.5","NMFS",2015,4,20,110,20.02,42.150462,-66.659097,15,11,4,15,0,"HB",0.024
"8772",552,"201502.317.1160.4","NMFS",2015,4,20,110,20.2,41.77604,-66.556012,0,0,0,0,0,"HB",0.024
"8773",552,"201502.318.1160.11","NMFS",2015,4,20,110,19.97,41.733162,-66.543795,0,0,0,0,0,"HB",0.024
"8774",551,"201502.319.1160.10","NMFS",2015,4,20,110,20.03,41.85433,-66.860487,2,1,1,1,1,"HB",0.024
"8775",551,"201502.320.1160.3","NMFS",2015,4,20,110,20.03,41.925405,-66.891772,0,0,0,0,0,"HB",0.024
"8776",561,"201502.321.1200.1","NMFS",2015,4,20,110,20,42.067873,-67.103625,1,1,0,1,0,"HB",0.024
"8777",464,"201502.322.1300.3","NMFS",2015,4,20,110,19.93,42.453223,-67.324823,3,3,0,3,0,"HB",0.024
"8778",515,"201502.323.1290.4","NMFS",2015,4,20,110,19.97,42.477845,-67.757582,8,7,1,8,0,"HB",0.024
"8779",522,"201502.324.1290.1","NMFS",2015,4,21,111,20.02,42.310378,-67.771675,0,0,0,0,0,"HB",0.024
"8780",522,"201502.325.1220.3","NMFS",2015,4,21,111,19.98,42.157345,-67.694033,7,5,2,7,0,"HB",0.024
"8781",522,"201502.326.1290.10","NMFS",2015,4,21,111,20.12,42.202018,-67.90605,4,4,0,4,0,"HB",0.024
"8782",515,"201502.327.1290.7","NMFS",2015,4,21,111,19.95,42.471833,-68.064995,2,2,0,2,0,"HB",0.024
"8783",515,"201502.328.1290.2","NMFS",2015,4,21,111,20.03,42.611472,-68.360757,1,1,0,1,0,"HB",0.024
"8784",515,"201502.329.1360.1","NMFS",2015,4,21,111,20.02,42.80086,-68.334458,0,0,0,0,0,"HB",0.024
"8785",515,"201502.330.1280.3","NMFS",2015,4,21,111,20.02,42.534467,-68.63161,1,1,0,1,0,"HB",0.024
"8786",522,"201502.331.1240.2","NMFS",2015,4,22,112,20.03,42.225893,-68.566022,0,0,0,0,0,"HB",0.024
"8787",522,"201502.332.1240.1","NMFS",2015,4,22,112,20.03,42.247005,-68.668355,0,0,0,0,0,"HB",0.024
"8788",521,"201502.333.1240.8","NMFS",2015,4,22,112,20.03,42.067608,-69.148058,0,0,0,0,0,"HB",0.024
"8789",521,"201502.334.1280.4","NMFS",2015,4,22,112,20.05,41.961803,-69.544368,2,2,0,2,0,"HB",0.024
"8790",521,"201502.335.1240.7","NMFS",2015,4,22,112,20.03,41.92501,-69.584737,10,9,1,10,0,"HB",0.024
"8791",521,"201502.336.1270.1","NMFS",2015,4,22,112,20.02,42.146502,-69.784145,17,16,1,17,0,"HB",0.024
"8792",521,"201502.337.1280.1","NMFS",2015,4,22,112,19.97,42.243652,-69.87351,2,2,0,2,0,"HB",0.024
"8793",514,"201502.343.3650.3","NMFS",2015,4,27,117,20.07,42.429782,-70.746648,186,116,70,161,25,"HB",0.024
"8794",514,"201502.345.3640.3","NMFS",2015,4,28,118,19.95,42.337735,-70.795535,26,15,11,19,7,"HB",0.024
"8795",514,"201502.346.3640.2","NMFS",2015,4,28,118,20.15,42.255768,-70.636938,82,42,40,63,19,"HB",0.024
"8796",514,"201502.347.1260.1","NMFS",2015,4,28,118,20,42.29658,-70.552115,88,33,55,84,4,"HB",0.024
"8797",514,"201502.348.3660.5","NMFS",2015,4,28,118,20.03,42.218593,-70.512915,32,19,13,31,1,"HB",0.024
"8798",514,"201502.349.3660.3","NMFS",2015,4,28,118,20.02,42.192733,-70.509243,118,77,41,113,5,"HB",0.024
"8799",514,"201502.350.3610.3","NMFS",2015,4,28,118,19.97,42.044235,-70.48684,75,37,38,67,8,"HB",0.024
"8800",514,"201502.351.3590.3","NMFS",2015,4,28,118,20.02,41.975462,-70.554072,8,5,3,8,0,"HB",0.024
"8801",514,"201502.352.3600.3","NMFS",2015,4,28,118,20.03,41.957535,-70.472477,25,16,9,23,2,"HB",0.024
"8802",514,"201502.353.3610.2","NMFS",2015,4,28,118,20.03,41.997052,-70.38467,80,52,28,73,7,"HB",0.024
"8803",514,"201502.354.3600.1","NMFS",2015,4,28,118,20.07,41.874855,-70.329177,12,3,9,11,1,"HB",0.024
"8804",514,"201502.355.3590.1","NMFS",2015,4,28,118,20.05,41.85871,-70.261578,2,0,2,2,0,"HB",0.024
"8805",514,"201502.356.3590.2","NMFS",2015,4,28,118,19.95,41.879552,-70.2049,4,1,3,4,0,"HB",0.024
"8806",514,"201502.357.3600.2","NMFS",2015,4,29,119,19.98,41.9519,-70.226182,10,0,10,9,1,"HB",0.024
"8807",514,"201502.358.3560.1","NMFS",2015,4,29,119,19.98,42.08108,-70.092388,5,1,4,5,0,"HB",0.024
"8808",514,"201502.360.3610.4","NMFS",2015,4,29,119,20.17,42.151353,-70.130437,5,3,2,5,0,"HB",0.024
"8809",514,"201502.361.1260.8","NMFS",2015,4,29,119,20.05,42.328238,-70.161955,26,20,6,26,0,"HB",0.024
"8810",514,"201502.363.1260.5","NMFS",2015,4,29,119,19.95,42.42665,-70.350097,40,34,6,40,0,"HB",0.024
"8811",514,"201502.365.1260.7","NMFS",2015,4,29,119,20,42.486948,-70.156083,35,35,0,35,0,"HB",0.024
"8812",514,"201502.366.1260.9","NMFS",2015,4,29,119,20.03,42.645503,-70.23479,3,3,0,3,0,"HB",0.024
"8813",514,"201502.367.3660.1","NMFS",2015,4,29,119,20,42.652365,-70.482035,10,7,3,10,0,"HB",0.024
"8814",514,"201502.368.3650.2","NMFS",2015,4,30,120,20.02,42.74828,-70.670118,28,13,15,26,2,"HB",0.024
"8815",514,"201502.369.3650.1","NMFS",2015,4,30,120,20,42.763855,-70.669882,79,32,47,75,4,"HB",0.024
"8816",513,"201502.370.3640.1","NMFS",2015,4,30,120,20,42.841562,-70.744717,24,13,11,22,2,"HB",0.024
"8817",513,"201502.371.1400.3","NMFS",2015,4,30,120,19.98,42.875212,-70.458777,9,8,1,9,0,"HB",0.024
"8818",513,"201502.372.1380.6","NMFS",2015,4,30,120,20,43.378612,-69.828642,13,10,3,13,0,"HB",0.024
"8819",513,"201502.373.1380.8","NMFS",2015,4,30,120,20.02,43.399333,-69.681852,12,11,1,12,0,"HB",0.024
"8820",513,"201502.374.1370.4","NMFS",2015,4,30,120,20.02,43.197923,-69.65541,10,10,0,10,0,"HB",0.024
"8821",513,"201502.375.1370.6","NMFS",2015,5,1,121,20.12,42.895018,-69.471602,2,2,0,2,0,"HB",0.024
"8822",515,"201502.376.1280.5","NMFS",2015,5,1,121,19.95,42.622105,-69.468758,1,1,0,1,0,"HB",0.024
"8823",515,"201502.377.1280.6","NMFS",2015,5,1,121,20,42.547463,-69.541418,1,1,0,1,0,"HB",0.024
"8824",515,"201502.378.1280.2","NMFS",2015,5,1,121,20.03,42.656563,-69.366098,3,3,0,3,0,"HB",0.024
"8825",515,"201502.379.1370.5","NMFS",2015,5,1,121,20.02,42.671225,-69.06752,0,0,0,0,0,"HB",0.024
"8826",515,"201502.380.1370.1","NMFS",2015,5,1,121,20.03,42.687307,-68.959365,1,1,0,1,0,"HB",0.024
"8827",515,"201502.381.1370.7","NMFS",2015,5,1,121,20,42.859517,-68.959348,4,3,1,4,0,"HB",0.024
"8828",515,"201502.382.1370.2","NMFS",2015,5,1,121,20.02,43.104908,-68.95432,11,10,1,11,0,"HB",0.024
"8829",513,"201502.383.1380.4","NMFS",2015,5,2,122,19.95,43.30017,-69.254843,7,7,0,7,0,"HB",0.024
"8830",515,"201502.384.1370.3","NMFS",2015,5,2,122,19.98,43.236133,-68.900298,9,7,2,9,0,"HB",0.024
"8831",512,"201502.386.1380.7","NMFS",2015,5,2,122,20.03,43.61522,-68.651138,26,17,9,26,0,"HB",0.024
"8832",512,"201502.387.1380.5","NMFS",2015,5,2,122,20.03,43.456915,-68.450793,20,18,2,20,0,"HB",0.024
"8833",512,"201502.388.1380.2","NMFS",2015,5,2,122,19.98,43.51261,-68.26201,20,18,2,20,0,"HB",0.024
"8834",515,"201502.389.1360.3","NMFS",2015,5,2,122,19.98,43.259613,-68.127138,1,1,0,1,0,"HB",0.024
"8835",515,"201502.390.1360.2","NMFS",2015,5,2,122,20.02,43.294603,-67.877883,9,9,0,9,0,"HB",0.024
"8836",515,"201502.391.1360.5","NMFS",2015,5,2,122,20.02,43.27556,-67.814122,2,2,0,2,0,"HB",0.024
"8837",515,"201502.392.1360.7","NMFS",2015,5,2,122,20,43.169473,-67.863058,3,3,0,3,0,"HB",0.024
"8838",515,"201502.393.1360.4","NMFS",2015,5,3,123,20.02,42.88433,-67.804128,0,0,0,0,0,"HB",0.024
"8839",515,"201502.395.1360.13","NMFS",2015,5,3,123,20.03,43.044638,-67.776758,2,2,0,2,0,"HB",0.024
"8840",465,"201502.396.1360.8","NMFS",2015,5,3,123,20.02,43.361515,-67.413767,7,6,1,7,0,"HB",0.024
"8841",465,"201502.397.1360.9","NMFS",2015,5,3,123,19.78,43.185083,-67.094673,13,9,4,13,0,"HB",0.024
"8842",465,"201502.398.1340.1","NMFS",2015,5,3,123,20,43.08721,-67.014548,1,0,1,1,0,"HB",0.024
"8843",465,"201502.399.1340.7","NMFS",2015,5,3,123,20.05,43.246548,-66.711765,16,6,10,16,0,"HB",0.024
"8844",465,"201502.400.1340.5","NMFS",2015,5,3,123,20.08,43.50725,-66.663577,7,5,2,7,0,"HB",0.024
"8845",465,"201502.401.1340.3","NMFS",2015,5,4,124,20,43.575243,-67.049288,1,1,0,1,0,"HB",0.024
"8846",465,"201502.403.1340.9","NMFS",2015,5,4,124,20.02,43.792232,-67.126752,2,1,1,2,0,"HB",0.024
"8847",511,"201502.404.1340.10","NMFS",2015,5,4,124,19.98,43.871885,-67.271583,7,7,0,7,0,"HB",0.024
"8848",511,"201502.406.1351.2","NMFS",2015,5,4,124,20,44.18995,-67.187287,3,1,2,3,0,"HB",0.024
"8849",511,"201502.407.1351.3","NMFS",2015,5,4,124,20,44.24464,-67.23997,33,30,3,33,0,"HB",0.024
"8850",467,"201502.408.1351.4","NMFS",2015,5,4,124,20.02,44.347732,-66.957715,74,37,37,73,1,"HB",0.024
"8851",467,"201502.409.1351.1","NMFS",2015,5,4,124,20.03,44.365333,-66.880562,114,54,60,108,6,"HB",0.024
"8852",511,"201502.410.1390.7","NMFS",2015,5,4,124,20.02,44.271335,-67.648513,30,12,18,30,0,"HB",0.024
"8853",512,"201502.413.1380.9","NMFS",2015,5,5,125,20,43.851967,-68.177232,44,37,7,44,0,"HB",0.024
"8854",512,"201502.414.1390.6","NMFS",2015,5,5,125,20.02,43.998437,-68.455058,538,230,308,436,102,"HB",0.024
"8855",512,"201502.415.1390.8","NMFS",2015,5,5,125,20.05,43.870295,-68.706468,622,309,313,361,261,"HB",0.024
"8856",512,"201502.416.1390.3","NMFS",2015,5,5,125,20.03,43.801557,-69.075118,689,316,373,402,287,"HB",0.024
"8857",513,"201502.417.1380.3","NMFS",2015,5,5,125,20.02,43.625897,-69.073325,53,32,21,51,2,"HB",0.024
"8858",513,"201502.418.1400.1","NMFS",2015,5,6,126,19.98,43.51614,-69.954325,72,44,28,62,10,"HB",0.024
"8859",513,"201502.420.1400.4","NMFS",2015,5,6,126,20.02,43.007855,-70.396715,30,12,18,30,0,"HB",0.024
"8860",513,"201502.421.1270.2","NMFS",2015,5,6,126,19.98,42.972602,-70.245495,13,7,6,12,1,"HB",0.024
"8861",513,"201502.422.1270.4","NMFS",2015,5,6,126,20,42.903195,-70.229708,30,27,3,30,0,"HB",0.024
"8862",513,"201502.423.1260.2","NMFS",2015,5,6,126,20.02,43.032838,-70.038975,27,26,1,27,0,"HB",0.024
"8863",513,"201502.424.1270.5","NMFS",2015,5,6,126,20.02,42.993015,-69.969592,4,3,1,4,0,"HB",0.024
"8864",513,"201502.425.1270.3","NMFS",2015,5,6,126,20.03,42.860287,-70.087718,14,12,2,14,0,"HB",0.024
"8865",514,"201502.426.1280.7","NMFS",2015,5,7,127,20.02,42.564768,-69.875898,2,2,0,2,0,"HB",0.024
"8866",526,"201602.194.1100.5","NMFS",2016,5,11,132,20.02,40.210738,-69.817932,0,0,0,0,0,"HB",0.024
"8867",526,"201602.196.1100.6","NMFS",2016,5,11,132,20.06,40.123828,-69.658112,0,0,0,0,0,"HB",0.024
"8868",526,"201602.199.1120.6","NMFS",2016,5,11,132,20.01,40.006167,-69.214105,2,0,2,2,0,"HB",0.024
"8869",526,"201602.200.1110.3","NMFS",2016,5,11,132,20.01,40.050487,-69.206987,0,0,0,0,0,"HB",0.024
"8870",526,"201602.201.1100.9","NMFS",2016,5,11,132,20.02,40.269943,-69.625065,0,0,0,0,0,"HB",0.024
"8871",526,"201602.202.1100.2","NMFS",2016,5,11,132,20,40.572737,-69.704955,0,0,0,0,0,"HB",0.024
"8872",526,"201602.203.1090.2","NMFS",2016,5,11,132,20.05,40.715532,-69.584738,0,0,0,0,0,"HB",0.024
"8873",526,"201602.204.1100.11","NMFS",2016,5,12,133,18.3,40.518703,-69.280942,0,0,0,0,0,"HB",0.024
"8874",526,"201602.205.1100.7","NMFS",2016,5,12,133,20.01,40.663382,-69.20448,0,0,0,0,0,"HB",0.024
"8875",526,"201602.206.1100.4","NMFS",2016,5,12,133,20,40.961917,-69.136668,0,0,0,0,0,"HB",0.024
"8876",521,"201602.207.1250.4","NMFS",2016,5,12,133,20.04,41.044057,-69.294252,0,0,0,0,0,"HB",0.024
"8877",521,"201602.209.1250.1","NMFS",2016,5,12,133,19.37,41.176277,-69.373225,0,0,0,0,0,"HB",0.024
"8878",521,"201602.210.1230.3","NMFS",2016,5,12,133,20.04,41.247788,-69.300835,3,2,1,3,0,"HB",0.024
"8879",521,"201602.211.1250.2","NMFS",2016,5,12,133,20,41.553682,-69.716192,0,0,0,0,0,"HB",0.024
"8880",521,"201602.212.3560.1","NMFS",2016,5,12,133,20,41.83078,-69.914752,3,3,0,3,0,"HB",0.024
"8881",521,"201602.213.3560.3","NMFS",2016,5,12,133,16.63,41.899,-69.9305,9,5,4,8,1,"HB",0.024
"8882",514,"201602.215.1280.1","NMFS",2016,5,17,138,20,42.53979,-69.746678,1,1,0,1,0,"HB",0.024
"8883",515,"201602.216.1280.6","NMFS",2016,5,18,139,20.02,42.407907,-69.660602,0,0,0,0,0,"HB",0.024
"8884",521,"201602.217.1240.5","NMFS",2016,5,18,139,20.04,42.219625,-69.02814,0,0,0,0,0,"HB",0.024
"8885",521,"201602.218.1280.7","NMFS",2016,5,18,139,20.02,42.319358,-68.928638,1,1,0,1,0,"HB",0.024
"8886",515,"201602.219.1280.5","NMFS",2016,5,18,139,20.01,42.516385,-68.625202,0,0,0,0,0,"HB",0.024
"8887",522,"201602.220.1240.2","NMFS",2016,5,18,139,20.02,42.249985,-68.667733,0,0,0,0,0,"HB",0.024
"8888",522,"201602.221.1240.4","NMFS",2016,5,18,139,20.01,42.188523,-68.731855,0,0,0,0,0,"HB",0.024
"8889",521,"201602.222.1240.1","NMFS",2016,5,18,139,20,42.200973,-68.93709,0,0,0,0,0,"HB",0.024
"8890",521,"201602.223.1240.3","NMFS",2016,5,18,139,20.02,42.0105,-68.995992,2,2,0,2,0,"HB",0.024
"8891",522,"201602.224.1240.8","NMFS",2016,5,19,140,20,41.82983,-68.712743,0,0,0,0,0,"HB",0.024
"8892",522,"201602.225.1240.7","NMFS",2016,5,19,140,20.03,41.470363,-68.7102,2,0,2,2,0,"HB",0.024
"8893",522,"201602.226.1230.1","NMFS",2016,5,19,140,20.02,41.344172,-68.728075,1,1,0,1,0,"HB",0.024
"8894",522,"201602.227.1230.4","NMFS",2016,5,19,140,20.02,41.4738,-68.575985,0,0,0,0,0,"HB",0.024
"8895",522,"201602.228.1230.2","NMFS",2016,5,19,140,20,41.455977,-68.365242,1,1,0,1,0,"HB",0.024
"8896",525,"201602.229.1190.4","NMFS",2016,5,19,140,20.19,41.152063,-68.326468,0,0,0,0,0,"HB",0.024
"8897",522,"201602.230.1200.1","NMFS",2016,5,19,140,20.01,41.108062,-68.589873,3,3,0,1,2,"HB",0.024
"8898",525,"201602.232.1190.5","NMFS",2016,5,19,140,20.01,40.983555,-68.142413,0,0,0,0,0,"HB",0.024
"8899",525,"201602.233.1130.2","NMFS",2016,5,20,141,20.03,40.788575,-67.889958,0,0,0,0,0,"HB",0.024
"8900",525,"201602.234.1130.11","NMFS",2016,5,20,141,20.02,40.728007,-67.794328,0,0,0,0,0,"HB",0.024
"8901",525,"201602.235.1130.4","NMFS",2016,5,20,141,20,40.572737,-67.882525,1,1,0,1,0,"HB",0.024
"8902",525,"201602.236.1130.3","NMFS",2016,5,20,141,20.02,40.52741,-68.084373,0,0,0,0,0,"HB",0.024
"8903",525,"201602.237.1130.5","NMFS",2016,5,20,141,20.02,40.55495,-68.300842,0,0,0,0,0,"HB",0.024
"8904",525,"201602.238.1130.6","NMFS",2016,5,20,141,20,40.604833,-68.411167,1,1,0,1,0,"HB",0.024
"8905",525,"201602.239.1130.8","NMFS",2016,5,20,141,20.02,40.57575,-68.552405,0,0,0,0,0,"HB",0.024
"8906",525,"201602.240.1140.3","NMFS",2016,5,20,141,19.96,40.328833,-68.378833,0,0,0,0,0,"HB",0.024
"8907",525,"201602.241.1150.3","NMFS",2016,5,20,141,20,40.290507,-67.993623,1,0,1,1,0,"HB",0.024
"8908",525,"201602.242.1140.2","NMFS",2016,5,20,141,20,40.373138,-67.745358,0,0,0,0,0,"HB",0.024
"8909",525,"201602.243.1150.1","NMFS",2016,5,20,141,19.79,40.463833,-67.694333,9,8,1,9,0,"HB",0.024
"8910",525,"201602.244.1140.1","NMFS",2016,5,21,142,20.02,40.45968,-67.607978,2,2,0,2,0,"HB",0.024
"8911",525,"201602.245.1130.10","NMFS",2016,5,21,142,20.01,40.99568,-67.445927,0,0,0,0,0,"HB",0.024
"8912",525,"201602.246.1130.1","NMFS",2016,5,21,142,20,41.038917,-67.566845,0,0,0,0,0,"HB",0.024
"8913",562,"201602.247.1190.7","NMFS",2016,5,21,142,20,41.200138,-67.433892,0,0,0,0,0,"HB",0.024
"8914",562,"201602.248.1190.10","NMFS",2016,5,21,142,20,41.424782,-67.593815,1,1,0,1,0,"HB",0.024
"8915",522,"201602.249.1190.6","NMFS",2016,5,21,142,20.01,41.52901,-67.726903,0,0,0,0,0,"HB",0.024
"8916",522,"201602.251.1200.5","NMFS",2016,5,21,142,19.99,41.738478,-67.834863,0,0,0,0,0,"HB",0.024
"8917",522,"201602.252.1200.4","NMFS",2016,5,21,142,20,41.797105,-68.057505,0,0,0,0,0,"HB",0.024
"8918",522,"201602.254.1210.4","NMFS",2016,5,21,142,20.01,41.831825,-68.023255,0,0,0,0,0,"HB",0.024
"8919",522,"201602.255.1220.1","NMFS",2016,5,21,142,20.01,41.94666,-68.125827,1,1,0,1,0,"HB",0.024
"8920",522,"201602.256.1240.6","NMFS",2016,5,22,143,20.01,42.21398,-68.357785,0,0,0,0,0,"HB",0.024
"8921",515,"201602.257.1290.6","NMFS",2016,5,22,143,20.01,42.341432,-67.971117,1,1,0,1,0,"HB",0.024
"8922",515,"201602.258.1290.3","NMFS",2016,5,22,143,20.02,42.455977,-68.254677,0,0,0,0,0,"HB",0.024
"8923",515,"201602.259.1360.12","NMFS",2016,5,22,143,20.02,42.915947,-68.102672,1,1,0,1,0,"HB",0.024
"8924",515,"201602.260.1360.9","NMFS",2016,5,22,143,20.02,43.185935,-68.188067,8,8,0,8,0,"HB",0.024
"8925",515,"201602.261.1360.11","NMFS",2016,5,22,143,20.02,43.24138,-68.283565,0,0,0,0,0,"HB",0.024
"8926",512,"201602.262.1360.10","NMFS",2016,5,22,143,20.02,43.521968,-68.010998,6,6,0,6,0,"HB",0.024
"8927",512,"201602.263.1360.6","NMFS",2016,5,22,143,20.01,43.593143,-67.962192,20,16,4,19,1,"HB",0.024
"8928",465,"201602.264.1360.2","NMFS",2016,5,23,144,20.02,43.457803,-67.391648,44,41,3,44,0,"HB",0.024
"8929",465,"201602.265.1360.7","NMFS",2016,5,23,144,20.01,43.351217,-67.421497,11,11,0,11,0,"HB",0.024
"8930",515,"201602.266.1360.5","NMFS",2016,5,23,144,20.02,42.973892,-67.75449,1,1,0,1,0,"HB",0.024
"8931",515,"201602.267.1360.1","NMFS",2016,5,23,144,20.01,42.875092,-67.675755,6,6,0,6,0,"HB",0.024
"8932",464,"201602.268.1290.9","NMFS",2016,5,23,144,20.01,42.712473,-67.658208,4,3,1,4,0,"HB",0.024
"8933",464,"201602.269.1290.2","NMFS",2016,5,23,144,20,42.406833,-67.5705,7,7,0,7,0,"HB",0.024
"8934",561,"201602.270.1220.4","NMFS",2016,5,23,144,20.07,42.160473,-67.287837,13,10,3,10,3,"HB",0.024
"8935",561,"201602.271.1210.2","NMFS",2016,5,23,144,20.02,42.16084,-67.217933,11,11,0,11,0,"HB",0.024
"8936",561,"201602.272.1200.6","NMFS",2016,5,24,145,20.01,42.037342,-67.423228,0,0,0,0,0,"HB",0.024
"8937",522,"201602.273.1200.2","NMFS",2016,5,24,145,20.04,41.950747,-67.702052,17,6,11,17,0,"HB",0.024
"8938",522,"201602.275.1200.3","NMFS",2016,5,24,145,20.04,41.7875,-67.752833,0,0,0,0,0,"HB",0.024
"8939",562,"201602.276.1190.1","NMFS",2016,5,24,145,20.01,41.560573,-67.298947,1,1,0,1,0,"HB",0.024
"8940",562,"201602.277.1190.8","NMFS",2016,5,24,145,19.99,41.456617,-67.398315,0,0,0,0,0,"HB",0.024
"8941",562,"201602.278.1190.2","NMFS",2016,5,24,145,20.02,41.516292,-67.249732,0,0,0,0,0,"HB",0.024
"8942",562,"201602.280.1190.12","NMFS",2016,5,24,145,19.99,41.487798,-67.117715,0,0,0,0,0,"HB",0.024
"8943",562,"201602.281.1160.3","NMFS",2016,5,24,145,20.05,41.6006,-66.955115,0,0,0,0,0,"HB",0.024
"8944",562,"201602.282.1160.6","NMFS",2016,5,24,145,20.04,41.53916,-66.84603,0,0,0,0,0,"HB",0.024
"8945",562,"201602.283.1160.2","NMFS",2016,5,24,145,20,41.483007,-66.63622,0,0,0,0,0,"HB",0.024
"8946",562,"201602.284.1160.7","NMFS",2016,5,25,146,20.01,41.403305,-66.579577,1,1,0,1,0,"HB",0.024
"8947",562,"201602.285.1160.12","NMFS",2016,5,25,146,20.03,41.206187,-67.089637,1,1,0,1,0,"HB",0.024
"8948",525,"201602.286.1130.9","NMFS",2016,5,25,146,20.02,41.07062,-67.196422,0,0,0,0,0,"HB",0.024
"8949",562,"201602.287.1160.9","NMFS",2016,5,25,146,20.01,41.097137,-67.012972,0,0,0,0,0,"HB",0.024
"8950",562,"201602.288.1160.4","NMFS",2016,5,25,146,20.02,41.037468,-66.922912,0,0,0,0,0,"HB",0.024
"8951",562,"201602.289.1180.3","NMFS",2016,5,25,146,20.05,40.902938,-66.56318,63,53,10,63,0,"HB",0.024
"8952",562,"201602.292.1180.6","NMFS",2016,5,25,146,19.53,40.996928,-66.440747,47,41,6,47,0,"HB",0.024
"8953",562,"201602.293.1170.2","NMFS",2016,5,25,146,20,41.037765,-66.473705,1,1,0,1,0,"HB",0.024
"8954",562,"201602.294.1160.10","NMFS",2016,5,25,146,20.03,41.204733,-66.440177,4,4,0,4,0,"HB",0.024
"8955",562,"201602.295.1170.4","NMFS",2016,5,25,146,20,41.16315,-66.364662,2,2,0,2,0,"HB",0.024
"8956",552,"201602.296.1170.1","NMFS",2016,5,26,147,20.02,41.194047,-66.310667,3,3,0,3,0,"HB",0.024
"8957",552,"201602.297.1160.13","NMFS",2016,5,26,147,20.03,41.372743,-66.302155,8,8,0,8,0,"HB",0.024
"8958",552,"201602.298.1170.3","NMFS",2016,5,26,147,20.01,41.461893,-66.11386,7,6,1,7,0,"HB",0.024
"8959",552,"201602.299.1160.14","NMFS",2016,5,26,147,20.01,41.584243,-66.218265,2,2,0,2,0,"HB",0.024
"8960",552,"201602.300.1160.5","NMFS",2016,5,26,147,20.01,41.560235,-66.438027,0,0,0,0,0,"HB",0.024
"8961",552,"201602.301.1160.11","NMFS",2016,5,26,147,20.01,41.585837,-66.504368,0,0,0,0,0,"HB",0.024
"8962",552,"201602.302.1160.8","NMFS",2016,5,26,147,20.01,41.82511,-66.412938,12,7,5,12,0,"HB",0.024
"8963",551,"201602.303.1160.1","NMFS",2016,5,26,147,20,41.935737,-66.12194,1,1,0,1,0,"HB",0.024
"8964",551,"201602.304.1180.2","NMFS",2016,5,26,147,20,42.064973,-65.959108,22,20,2,22,0,"HB",0.024
"8965",551,"201602.305.1180.1","NMFS",2016,5,26,147,20.02,41.94322,-65.735798,11,9,2,11,0,"HB",0.024
"8966",464,"201602.306.1290.7","NMFS",2016,5,26,147,20.05,42.076273,-65.747658,18,15,3,18,0,"HB",0.024
"8967",464,"201602.307.1290.10","NMFS",2016,5,26,147,20,42.189517,-65.643883,36,35,1,36,0,"HB",0.024
"8968",551,"201602.308.1220.2","NMFS",2016,5,27,148,20.02,42.15636,-66.143848,16,13,3,16,0,"HB",0.024
"8969",551,"201602.309.1210.1","NMFS",2016,5,27,148,20.03,42.13055,-66.263197,39,25,14,39,0,"HB",0.024
"8970",464,"201602.310.1290.4","NMFS",2016,5,27,148,20.01,42.433845,-66.431892,12,11,1,12,0,"HB",0.024
"8971",464,"201602.311.1290.8","NMFS",2016,5,27,148,20.01,42.565133,-66.469265,7,5,2,7,0,"HB",0.024
"8972",464,"201602.312.1300.2","NMFS",2016,5,27,148,20,42.475828,-66.833897,27,26,1,27,0,"HB",0.024
"8973",551,"201602.313.1300.1","NMFS",2016,5,27,148,20.02,42.30864,-66.632327,21,19,2,21,0,"HB",0.024
"8974",551,"201602.315.1220.3","NMFS",2016,5,27,148,20.02,42.200192,-66.795607,39,36,3,39,0,"HB",0.024
"8975",551,"201602.316.1210.3","NMFS",2016,5,27,148,20.02,42.153575,-66.89895,22,16,6,22,0,"HB",0.024
"8976",464,"201602.317.1300.3","NMFS",2016,5,28,149,20.01,42.40475,-67.075695,32,28,4,31,1,"HB",0.024
"8977",464,"201602.318.1290.1","NMFS",2016,5,28,149,20.03,42.692777,-66.992888,6,5,1,6,0,"HB",0.024
"8978",464,"201602.319.1290.5","NMFS",2016,5,28,149,20.02,42.72191,-67.072292,5,2,3,5,0,"HB",0.024
"8979",464,"201602.320.1360.3","NMFS",2016,5,28,149,20,42.862412,-67.025277,6,4,2,6,0,"HB",0.024
"8980",465,"201602.322.1340.6","NMFS",2016,5,28,149,20.02,43.313905,-66.857558,2,2,0,2,0,"HB",0.024
"8981",465,"201602.323.1340.8","NMFS",2016,5,28,149,20.01,43.410598,-66.7337,12,8,4,11,1,"HB",0.024
"8982",465,"201602.324.1340.2","NMFS",2016,5,28,149,20.01,43.46859,-66.738755,5,3,2,5,0,"HB",0.024
"8983",465,"201602.325.1340.3","NMFS",2016,5,29,150,20.01,43.678827,-67.073273,9,7,2,9,0,"HB",0.024
"8984",465,"201602.326.1340.1","NMFS",2016,5,29,150,19.98,43.645513,-67.225498,5,2,3,5,0,"HB",0.024
"8985",511,"201602.327.1340.5","NMFS",2016,5,29,150,20.04,44.032918,-67.186977,6,5,1,6,0,"HB",0.024
"8986",466,"201602.328.1340.4","NMFS",2016,5,29,150,20.02,44.016553,-66.677518,33,16,17,31,2,"HB",0.024
"8987",466,"201602.329.1351.4","NMFS",2016,5,29,150,20.03,44.303668,-66.824655,17,12,5,17,0,"HB",0.024
"8988",511,"201602.330.1351.3","NMFS",2016,5,29,150,20.02,44.265883,-66.863927,13,10,3,13,0,"HB",0.024
"8989",511,"201602.331.1351.2","NMFS",2016,5,29,150,20,44.21005,-67.075933,16,10,6,16,0,"HB",0.024
"8990",511,"201602.332.1351.1","NMFS",2016,5,29,150,20.01,44.27427,-67.072733,17,12,5,17,0,"HB",0.024
"8991",511,"201602.333.1390.6","NMFS",2016,5,29,150,19.99,44.431068,-67.470305,269,185,84,231,38,"HB",0.024
"8992",511,"201602.334.1390.1","NMFS",2016,5,30,151,20.02,44.242183,-67.75128,97,62,35,96,1,"HB",0.024
"8993",512,"201602.335.1390.4","NMFS",2016,5,30,151,20.11,44.123795,-67.913198,300,154,146,276,24,"HB",0.024
"8994",512,"201602.336.1380.4","NMFS",2016,5,30,151,20.01,44.022145,-67.926722,70,49,21,70,0,"HB",0.024
"8995",512,"201602.337.1360.4","NMFS",2016,5,30,151,20.04,43.861178,-67.907732,5,2,3,5,0,"HB",0.024
"8996",512,"201602.338.1360.8","NMFS",2016,5,30,151,20.09,43.798202,-67.805445,6,2,4,6,0,"HB",0.024
"8997",512,"201602.339.1390.3","NMFS",2016,5,30,151,19.95,43.988583,-68.219142,164,100,64,159,5,"HB",0.024
"8998",512,"201602.341.1390.2","NMFS",2016,5,30,151,20.02,43.77414,-68.744485,190,105,85,114,76,"HB",0.024
"8999",513,"201602.342.1380.2","NMFS",2016,5,31,152,20.01,43.64294,-69.22309,38,23,15,38,0,"HB",0.024
"9000",513,"201602.343.1380.3","NMFS",2016,5,31,152,20.06,43.65826,-69.39428,88,44,44,77,11,"HB",0.024
"9001",513,"201602.344.1380.5","NMFS",2016,5,31,152,20.11,43.533802,-69.764548,29,17,12,28,1,"HB",0.024
"9002",513,"201602.345.1400.1","NMFS",2016,5,31,152,20.02,43.593987,-69.839178,74,46,28,49,25,"HB",0.024
"9003",513,"201602.346.1400.3","NMFS",2016,5,31,152,20,43.505102,-69.943557,23,14,9,20,3,"HB",0.024
"9004",513,"201602.347.1380.7","NMFS",2016,5,31,152,20.02,43.38472,-69.588537,6,5,1,6,0,"HB",0.024
"9005",513,"201602.348.1370.5","NMFS",2016,5,31,152,19.99,43.249358,-69.252102,6,5,1,6,0,"HB",0.024
"9006",513,"201602.349.1380.8","NMFS",2016,6,1,153,20,43.42388,-69.055923,8,7,1,8,0,"HB",0.024
"9007",513,"201602.350.1380.6","NMFS",2016,6,1,153,20.01,43.500167,-69.041333,8,7,1,8,0,"HB",0.024
"9008",512,"201602.351.1380.1","NMFS",2016,6,1,153,19.99,43.392167,-68.785643,57,47,10,45,12,"HB",0.024
"9009",515,"201602.352.1370.3","NMFS",2016,6,1,153,20.06,43.000343,-68.751578,1,1,0,1,0,"HB",0.024
"9010",515,"201602.353.1370.1","NMFS",2016,6,1,153,19.99,42.870612,-68.785555,9,9,0,9,0,"HB",0.024
"9011",515,"201602.354.1370.2","NMFS",2016,6,1,153,20.01,42.661297,-68.99073,0,0,0,0,0,"HB",0.024
"9012",515,"201602.355.1370.6","NMFS",2016,6,1,153,19.99,42.756918,-69.060355,1,1,0,1,0,"HB",0.024
"9013",515,"201602.356.1370.4","NMFS",2016,6,1,153,20.03,42.758172,-69.304292,4,3,1,4,0,"HB",0.024
"9014",515,"201602.357.1280.3","NMFS",2016,6,1,153,20.03,42.740193,-69.567835,3,3,0,3,0,"HB",0.024
"9015",513,"201602.358.1370.7","NMFS",2016,6,2,154,20,42.93534,-69.656998,4,3,1,4,0,"HB",0.024
"9016",513,"201602.359.1280.2","NMFS",2016,6,2,154,19.99,43.042578,-69.92941,1,1,0,1,0,"HB",0.024
"9017",513,"201602.360.1270.3","NMFS",2016,6,2,154,20.21,43.051028,-70.124303,6,5,1,6,0,"HB",0.024
"9018",513,"201602.361.1260.5","NMFS",2016,6,2,154,20.05,42.927492,-70.061132,43,43,0,43,0,"HB",0.024
"9019",513,"201602.362.1270.1","NMFS",2016,6,2,154,20.05,42.931217,-69.999307,8,8,0,8,0,"HB",0.024
"9020",513,"201602.363.1280.4","NMFS",2016,6,2,154,20.05,42.837023,-69.940677,0,0,0,0,0,"HB",0.024
"9021",514,"201602.364.1260.6","NMFS",2016,6,2,154,19.93,42.719592,-70.31562,7,6,1,7,0,"HB",0.024
"9022",514,"201602.366.1260.4","NMFS",2016,6,2,154,19.99,42.814698,-70.32994,4,4,0,4,0,"HB",0.024
"9023",513,"201602.367.1270.2","NMFS",2016,6,2,154,19.98,42.955965,-70.374325,13,6,7,13,0,"HB",0.024
"9024",513,"201602.368.1400.2","NMFS",2016,6,2,154,20.07,43.048982,-70.480865,72,38,34,64,8,"HB",0.024
"9025",514,"201602.369.3640.3","NMFS",2016,6,2,154,20,42.831745,-70.7431,76,50,26,68,8,"HB",0.024
"9026",514,"201602.370.3650.1","NMFS",2016,6,3,155,19.96,42.720712,-70.610947,90,44,46,71,19,"HB",0.024
"9027",514,"201602.371.3660.2","NMFS",2016,6,3,155,20.01,42.613775,-70.488542,79,24,55,66,13,"HB",0.024
"9028",514,"201602.372.3660.3","NMFS",2016,6,3,155,20.02,42.52729,-70.621782,90,49,41,71,19,"HB",0.024
"9029",514,"201602.373.3660.1","NMFS",2016,6,3,155,20.01,42.513205,-70.700155,57,34,23,41,16,"HB",0.024
"9030",514,"201602.374.3640.1","NMFS",2016,6,3,155,20.04,42.548073,-70.721717,205,118,87,170,35,"HB",0.024
"9031",514,"201602.375.3640.2","NMFS",2016,6,3,155,19.96,42.397235,-70.85724,227,129,98,163,64,"HB",0.024
"9032",514,"201602.376.1260.1","NMFS",2016,6,3,155,20,42.371783,-70.453733,11,6,5,11,0,"HB",0.024
"9033",514,"201602.377.1260.3","NMFS",2016,6,3,155,20,42.457402,-70.309137,16,14,2,16,0,"HB",0.024
"9034",514,"201602.378.1260.2","NMFS",2016,6,3,155,18.14,42.300922,-70.293657,26,19,7,26,0,"HB",0.024
"9035",514,"201602.379.3610.3","NMFS",2016,6,3,155,20.05,42.119162,-70.073157,6,6,0,6,0,"HB",0.024
"9036",521,"201602.381.1230.6","NMFS",2016,6,4,156,19.99,41.994377,-69.87789,23,21,2,23,0,"HB",0.024
"9037",521,"201602.383.1250.7","NMFS",2016,6,4,156,20.02,41.980382,-69.895248,20,16,4,19,1,"HB",0.024
"9038",521,"201602.384.1270.4","NMFS",2016,6,4,156,20.07,42.096685,-69.810878,14,13,1,14,0,"HB",0.024
"9039",521,"201602.385.1270.5","NMFS",2016,6,4,156,20.04,42.154767,-69.95828,6,5,1,6,0,"HB",0.024
"9040",514,"201602.386.3610.1","NMFS",2016,6,4,156,18.93,41.983313,-70.325002,14,5,9,13,1,"HB",0.024
"9041",514,"201602.387.3600.1","NMFS",2016,6,4,156,19.98,41.962815,-70.306165,17,7,10,15,2,"HB",0.024
"9042",514,"201602.388.3590.1","NMFS",2016,6,4,156,20,41.810555,-70.278652,43,18,25,36,7,"HB",0.024
"9043",514,"201602.389.3590.2","NMFS",2016,6,4,156,20.01,41.897265,-70.469625,61,27,34,47,14,"HB",0.024
"9044",514,"201602.392.3600.3","NMFS",2016,6,4,156,20.19,41.937343,-70.443128,83,27,56,72,11,"HB",0.024
"9045",514,"201602.393.3590.3","NMFS",2016,6,5,157,20.01,42.036503,-70.56089,71,44,27,53,18,"HB",0.024
"9046",514,"201602.394.3600.2","NMFS",2016,6,5,157,20,42.115523,-70.517817,52,37,15,49,3,"HB",0.024
"9047",514,"201602.395.3650.3","NMFS",2016,6,7,159,20.03,42.258397,-70.602318,24,13,11,21,3,"HB",0.024
"9048",514,"201602.396.3650.2","NMFS",2016,6,7,159,20.01,42.184972,-70.569113,38,19,19,34,4,"HB",0.024
"9049",514,"201602.397.3610.2","NMFS",2016,6,7,159,20.03,42.169142,-70.499632,87,47,40,75,12,"HB",0.024
